00010020101110010010020003002011021001211120030101201102112102030302220
00010020101110010010020003002011021001211120030101201102112102030302221220130
0001002010111001001002000300201102100121112003010120110211210203030222122013131120
000100201011100100100200030020110210012111200301012011021121020303022212201313112131
000100201011100100100200030020110210012111200301012011021121020303022212201313112132130020301022111
000100201011100100100200030020110210012111200301012011021121020303022212201313112132130020301022112230
000100201011100100100200030020110210012111200301012011021121020303022212201313112132130020301022112231
000100201011100100100200030020110210012111200301012011021121020303022212201313112132130020301022112232310
000100201011100100100200030020110210012111200301012011021121020303022212201313112132130020301022112232311
000100201011100100100200030020110210012111200301012011021121020303022212201313112132130020301022112232312320
000100201011100100100200030020110210012111200301012011021121020303022212201313112132130020301022112232312321
000100201011100100100200030020110210012111200301012011021121020303022212201313112132130020301022112232312322
000100201011100100100200030020110210012111200301012011021121020303022212201313112132130020301022112232312323302122
00010020101110010010020003002011021001211120030101201102112102030302221220131311213213002030102211223231232330212312
00010020101110010010020003002011021001211120030101201102112102030302221220131311213213002030102211223231232330212313220213113332
00010020101110010010020003002011021001211120030101201102112102030302221220131311213213002030102211223231232330212313220213113333213
0001002010111001001002000300201102100121112003010120110211210203030222122013131121321300203010221122323123233021231322021311333322
0001002010111001001002000300201102100121112003010120110211210203030222122013131121321300203010221122323123233021231322021311333323
00010020101110010010020003002011021001211120030101201102112102030302221220131311213213002030102211223231232330212313220213113333303
000100201011100100100200030020110210012111200301012011021121020303022212201313112132130020301022112232312323302123132202131133333130
000100201011100100100200030020110210012111200301012011021121020303022212201313112132130020301022112232312323302123132202131133333131
0001002010111001001002000300201102100121112003010120110211210203030222122013131121321300203010221122323123233021231322021311333331323
00010020101110010010020003002011021001211120030101201102112102030302221220131311213213002030102211223231232330212313220213113333313322
00010020101110010010020003002011021001211120030101201102112102030302221220131311213213002030102211223231232330212313220213113333313323
0001002010111001001002000300201102100121112003010120110211210203030222122013131121321300203010221122323123233021231322021311333331333
000100201011100100100200030020110210012111200301012011021121020303022212201313112132130020301022112232312323302123132202131133333222
00010020101110010010020003002011021001211120030101201102112102030302221220131311213213002030102211223231232330212313220213113333322312
00010020101110010010020003002011021001211120030101201102112102030302221220131311213213002030102211223231232330212313220213113333322313033
0001002010111001001002000300201102100121112003010120110211210203030222122013131121321300203010221122323123233021231322021311333332231313
000100201011100100100200030020110210012111200301012011021121020303022212201313112132130020301022112232312323302123132202131133333223132331
000100201011100100100200030020110210012111200301012011021121020303022212201313112132130020301022112232312323302123132202131133333223132332
0001002010111001001002000300201102100121112003010120110211210203030222122013131121321300203010221122323123233021231322021311333332231323332
0001002010111001001002000300201102100121112003010120110211210203030222122013131121321300203010221122323123233021231322021311333332231323333
000100201011100100100200030020110210012111200301012011021121020303022212201313112132130020301022112232312323302123132202131133333223133
00010020101110010010020003002011021001211120030101201102112102030302221220131311213213002030102211223231232330212313220213113333323
000100201011100100100200030020110210012111200301012011021121020303022212201313112132130020301022112232312323302123132203
0001002010111001001002000300201102100121112003010120110211210203030222122013131121321300203010221122323123233021231323
000100201011100100100200030020110210012111200301012011021121020303022212201313112132130020301022112232312323303
00010020101110010010020003002011021001211120030101201102112102030302221220131311213213002030103
00010020101110010010020003002011021001211120030101201102112102030302221220131312
00010020101110010010020003002011021001211120030101201102112102030302221220131313
00010020101110010010020003002011021001211120030101201102112102030303
00010020101110010010020003002011021001211120030102
00010020101110010010020003002011021001211120030103
10001100110010010020002012111101200202100130030101201102112102030302220
1000110011001001002000201211110120020210013003010120110211210203030222122013031120
100011001100100100200020121111012002021001300301012011021121020303022212201303112131
100011001100100100200020121111012002021001300301012011021121020303022212201303112132130020301022111
100011001100100100200020121111012002021001300301012011021121020303022212201303112132130020301022112230
100011001100100100200020121111012002021001300301012011021121020303022212201303112132130020301022112231
100011001100100100200020121111012002021001300301012011021121020303022212201303112132130020301022112232310
100011001100100100200020121111012002021001300301012011021121020303022212201303112132130020301022112232311
100011001100100100200020121111012002021001300301012011021121020303022212201303112132130020301022112232312320
100011001100100100200020121111012002021001300301012011021121020303022212201303112132130020301022112232312321
100011001100100100200020121111012002021001300301012011021121020303022212201303112132130020301022112232312322
100011001100100100200020121111012002021001300301012011021121020303022212201303112132130020301022112232312323302122
10001100110010010020002012111101200202100130030101201102112102030302221220130311213213002030102211223231232330212312
10001100110010010020002012111101200202100130030101201102112102030302221220130311213213002030102211223231232330212313220213113331
10001100110010010020002012111101200202100130030101201102112102030302221220130311213213002030102211223231232330212313220213113332
10001100110010010020002012111101200202100130030101201102112102030302221220130311213213002030102211223231232330212313220213113333213
1000110011001001002000201211110120020210013003010120110211210203030222122013031121321300203010221122323123233021231322021311333322
1000110011001001002000201211110120020210013003010120110211210203030222122013031121321300203010221122323123233021231322021311333323
10001100110010010020002012111101200202100130030101201102112102030302221220130311213213002030102211223231232330212313220213113333303
100011001100100100200020121111012002021001300301012011021121020303022212201303112132130020301022112232312323302123132202131133333130
100011001100100100200020121111012002021001300301012011021121020303022212201303112132130020301022112232312323302123132202131133333131
1000110011001001002000201211110120020210013003010120110211210203030222122013031121321300203010221122323123233021231322021311333331323
10001100110010010020002012111101200202100130030101201102112102030302221220130311213213002030102211223231232330212313220213113333313322
10001100110010010020002012111101200202100130030101201102112102030302221220130311213213002030102211223231232330212313220213113333313323
1000110011001001002000201211110120020210013003010120110211210203030222122013031121321300203010221122323123233021231322021311333331333
100011001100100100200020121111012002021001300301012011021121020303022212201303112132130020301022112232312323302123132202131133333222
10001100110010010020002012111101200202100130030101201102112102030302221220130311213213002030102211223231232330212313220213113333322312
10001100110010010020002012111101200202100130030101201102112102030302221220130311213213002030102211223231232330212313220213113333322313033
1000110011001001002000201211110120020210013003010120110211210203030222122013031121321300203010221122323123233021231322021311333332231313
100011001100100100200020121111012002021001300301012011021121020303022212201303112132130020301022112232312323302123132202131133333223132331
100011001100100100200020121111012002021001300301012011021121020303022212201303112132130020301022112232312323302123132202131133333223132332
1000110011001001002000201211110120020210013003010120110211210203030222122013031121321300203010221122323123233021231322021311333332231323332
1000110011001001002000201211110120020210013003010120110211210203030222122013031121321300203010221122323123233021231322021311333332231323333
100011001100100100200020121111012002021001300301012011021121020303022212201303112132130020301022112232312323302123132202131133333223133
10001100110010010020002012111101200202100130030101201102112102030302221220130311213213002030102211223231232330212313220213113333323
100011001100100100200020121111012002021001300301012011021121020303022212201303112132130020301022112232312323302123132203
1000110011001001002000201211110120020210013003010120110211210203030222122013031121321300203010221122323123233021231323
100011001100100100200020121111012002021001300301012011021121020303022212201303112132130020301022112232312323303
10001100110010010020002012111101200202100130030101201102112102030302221220130311213213002030103
10001100110010010020002012111101200202100130030101201102112102030302221220130312
10001100110010010020002012111101200202100130030101201102112102030302221220130313
10001100110010010020002012111101200202100130030101201102112102030303
10001100110010010020002012111101200202100130030102
10001100110010010020002012111101200202100130030103
200010110200000100201011100102100121112002112102030302220
2000101102000001002010111001021001211120021121020303022212201201003011023002030102211131
2000101102000001002010111001021001211120021121020303022212201201003011023002030102211132131030130
200010110200000100201011100102100121112002112102030302221220120100301102300203010221113213103013131120
200010110200000100201011100102100121112002112102030302221220120100301102300203010221113213103013131121
200010110200000100201011100102100121112002112102030302221220120100301102300203010221113213103013131122230
200010110200000100201011100102100121112002112102030302221220120100301102300203010221113213103013131122231
200010110200000100201011100102100121112002112102030302221220120100301102300203010221113213103013131122232320
200010110200000100201011100102100121112002112102030302221220120100301102300203010221113213103013131122232321
200010110200000100201011100102100121112002112102030302221220120100301102300203010221113213103013131122232322
200010110200000100201011100102100121112002112102030302221220120100301102300203010221113213103013131122232323302122
20001011020000010020101110010210012111200211210203030222122012010030110230020301022111321310301313112223232330212312
20001011020000010020101110010210012111200211210203030222122012010030110230020301022111321310301313112223232330212313220211
20001011020000010020101110010210012111200211210203030222122012010030110230020301022111321310301313112223232330212313220212
20001011020000010020101110010210012111200211210203030222122012010030110230020301022111321310301313112223232330212313220213113332
20001011020000010020101110010210012111200211210203030222122012010030110230020301022111321310301313112223232330212313220213113333212
20001011020000010020101110010210012111200211210203030222122012010030110230020301022111321310301313112223232330212313220213113333213
2000101102000001002010111001021001211120021121020303022212201201003011023002030102211132131030131311222323233021231322021311333322
2000101102000001002010111001021001211120021121020303022212201201003011023002030102211132131030131311222323233021231322021311333323
20001011020000010020101110010210012111200211210203030222122012010030110230020301022111321310301313112223232330212313220213113333303
200010110200000100201011100102100121112002112102030302221220120100301102300203010221113213103013131122232323302123132202131133333130
200010110200000100201011100102100121112002112102030302221220120100301102300203010221113213103013131122232323302123132202131133333131
2000101102000001002010111001021001211120021121020303022212201201003011023002030102211132131030131311222323233021231322021311333331323
20001011020000010020101110010210012111200211210203030222122012010030110230020301022111321310301313112223232330212313220213113333313323
2000101102000001002010111001021001211120021121020303022212201201003011023002030102211132131030131311222323233021231322021311333331333
200010110200000100201011100102100121112002112102030302221220120100301102300203010221113213103013131122232323302123132202131133333222
20001011020000010020101110010210012111200211210203030222122012010030110230020301022111321310301313112223232330212313220213113333322312
20001011020000010020101110010210012111200211210203030222122012010030110230020301022111321310301313112223232330212313220213113333322313033
2000101102000001002010111001021001211120021121020303022212201201003011023002030102211132131030131311222323233021231322021311333332231313
200010110200000100201011100102100121112002112102030302221220120100301102300203010221113213103013131122232323302123132202131133333223132331
200010110200000100201011100102100121112002112102030302221220120100301102300203010221113213103013131122232323302123132202131133333223132332
2000101102000001002010111001021001211120021121020303022212201201003011023002030102211132131030131311222323233021231322021311333332231323332
2000101102000001002010111001021001211120021121020303022212201201003011023002030102211132131030131311222323233021231322021311333332231323333
200010110200000100201011100102100121112002112102030302221220120100301102300203010221113213103013131122232323302123132202131133333223133
20001011020000010020101110010210012111200211210203030222122012010030110230020301022111321310301313112223232330212313220213113333323
200010110200000100201011100102100121112002112102030302221220120100301102300203010221113213103013131122232323302123132203
2000101102000001002010111001021001211120021121020303022212201201003011023002030102211132131030131311222323233021231323
200010110200000100201011100102100121112002112102030302221220120100301102300203010221113213103013131122232323303
2000101102000001002010111001021001211120021121020303022212201201003011023002030102211132131030131312
2000101102000001002010111001021001211120021121020303022212201201003011023002030102211132131030131313
20001011020000010020101110010210012111200211210203030222122012010030110230020301022111321310302
20001011020000010020101110010210012111200211210203030222122012010030110230020301022111321310303
2000101102000001002010111001021001211120021121020303022212201201003011023002030103
200010110200000100201011100102100121112002112102030303
300000100201011100100100201002011021001211120031101201102112102030302220
3000001002010111001001002010020110210012111200311012011021121020303022212202211131
300000100201011100100100201002011021001211120031101201102112102030302221220221113213002030122230
300000100201011100100100201002011021001211120031101201102112102030302221220221113213002030122231
30000010020101110010010020100201102100121112003110120110211210203030222122022111321300203012223231030130
3000001002010111001001002010020110210012111200311012011021121020303022212202211132130020301222323103013131120
3000001002010111001001002010020110210012111200311012011021121020303022212202211132130020301222323103013131121
3000001002010111001001002010020110210012111200311012011021121020303022212202211132130020301222323103013131122
300000100201011100100100201002011021001211120031101201102112102030302221220221113213002030122232310301313112312
300000100201011100100100201002011021001211120031101201102112102030302221220221113213002030122232310301313112313220211
300000100201011100100100201002011021001211120031101201102112102030302221220221113213002030122232310301313112313220212320
300000100201011100100100201002011021001211120031101201102112102030302221220221113213002030122232310301313112313220212321
300000100201011100100100201002011021001211120031101201102112102030302221220221113213002030122232310301313112313220212322
30000010020101110010010020100201102100121112003110120110211210203030222122022111321300203012223231030131311231322021232330213332
30000010020101110010010020100201102100121112003110120110211210203030222122022111321300203012223231030131311231322021232330213333212
30000010020101110010010020100201102100121112003110120110211210203030222122022111321300203012223231030131311231322021232330213333213
30000010020101110010010020100201102100121112003110120110211210203030222122022111321300203012223231030131311231322021232330213333223
3000001002010111001001002010020110210012111200311012011021121020303022212202211132130020301222323103013131123132202123233021333323
30000010020101110010010020100201102100121112003110120110211210203030222122022111321300203012223231030131311231322021232330213333303
300000100201011100100100201002011021001211120031101201102112102030302221220221113213002030122232310301313112313220212323302133333130
300000100201011100100100201002011021001211120031101201102112102030302221220221113213002030122232310301313112313220212323302133333131
3000001002010111001001002010020110210012111200311012011021121020303022212202211132130020301222323103013131123132202123233021333331323
3000001002010111001001002010020110210012111200311012011021121020303022212202211132130020301222323103013131123132202123233021333331332
3000001002010111001001002010020110210012111200311012011021121020303022212202211132130020301222323103013131123132202123233021333331333
300000100201011100100100201002011021001211120031101201102112102030302221220221113213002030122232310301313112313220212323302133333222
30000010020101110010010020100201102100121112003110120110211210203030222122022111321300203012223231030131311231322021232330213333322312
30000010020101110010010020100201102100121112003110120110211210203030222122022111321300203012223231030131311231322021232330213333322313033
3000001002010111001001002010020110210012111200311012011021121020303022212202211132130020301222323103013131123132202123233021333332231313
3000001002010111001001002010020110210012111200311012011021121020303022212202211132130020301222323103013131123132202123233021333332231323313
300000100201011100100100201002011021001211120031101201102112102030302221220221113213002030122232310301313112313220212323302133333223132332
3000001002010111001001002010020110210012111200311012011021121020303022212202211132130020301222323103013131123132202123233021333332231323332
3000001002010111001001002010020110210012111200311012011021121020303022212202211132130020301222323103013131123132202123233021333332231323333
300000100201011100100100201002011021001211120031101201102112102030302221220221113213002030122232310301313112313220212323302133333223133
30000010020101110010010020100201102100121112003110120110211210203030222122022111321300203012223231030131311231322021232330213333323
300000100201011100100100201002011021001211120031101201102112102030302221220221113213002030122232310301313112313220212323303
3000001002010111001001002010020110210012111200311012011021121020303022212202211132130020301222323103013131123132203
30000010020101110010010020100201102100121112003110120110211210203030222122022111321300203012223231030131311231323
30000010020101110010010020100201102100121112003110120110211210203030222122022111321300203012223231030131312
30000010020101110010010020100201102100121112003110120110211210203030222122022111321300203012223231030131313
300000100201011100100100201002011021001211120031101201102112102030302221220221113213002030122232310302
300000100201011100100100201002011021001211120031101201102112102030302221220221113213002030122232310303
3000001002010111001001002010020110210012111200311012011021121020303022212203
300000100201011100100100201002011021001211120031101201102112102030303
