000000
010
02000
0300
0010
002000
0030
0001000
000200
00030
000010
000020
000030
000001
000002
000003
011
012
013
0210
02200
0230
02010
02020
02030
02001
02002
02003
0310
0320
0330
0301
0302
0303
0011
0012
0013
00210
00220
00230
002010
002020
002030
002001
002002
002003
0031
0032
0033
000110
000120
000130
0001010
0001020
0001030
0001001
0001002
0001003
000210
000220
000230
000201
000202
000203
00031
00032
00033
000011
000012
000013
0000210
0000220
0000230
000031
000032
000033
0211
0212
0213
02210
02220
02230
02201
02202
02203
0231
0232
0233
02011
02012
02013
02021
02022
02023
02031
02032
02033
0311
0312
0313
0321
0322
0323
0331
0332
0333
00211
00212
00213
00221
00222
00223
00231
00232
00233
002011
002012
002013
002021
002022
002023
002031
002032
002033
000111
000112
000113
000121
000122
000123
000131
000132
000133
0001011
0001012
0001013
0001021
0001022
0001023
0001031
0001032
0001033
000211
000212
000213
000221
000222
000223
000231
000232
000233
0000211
0000212
0000213
0000221
0000222
0000223
0000231
0000232
0000233
02211
02212
02213
02221
02222
02223
02231
02232
02233
20000000
210000
22000
230
2010
202
2030
20010
20020
20030
200010
200020
200030
200001000
20000200
2000030
20000010
20000020
20000030
20000001
20000002
20000003
2110
2120
2130
21010
21020
21030
210010
210020
210030
210001
210002
210003
2210
2220
2230
22010
22020
22030
22001
22002
22003
231
232
233
2011
2012
2013
2031
2032
2033
20011
20012
20013
20021
20022
20023
20031
20032
20033
200011
200012
200013
200021
200022
200023
200031
200032
200033
20000110
20000120
20000130
200001010
200001020
200001030
200001001
200001002
200001003
20000210
20000220
20000230
20000201
20000202
20000203
2000031
2000032
2000033
20000011
20000012
20000013
20000021
20000022
20000023
20000031
20000032
20000033
2111
2112
2113
2121
2122
2123
2131
2132
2133
21011
21012
21013
21021
21022
21023
21031
21032
21033
210011
210012
210013
210021
210022
210023
210031
210032
210033
2211
2212
2213
2221
2222
2223
2231
2232
2233
22011
22012
22013
22021
22022
22023
22031
22032
22033
20000111
20000112
20000113
20000121
20000122
20000123
20000131
20000132
20000133
200001011
200001012
200001013
200001021
200001022
200001023
200001031
200001032
200001033
20000211
20000212
20000213
20000221
20000222
20000223
20000231
20000232
20000233
10000
11000
120000
13000
1010
10200
1030
10010
10020
10030
10001
10002
10003
1110
11200
1130
11010
11020
11030
11001
11002
11003
12100
12200
1230
12010
12020
12030
120010
120020
120030
120001
120002
120003
131
1320
1330
13010
13020
13030
13001
13002
13003
1011
1012
1013
10210
10220
10230
10201
10202
10203
1031
1032
1033
10011
10012
10013
10021
10022
10023
10031
10032
10033
1111
1112
1113
11210
11220
11230
11201
11202
11203
1131
1132
1133
11011
11012
11013
11021
11022
11023
11031
11032
11033
12110
12120
12130
12101
12102
12103
12210
12220
12230
12201
12202
12203
1231
1232
1233
12011
12012
12013
12021
12022
12023
12031
12032
12033
120011
120012
120013
120021
120022
120023
120031
120032
120033
1321
1322
1323
1331
1332
1333
13011
13012
13013
13021
13022
13023
13031
13032
13033
10211
10212
10213
10221
10222
10223
10231
10232
10233
11211
11212
11213
11221
11222
11223
11231
11232
11233
12111
12112
12113
12121
12122
12123
12131
12132
12133
12211
12212
12213
12221
12222
12223
12231
12232
12233
3000
310000
320000
3300
30100
3020
3030
3001
3002
3003
3110
31200
3130
3101000
310200
31030
310010
310020
310030
310001
310002
310003
3210
3220
3230
32010
32020
3203
320010
320020
320030
320001
320002
320003
3310
3320
3330
3301
3302
3303
30110
30120
30130
30101
30102
30103
3021
3022
3023
3031
3032
3033
3111
3112
3113
31210
31220
31230
31201
31202
31203
3131
3132
3133
310110
310120
310130
3101010
3101020
3101030
3101001
3101002
3101003
310210
310220
310230
310201
310202
310203
31031
31032
31033
310011
310012
310013
310021
310022
310023
310031
310032
310033
3211
3212
3213
3221
3222
3223
3231
3232
3233
32011
32012
32013
32021
32022
32023
320011
320012
320013
320021
320022
320023
320031
320032
320033
3311
3312
3313
3321
3322
3323
3331
3332
3333
30111
30112
30113
30121
30122
30123
30131
30132
30133
31211
31212
31213
31221
31222
31223
31231
31232
31233
310111
310112
310113
310121
310122
310123
310131
310132
310133
3101011
3101012
3101013
3101021
3101022
3101023
3101031
3101032
3101033
310211
310212
310213
310221
310222
310223
310231
310232
310233
