00000
010000
020
030000
0010
00200
00300
00010
00020
00030
00001
00002
00003
0110
0120
0130
010100
01020
01030
010010
010020
010030
010001
010002
010003
021
022
023
0310
0320
0330
03010
03020
03030
030010
030020
030030
030001
030002
030003
0011
0012
0013
00210
00220
00230
00201
00202
00203
00310
00320
00330
00301
00302
00303
00011
00012
00013
00021
00022
00023
00031
00032
00033
0111
0112
0113
0121
0122
0123
0131
0132
0133
010110
010120
0101300
010101
010102
010103
01021
01022
01023
01031
01032
01033
010011
010012
010013
010021
010022
010023
010031
010032
010033
0311
0312
0313
03210
03220
03230
0331
0332
0333
03011
03012
03013
03021
03022
03023
03031
03032
03033
030011
030012
030013
030021
030022
030023
030031
030032
030033
00211
00212
00213
00221
00222
00223
00231
00232
00233
00311
00312
00313
00321
00322
00323
00331
00332
00333
010111
010112
010113
010121
010122
010123
0101310
0101320
0101330
0101301
0101302
0101303
03211
03212
03213
03221
03222
03223
03231
03232
03233
0101311
0101312
0101313
0101321
0101322
0101323
0101331
0101332
0101333
20000
210
2200000
230000
20100
2020
2030
20010
20020
20030
20001
20002
20003
211
212
213
2210
222
22300
22010
22020
22030
220010
220020
220030
2200010
2200020
2200030
2200001
2200002
2200003
2310
2320
2330
230100
23020
23030
230010
230020
230030
230001
230002
230003
20110
20120
20130
20101
20102
20103
2021
2022
2023
2031
2032
2033
20011
20012
20013
20021
20022
20023
20031
20032
20033
2211
2212
2213
22310
22320
22330
22301
22302
22303
22011
22012
22013
22021
22022
22023
22031
22032
22033
220011
220012
220013
220021
220022
220023
220031
220032
220033
2200011
2200012
2200013
2200021
2200022
2200023
2200031
2200032
2200033
2311
2312
2313
2321
2322
2323
2331
2332
2333
230110
230120
2301300
230101
230102
230103
23021
23022
23023
23031
23032
23033
230011
230012
230013
230021
230022
230023
230031
230032
230033
20111
20112
20113
20121
20122
20123
20131
20132
20133
22311
22312
22313
22321
22322
22323
22331
22332
22333
230111
230112
230113
230121
230122
230123
2301310
2301320
2301330
2301301
2301302
2301303
2301311
2301312
2301313
2301321
2301322
2301323
2301331
2301332
2301333
1000
11000
120000
1300
10100
1020
1030
1001
1002
1003
1110
1120
1130
11010
11020
11030
11001
11002
11003
1210
1220
1230
120100
12020
12030
120010
120020
120030
120001
120002
120003
1310
1320
13300
1301
1302
1303
10110
10120
101300
10101
10102
10103
1021
1022
1023
1031
1032
1033
1111
1112
1113
1121
1122
1123
1131
1132
1133
11011
11012
11013
11021
11022
11023
11031
11032
11033
1211
1212
1213
1221
1222
1223
1231
1232
1233
120110
120120
1201300
120101
120102
120103
12021
12022
12023
12031
12032
12033
120011
120012
120013
120021
120022
120023
120031
120032
120033
1311
1312
1313
1321
1322
1323
13310
13320
13330
13301
13302
13303
10111
10112
10113
10121
10122
10123
101310
1013200
101330
101301
101302
101303
120111
120112
120113
120121
120122
120123
1201310
1201320
1201330
1201301
1201302
1201303
13311
13312
13313
13321
13322
13323
13331
13332
13333
101311
101312
101313
101321
1013220
1013230
1013201
1013202
1013203
101331
101332
101333
1201311
1201312
1201313
1201321
1201322
1201323
1201331
1201332
1201333
1013221
1013222
1013223
1013231
1013232
1013233
300
31000
320000
330
301
302
303
3110
3120000
31300
310100
31020
31030
31001
31002
31003
3210
3220
32300
32010
32020
32030
320010
320020
320030
320001
320002
320003
331
332
333
3111
3112
3113
31210
31220
31230
312010
312020
312030
3120010
3120020
3120030
3120001
3120002
3120003
31310
31320
31330
31301
31302
31303
310110
310120
3101300
310101
310102
310103
31021
31022
31023
31031
31032
31033
3211
3212
3213
3221
3222
3223
32310
32320
32330
32301
32302
32303
32011
32012
32013
32021
32022
32023
32031
32032
32033
320011
320012
320013
320021
320022
320023
320031
320032
320033
31211
31212
31213
31221
31222
31223
31231
31232
31233
312011
312012
312013
312021
312022
312023
312031
312032
312033
3120011
3120012
3120013
3120021
3120022
3120023
3120031
3120032
3120033
31311
31312
31313
31321
31322
31323
31331
31332
31333
310111
310112
310113
310121
310122
310123
3101310
31013200
3101330
3101301
3101302
3101303
32311
32312
32313
32321
32322
32323
32331
32332
32333
3101311
3101312
3101313
31013210
31013220
3101323
31013201
31013202
31013203
3101331
3101332
3101333
31013211
31013212
31013213
31013221
31013222
31013223
