00000101001002030
00000101001002031100203002012030110
0000010100100203110020300201203011120112110130
000001010010020311002030020120301112011211013130
000001010010020311002030020120301112011211013131
0000010100100203110020300201203011120112110131321
00000101001002031100203002012030111201121101313221310231120221
00000101001002031100203002012030111201121101313221310231120222
00000101001002031100203002012030111201121101313221310231120223223332110
00000101001002031100203002012030111201121101313221310231120223223332111
00000101001002031100203002012030111201121101313221310231120223223332112
000001010010020311002030020120301112011211013132213102311202232233321132202
000001010010020311002030020120301112011211013132213102311202232233321132203
00000101001002031100203002012030111201121101313221310231120223223332113221
0000010100100203110020300201203011120112110131322131023112022322333211322203
000001010010020311002030020120301112011211013132213102311202232233321132221303312230
000001010010020311002030020120301112011211013132213102311202232233321132221303312231
000001010010020311002030020120301112011211013132213102311202232233321132221303312232
000001010010020311002030020120301112011211013132213102311202232233321132221303312233
0000010100100203110020300201203011120112110131322131023112022322333211322213033123230
000001010010020311002030020120301112011211013132213102311202232233321132221303312323132
000001010010020311002030020120301112011211013132213102311202232233321132221303312323133
00000101001002031100203002012030111201121101313221310231120223223332113222130331233
00000101001002031100203002012030111201121101313221310231120223223333
0000010100100203110020300201203011120112110131322131023112022323
0000010100100203110020300201203011120112110132
0000010100100203110020300201203011120112110133
000001010010020311002030020120301112011212
000001010010020311002030020120301112011213
0000010100100203110020300201203011121
0000010100100203110020300201203011122
0000010100100203110020300201203011123
00000101001002031100203002012030112
00000101001002031100203002012030113
0000010100100203110020300202
0000010100100203110020300203
0000010100101
0000010100102
0000010100103
100001001002030
1000010010020311002030010
1000010010020311002030011201202110030110
10000100100203110020300112012021100301112013102130
1000010010020311002030011201202110030111201310213130
1000010010020311002030011201202110030111201310213131
10000100100203110020300112012021100301112013102131321
1000010010020311002030011201202110030111201310213132221
100001001002031100203001120120211003011120131021313222223202323112111
100001001002031100203001120120211003011120131021313222223202323112112
100001001002031100203001120120211003011120131021313222223202323112113303
100001001002031100203001120120211003011120131021313222223202323112113312032
1000010010020311002030011201202110030111201310213132222232023231121133120332201
1000010010020311002030011201202110030111201310213132222232023231121133120332202
1000010010020311002030011201202110030111201310213132222232023231121133120332203
100001001002031100203001120120211003011120131021313222223202323112113312033221
10000100100203110020300112012021100301112013102131322222320232311211331203322213230
1000010010020311002030011201202110030111201310213132222232023231121133120332221323132
10000100100203110020300112012021100301112013102131322222320232311211331203322213231330
10000100100203110020300112012021100301112013102131322222320232311211331203322213231331
10000100100203110020300112012021100301112013102131322222320232311211331203322213231332
10000100100203110020300112012021100301112013102131322222320232311211331203322213231333
100001001002031100203001120120211003011120131021313222223202323112113312033222133
10000100100203110020300112012021100301112013102131322222320232311211331203322223
1000010010020311002030011201202110030111201310213132222232023231121133120332223
1000010010020311002030011201202110030111201310213132222232023231121133120333
10000100100203110020300112012021100301112013102131322222320233
1000010010020311002030011201202110030111201310213132223
1000010010020311002030011201202110030111201310213133
100001001002031100203001120120211003011121
100001001002031100203001120120211003011122
100001001002031100203001120120211003011123
1000010010020311002030011201202110030112
1000010010020311002030011201202110030113
100001001002031100203001120120212
100001001002031100203001120120213
1000010010020311002030011202
1000010010020311002030011203
10000100101
10000100102
10000100103
200000101001002030
200000101001002031100203011020120302130
200000101001002031100203011020120302131201121100
20000010100100203110020301102012030213120112110130
20000010100100203110020301102012030213120112110131
20000010100100203110020301102012030213120112110132131032221
2000001010010020311002030110201203021312011211013213103222223202323112110
2000001010010020311002030110201203021312011211013213103222223202323112111
2000001010010020311002030110201203021312011211013213103222223202323112112
2000001010010020311002030110201203021312011211013213103222223202323112113303
200000101001002031100203011020120302131201121101321310322222320232311211331213202
2000001010010020311002030110201203021312011211013213103222223202323112113312132033221
2000001010010020311002030110201203021312011211013213103222223202323112113312132033222230
2000001010010020311002030110201203021312011211013213103222223202323112113312132033222231
2000001010010020311002030110201203021312011211013213103222223202323112113312132033222232
2000001010010020311002030110201203021312011211013213103222223202323112113312132033222233
200000101001002031100203011020120302131201121101321310322222320232311211331213203322233
20000010100100203110020301102012030213120112110132131032222232023231121133121320332230
2000001010010020311002030110201203021312011211013213103222223202323112113312132033223132
2000001010010020311002030110201203021312011211013213103222223202323112113312132033223133
20000010100100203110020301102012030213120112110132131032222232023231121133121320333
200000101001002031100203011020120302131201121101321310322222320233
20000010100100203110020301102012030213120112110132131032223
20000010100100203110020301102012030213120112110133
2000001010010020311002030110201203021312011212
2000001010010020311002030110201203021312011213
20000010100100203110020301102012030213121
20000010100100203110020301102012030213122
20000010100100203110020301102012030213123
2000001010010020311002030110202
2000001010010020311002030110203
2000001010010020311002030111
2000001010010020311002030112
2000001010010020311002030113
20000010100101
20000010100102
20000010100103
3000001001002030
300000100100203110102030011201202110030110
3000001001002031101020300112012021100301112022130
300000100100203110102030011201202110030111202213130
300000100100203110102030011201202110030111202213131
3000001001002031101020300112012021100301112022131321
3000001001002031101020300112012021100301112022131322131023112032110
3000001001002031101020300112012021100301112022131322131023112032111
30000010010020311010203001120120211003011120221313221310231120321123322
3000001001002031101020300112012021100301112022131322131023112032112332330
300000100100203110102030011201202110030111202213132213102311203211233233120332201
300000100100203110102030011201202110030111202213132213102311203211233233120332202
300000100100203110102030011201202110030111202213132213102311203211233233120332203
300000100100203110102030011201202110030111202213132213102311203211233233120332213
300000100100203110102030011201202110030111202213132213102311203211233233120332221323132
3000001001002031101020300112012021100301112022131322131023112032112332331203322213231330
3000001001002031101020300112012021100301112022131322131023112032112332331203322213231331
3000001001002031101020300112012021100301112022131322131023112032112332331203322213231332
3000001001002031101020300112012021100301112022131322131023112032112332331203322213231333
30000010010020311010203001120120211003011120221313221310231120321123323312033222133
3000001001002031101020300112012021100301112022131322131023112032112332331203322223
300000100100203110102030011201202110030111202213132213102311203211233233120332223
300000100100203110102030011201202110030111202213132213102311203211233233120333
3000001001002031101020300112012021100301112022132
3000001001002031101020300112012021100301112022133
30000010010020311010203001120120211003011120222
30000010010020311010203001120120211003011120223
30000010010020311010203001120120211003011121
30000010010020311010203001120120211003011122
30000010010020311010203001120120211003011123
300000100100203110102030011201202110030112
300000100100203110102030011201202110030113
30000010010020311010203001120120212
30000010010020311010203001120120213
300000100100203110102030011202
300000100100203110102030011203
300000100101
300000100102
300000100103
