000
0100
020
030
001
002
003
0110
0120
0130
0101
0102
0103
021
022
023
031
032
033
0111
0112
0113
0121
0122
0123
0131
0132
0133
2000
2100
22
230
20100
2020
2030
2001
2002
2003
2110
2120
2130
2101
2102
2103
231
232
233
20110
20120
20130
20101
20102
20103
2021
2022
2023
2031
2032
2033
2111
2112
2113
2121
2122
2123
2131
2132
2133
20111
20112
20113
20121
20122
20123
20131
20132
20133
10000
110
120
130
101
1020
1030
100100
10020
10030
10001
10002
10003
111
112
113
121
122
123
131
132
133
1021
1022
1023
1031
1032
1033
100110
100120
100130
100101
100102
100103
10021
10022
10023
10031
10032
10033
100111
100112
100113
100121
100122
100123
100131
100132
100133
30000
310
320
330
3010
3020
303
300100
30020
30030
30001
30002
30003
311
312
313
321
322
323
331
332
333
3011
3012
3013
3021
3022
3023
300110
300120
300130
300101
300102
300103
30021
30022
30023
30031
30032
30033
300111
300112
300113
300121
300122
300123
300131
300132
300133
