0001002030
0001002031101202130
0001002031101202131
0001002031101202132232
0001002031101202132233
0001002031101202133
0001002031101203
0001002031101211223
00010020311012113
01
02
03
20001002030
20001002031101202130
20001002031101202131
20001002031101202132232
20001002031101202132233
20001002031101202133
20001002031101203
20001002031101211223
200010020311012113
201
202
203
2100
210110
21011120
21011121
21011122
21011123
21011130
21011131
21011132
21011133
2101122302
2101122303132
2101122303133
100001002030
100001002031101202130
100001002031101202131
100001002031101202132232
100001002031101202132233
100001002031101202133
100001002031101203
100001002031101211223
1000010020311012113
1001
1002
1003
10110
1011120
1011121
1011122
1011123
1011130
1011131
1011132
1011133
101120
101121
101122302
101122303132
101122303133
300001002030
300001002031101202130
300001002031101202131
300001002031101202132232
300001002031101202132233
300001002031101202133
300001002031101203
300001002031101211223
3000010020311012113
3001
3002
3003
301020
30102110
3010211120
3010211121
3010211122
3010211123
3010211130
3010211131
3010211132
3010211133
3010211223132
3010211223133
30103
