00000
010
02000
03000
0010
0020
0030000
000100
00020
00030
00001
00002
00003
011
012
013
0210
022000
02300
02010
02020
02030
02001
02002
02003
0310
03200
033000
03010
03020
03030
03001
03002
03003
0011
0012
0013
0021
0022
0023
00310
00320
00330
003010
0030200
003030
0030010
0030020
0030030
0030001
0030002
0030003
000110
000120
000130
000101
000102
000103
00021
00022
00023
00031
00032
00033
0211
0212
0213
02210
02220
02230
022010
022020
022030
022001
022002
022003
02310
02320
02330
02301
02302
02303
02011
02012
02013
020210
020220
020230
02031
02032
02033
0311
0312
0313
03210
03220
03230
03201
03202
03203
03310
03320
03330
033010
033020
033030
033001
033002
033003
03011
03012
03013
03021
03022
03023
03031
03032
03033
00311
00312
00313
00321
00322
00323
00331
00332
00333
003011
003012
003013
0030210
00302200
0030230
0030201
0030202
0030203
003031
003032
003033
0030011
0030012
0030013
0030021
0030022
0030023
0030031
0030032
0030033
000111
000112
000113
000121
000122
000123
000131
000132
000133
02211
02212
02213
02221
02222
02223
02231
02232
02233
022011
022012
022013
022021
022022
022023
022031
022032
022033
02311
02312
02313
02321
02322
02323
02331
02332
02333
020211
020212
020213
020221
020222
020223
020231
020232
020233
03211
03212
03213
03221
03222
03223
03231
03232
03233
03311
03312
03313
03321
03322
03323
03331
03332
03333
033011
033012
033013
033021
033022
033023
033031
033032
033033
0030211
0030212
0030213
00302210
00302220
00302230
00302201
00302202
00302203
0030231
0030232
0030233
00302211
00302212
00302213
00302221
00302222
00302223
00302231
00302232
00302233
200000
210000
22
2300
2010
202000
2030
20010
20020
20030000
200010
200020
200030
200001
200002
200003
2110
2120
21300
21010
210200
210300
210010
210020
2100300
210001
210002
210003
2310
2320
2330
2301
2302
2303
2011
2012
2013
20210
20220
202300
202010
202020
202030
202001
202002
202003
2031
2032
2033
20011
20012
20013
20021
20022
20023
200310
200320
200330
2003010
20030200
2003030
20030010
20030020
20030030
20030001
20030002
20030003
200011
200012
200013
200021
200022
200023
200031
200032
200033
2111
2112
2113
2121
2122
2123
21310
21320
21330
21301
21302
21303
21011
21012
21013
210210
210220
210230
210201
210202
210203
210310
210320
210330
210301
210302
210303
210011
210012
210013
210021
210022
210023
2100310
2100320
2100330
2100301
2100302
2100303
2311
2312
2313
2321
2322
2323
2331
2332
2333
20211
20212
20213
20221
20222
20223
202310
202320
202330
202301
202302
202303
202011
202012
202013
202021
202022
202023
202031
202032
202033
200311
200312
200313
200321
200322
200323
200331
200332
200333
2003011
2003012
2003013
20030210
200302200
20030230
20030201
20030202
20030203
2003031
2003032
2003033
20030011
20030012
20030013
20030021
20030022
20030023
20030031
20030032
20030033
21311
21312
21313
21321
21322
21323
21331
21332
21333
210211
210212
210213
210221
210222
210223
210231
210232
210233
210311
210312
210313
210321
210322
210323
210331
210332
210333
2100311
2100312
2100313
2100321
2100322
2100323
2100331
2100332
2100333
202311
202312
202313
202321
202322
202323
202331
202332
202333
20030211
20030212
20030213
200302210
200302220
200302230
200302201
200302202
200302203
20030231
20030232
20030233
200302211
200302212
200302213
200302221
200302222
200302223
200302231
200302232
200302233
100000
110000
120
1300
1010
10200
10300
10010
10020
100300
100010
100020000
100030
100001
100002
100003
1110
1120
1130
11010
1102000
11030
110010
110020
110030
110001
110002
110003
121
122
123
1310
13200
1330
1301
1302
1303
1011
1012
1013
10210
10220
10230
10201
10202
10203
10310
10320
10330
10301
10302
10303
10011
10012
10013
10021
10022
10023
100310
100320
1003300
100301
100302
100303
100011
100012
100013
1000210
10002200
1000230
10002010
10002020
10002030
100020010
100020020
100020030
100020001
100020002
100020003
100031
100032
100033
1111
1112
1113
1121
1122
1123
1131
1132
1133
11011
11012
11013
110210
110220
110230
1102010
1102020
1102030
1102001
1102002
1102003
11031
11032
11033
110011
110012
110013
110021
110022
110023
110031
110032
110033
1311
1312
1313
13210
13220
13230
13201
13202
13203
1331
1332
1333
10211
10212
10213
10221
10222
10223
10231
10232
10233
10311
10312
10313
10321
10322
10323
10331
10332
10333
100311
100312
100313
100321
100322
100323
100331
1003320
1003330
1003301
1003302
1003303
1000211
1000212
1000213
10002210
100022200
10002230
10002201
10002202
10002203
1000231
1000232
1000233
10002011
10002012
10002013
10002021
10002022
10002023
10002031
10002032
10002033
100020011
100020012
100020013
100020021
100020022
100020023
100020031
100020032
100020033
110211
110212
110213
110221
110222
110223
110231
110232
110233
1102011
1102012
1102013
1102021
1102022
1102023
1102031
1102032
1102033
13211
13212
13213
13221
13222
13223
13231
13232
13233
1003321
1003322
1003323
1003331
1003332
1003333
10002211
10002212
10002213
100022210
100022220
100022230
100022201
100022202
100022203
10002231
10002232
10002233
100022211
100022212
100022213
100022221
100022222
100022223
100022231
100022232
100022233
300000
3100
320000
3300
3010
302000
3030
30010
30020
30030000
300010
300020
300030
300001
300002
300003
3110
3120
313000
3101
3102
3103
3210
3220
3230
32010
32020
32030
320010
320020
320030
320001
320002
320003
3310
3320
3330
3301
3302
3303
3011
3012
3013
30210
30220
302300
302010
3020200
302030
302001
302002
302003
3031
3032
3033
30011
30012
30013
30021
30022
30023
300310
300320
300330
3003010
30030200
3003030
30030010
30030020
30030030
30030001
30030002
30030003
300011
300012
300013
300021
300022
300023
300031
300032
300033
3111
3112
3113
3121
3122
3123
31310
31320
31330
313010
313020
313030
313001
313002
313003
3211
3212
3213
3221
3222
3223
3231
3232
3233
32011
32012
32013
32021
32022
32023
32031
32032
32033
320011
320012
320013
320021
320022
320023
320031
320032
320033
3311
3312
3313
3321
3322
3323
3331
3332
3333
30211
30212
30213
30221
30222
30223
302310
302320
302330
302301
302302
302303
302011
302012
302013
3020210
3020220
302023
3020201
3020202
3020203
302031
302032
302033
300311
300312
300313
300321
300322
300323
300331
300332
300333
3003011
3003012
3003013
30030210
300302200
30030230
30030201
30030202
30030203
3003031
3003032
3003033
30030011
30030012
30030013
30030021
30030022
30030023
30030031
30030032
30030033
31311
31312
31313
31321
31322
31323
31331
31332
31333
313011
313012
313013
313021
313022
313023
313031
313032
313033
302311
302312
302313
302321
302322
302323
302331
302332
302333
3020211
3020212
3020213
3020221
3020222
3020223
30030211
30030212
30030213
300302210
300302220
300302230
300302201
300302202
300302203
30030231
30030232
30030233
300302211
300302212
300302213
300302221
300302222
300302223
300302231
300302232
300302233
