000010120001002113003
000010120001002113011201201302
0000101200010021130112012013031221003121322011
0000101200010021130112012013031221003121322012131323
00001012000100211301120120130312210031213220121320
00001012000100211301120120130312210031213220121321
0000101200010021130112012013031221003121322012132232
000010120001002113011201201303122100312132201213223332
0000101200010021130112012013031221003121322012132233333
00001012000100211301120120130312210031213220121323
00001012000100211301120120130312210031213221
000010120001002113011201201303122100312132220
0000101200010021130112012013031221003121322212
0000101200010021130112012013031221003121322213
000010120001002113011201201303122100312132222
000010120001002113011201201303122100312132223
00001012000100211301120120130312210031213223
000010120001002113011201201303122100313
0000101200010021130112012013031222
0000101200010021130112012013031223
