2000
2100
220
230
2010
20200000
2030
2001
2002
2003
2110
212
21300
2101
2102
2103
221
222
223
231
232
233
2011
2012
2013
20210
20220
20230
202010000
2020200
202030
2020010
2020020
2020030
20200010
20200020
20200030
20200001
20200002
20200003
2031
2032
2033
2111
2112
2113
21310
21320
21330
21301
21302
21303
20211
20212
20213
20221
20222
20223
20231
20232
20233
2020110
2020120
2020130
20201010
20201020
20201030
202010010
202010020
202010030
202010001
202010002
202010003
2020210
2020220
2020230
2020201
2020202
2020203
202031
202032
202033
2020011
2020012
2020013
2020021
2020022
2020023
2020031
2020032
2020033
20200011
20200012
20200013
20200021
20200022
20200023
20200031
20200032
20200033
21311
21312
21313
21321
21322
21323
21331
21332
21333
2020111
2020112
2020113
2020121
2020122
2020123
2020131
2020132
2020133
20201011
20201012
20201013
20201021
20201022
20201023
20201031
20201032
20201033
202010011
202010012
202010013
202010021
202010022
202010023
202010031
202010032
202010033
2020211
2020212
2020213
2020221
2020222
2020223
2020231
2020232
2020233
00
010000
02000
0300
0110
012000
0130
010100
01020
010300
010010
010020
010030
010001
010002
010003
0210
0220
0230
02010
020200
02030
02001
02002
02003
0310
0320
0330
0301
0302
0303
0111
0112
0113
01210
01220
01230
012010
012020
012030
012001
012002
012003
0131
0132
0133
010110
010120
010130
010101
010102
010103
01021
01022
01023
010310
010320
010330
010301
010302
010303
010011
010012
010013
010021
010022
010023
010031
010032
010033
0211
0212
0213
0221
0222
0223
0231
0232
0233
02011
02012
02013
020210
020220
020230
020201
020202
020203
02031
02032
02033
0311
0312
0313
0321
0322
0323
0331
0332
0333
01211
01212
01213
01221
01222
01223
01231
01232
01233
012011
012012
012013
012021
012022
012023
012031
012032
012033
010111
010112
010113
010121
010122
010123
010131
010132
010133
010311
010312
010313
010321
010322
010323
010331
010332
010333
020211
020212
020213
020221
020222
020223
020231
020232
020233
300
3100
320000
330
301
302
303
31100
31200
3130
3101
3102
3103
3210000
3220
32300
32010
32020
32030
320010
320020
320030
320001
320002
320003
331
332
333
311100
31120
31130
31101
31102
31103
31210
31220
31230
31201
31202
31203
3131
3132
3133
32110
32120
32130
321010
321020
321030
3210010
3210020
3210030
3210001
3210002
3210003
3221
3222
3223
32310
32320
32330
32301
32302
32303
32011
32012
32013
32021
32022
32023
32031
32032
32033
320011
320012
320013
320021
320022
320023
320031
320032
320033
311110
311120
31113
311101
311102
311103
31121
31122
31123
31131
31132
31133
31211
31212
31213
31221
31222
31223
31231
31232
31233
32111
32112
32113
32121
32122
32123
32131
32132
32133
321011
321012
321013
321021
321022
321023
321031
321032
321033
3210011
3210012
3210013
3210021
3210022
3210023
3210031
3210032
3210033
32311
32312
32313
32321
32322
32323
32331
32332
32333
311111
311112
311113
311121
311122
311123
10000
110
12000
130
10100
1020
10300
10010
10020
10030
10001
10002
10003
111
112
113
12100
1220
1230
12010
120200
120300
12001
12002
12003
131
132
133
10110
10120
10130
10101
10102
10103
1021
1022
1023
10310
10320
10330
10301
10302
10303
10011
10012
10013
10021
10022
10023
10031
10032
10033
12110
12120
12130
12101
12102
12103
1221
1222
1223
1231
1232
1233
12011
12012
12013
1202100
120220
120230
120201
120202
120203
12031
120320
1203300
120301
120302
120303
10111
10112
10113
10121
10122
10123
10131
10132
10133
10311
10312
10313
10321
10322
10323
10331
10332
10333
12111
12112
12113
12121
12122
12123
12131
12132
12133
1202110
1202120
1202130
1202101
1202102
1202103
120221
120222
120223
120231
120232
120233
120321
120322
120323
1203310
1203320
1203330
1203301
1203302
1203303
1202111
1202112
1202113
1202121
1202122
1202123
1202131
1202132
1202133
1203311
1203312
1203313
1203321
1203322
1203323
1203331
1203332
1203333
