0,13,1,3,14,17,14
0,17
0,7,9,4,18,6,17
0,13,17
0,13,9
0,13,13
0,13,1,5,19,9
0,13,1,14
0,13,1,17
0,13,1,3,3
0,13,1,3,9
0,13,1,3,14,12,18
0,13,1,3,14,0
0,13,1,3,14,18
0,13,1,3,14,17,11,6
0,13,1,3,14,17,4
0,7,8,12
0,7,10,6
0,7,4
0,7,9,13
0,7,9,16,17
0,7,9,4,17
0,7,9,4,3
0,7,9,4,18,3
0,7,9,4,18,1
0,7,9,4,18,9
0,7,9,4,18,6,13
0,7,9,4,18,6,15,10
0,7,9,4,18,6,19
0,13,1,5,0
0,13,1,5,6
0,13,1,5,18
0,13,1,5,19,19
0,13,1,5,19,5
0,13,1,3,14,12,7
0,13,1,3,14,12,3
0,13,1,3,14,12,6
0,13,1,3,14,17,11,14
0,13,1,3,14,17,11,0
0,7,8,14
0,7,8,7
0,7,8,9
0,7,10,19
0,7,10,7
0,7,10,2
0,7,9,2,18
0,7,9,2,10
0,7,9,2,0
0,7,9,16,16
0,7,9,16,2
0,7,9,16,15
0,7,9,4,18,6,15,5
0,7,9,4,18,6,15,3
0,7,9,4,18,6,15,6
