00001000101100202011010203030212110111120203021303121212031213130
00001000101100202011010203030212110111120203021303121212031213131
00001000101100202011010203030212110111120203021303121212031213132222232330
00001000101100202011010203030212110111120203021303121212031213132222232331
00001000101100202011010203030212110111120203021303121212031213132222232332
000010001011002020110102030302121101111202030213031212120312131322222323333
0000100010110020201101020303021211011112020302130312121203121313223
000010001011002020110102030302121101111202030213031212120312131323132232
000010001011002020110102030302121101111202030213031212120312131323132233
000010001011002020110102030302121101111202030213031212120312131323133
000010001011002020110102030302121101111202030213031212120312132
000010001011002020110102030302121101111202030213031212120312133
00001000101100202011010203030212110111120203021303121213
000010001011002020110102030302121101111202030213031213
000010001011002020110102030302121101111202030213031223
000010001011002020110102030302121101111203
10000010001011101012020202030303011021111202021213031212130
10000010001011101012020202030303011021111202021213031212131213132222232330
10000010001011101012020202030303011021111202021213031212131213132222232331
10000010001011101012020202030303011021111202021213031212131213132222232332
100000100010111010120202020303030110211112020212130312121312131322222323333
1000001000101110101202020203030301102111120202121303121213121313223
100000100010111010120202020303030110211112020212130312121312131323132231
100000100010111010120202020303030110211112020212130312121312131323132232
100000100010111010120202020303030110211112020212130312121312131323132233
100000100010111010120202020303030110211112020212130312121312131323133
100000100010111010120202020303030110211112020212130312121312132
100000100010111010120202020303030110211112020212130312121312133
10000010001011101012020202030303011021111202021213031213
10000010001011101012020202030303011021111202021213031223
1000001000101110101202020203030301102111120203
10000010001011101012020202030303011021111203
300010001002001101101020312110111120202030213223021303121212031213130
300010001002001101101020312110111120202030213223021303121212031213131
300010001002001101101020312110111120202030213223021303121212031213132222232330
300010001002001101101020312110111120202030213223021303121212031213132222232331
300010001002001101101020312110111120202030213223021303121212031213132222232332
3000100010020011011010203121101111202020302132230213031212120312131322222323333
30001000100200110110102031211011112020203021322302130312121203121313223
300010001002001101101020312110111120202030213223021303121212031213132332
300010001002001101101020312110111120202030213223021303121212031213132333
3000100010020011011010203121101111202020302132230213031212120312132
3000100010020011011010203121101111202020302132230213031212120312133
300010001002001101101020312110111120202030213223021303121213
3000100010020011011010203121101111202020302132230213031213
3000100010020011011010203121101111202020302132230213031223
300010001002001101101020312110111120203
3000100010020011011010203121101111203
20000010001011011010211011112020202030302122030213031212121312223230
20000010001011011010211011112020202030302122030213031212121312223231322330
20000010001011011010211011112020202030302122030213031212121312223231322331
20000010001011011010211011112020202030302122030213031212121312223231322332
200000100010110110102110111120202020303021220302130312121213122232313223333
20000010001011011010211011112020202030302122030213031212121312223231323132231
20000010001011011010211011112020202030302122030213031212121312223231323132232
20000010001011011010211011112020202030302122030213031212121312223231323132233
20000010001011011010211011112020202030302122030213031212121312223231323133
2000001000101101101021101111202020203030212203021303121212132
2000001000101101101021101111202020203030212203021303121212133
2000001000101101101021101111202020203030212203021303121213
20000010001011011010211011112020202030302122030213031213
20000010001011011010211011112020202030302122030213031223
200000100010110110102110111120203
2000001000101101101021101111203
