10010000100111020020120212021101130303122103120
100100001001110200201202120211011303031221031213030
10010000100111020020120212021101130303122103121303130
10010000100111020020120212021101130303122103121303131
1001000010011102002012021202110113030312210312130313223220
1001000010011102002012021202110113030312210312130313223221
100100001001110200201202120211011303031221031213031322322232
1001000010011102002012021202110113030312210312130313223222333
100100001001110200201202120211011303031221031213031322322321
10010000100111020020120212021101130303122103121303132232232230
10010000100111020020120212021101130303122103121303132232232231
10010000100111020020120212021101130303122103121303132232232232
10010000100111020020120212021101130303122103121303132232232233
100100001001110200201202120211011303031221031213031322322323
100100001001110200201202120211011303031221031213031322322333
1001000010011102002012021202110113030312210312131
1001000010011102002012021202110113030312210312132
1001000010011102002012021202110113030312210312133
10010000100111020020120212021101130303122103122
10010000100111020020120212021101130303122103123
1001000010011102002012021202110113030312211
1001000010011102002012021202110113030312212
1001000010011102002012021202110113030312213
1001000010011102002012021202110113030313
10010000100111020020120212021102
10010000100111020020120212021103
1001000010011102002012021202111
1001000010011102002012021202112
1001000010011102002012021202113
10010000101
10010000102
10010000103
000100020010010201110302030211011212030312210
00010002001001020111030203021101121203031221130
00010002001001020111030203021101121203031221131
0001000200100102011103020302110112120303122113223120
000100020010010201110302030211011212030312211322312130
0001000200100102011103020302110112120303122113223121313220
0001000200100102011103020302110112120303122113223121313221
000100020010010201110302030211011212030312211322312131322231
000100020010010201110302030211011212030312211322312131322232
0001000200100102011103020302110112120303122113223121313222333
000100020010010201110302030211011212030312211322312131322321
00010002001001020111030203021101121203031221132231213132232230
00010002001001020111030203021101121203031221132231213132232231
00010002001001020111030203021101121203031221132231213132232232
00010002001001020111030203021101121203031221132231213132232233
000100020010010201110302030211011212030312211322312131322323
000100020010010201110302030211011212030312211322312131322333
000100020010010201110302030211011212030312211322312132
000100020010010201110302030211011212030312211322312133
0001000200100102011103020302110112120303122113223122
0001000200100102011103020302110112120303122113223123
000100020010010201110302030211011212030312212
000100020010010201110302030211011212030312213
000100020010010201110302030211011212030313
00010002001001020111030203021102
00010002001001020111030203021103
0001000200100102011103020302111
0001000200100102011103020302112
0001000200100102011103020302113
000101
000102
000103
200010010010011102002110112021202210303031230
20001001001001110200211011202120221030303123130
20001001001001110200211011202120221030303123131
2000100100100111020021101120212022103030312313223120
20001001001001110200211011202120221030303123132231213032
20001001001001110200211011202120221030303123132231213033220
2000100100100111020021101120212022103030312313223121303322133
20001001001001110200211011202120221030303123132231213033222
2000100100100111020021101120212022103030312313223121303322321
200010010010011102002110112021202210303031231322312130332232230
200010010010011102002110112021202210303031231322312130332232231
200010010010011102002110112021202210303031231322312130332232232
200010010010011102002110112021202210303031231322312130332232233
2000100100100111020021101120212022103030312313223121303322323
2000100100100111020021101120212022103030312313223121303322333
200010010010011102002110112021202210303031231322312131
200010010010011102002110112021202210303031231322312132
200010010010011102002110112021202210303031231322312133
2000100100100111020021101120212022103030312313223122
2000100100100111020021101120212022103030312313223123
2000100100100111020021101120212022103030313
200010010010011102002110112021202211
200010010010011102002110112021202212
200010010010011102002110112021202213
2000100100100111020021102
2000100100100111020021103
200010010010011102002111
200010010010011102002112
200010010010011102002113
2000100100101
2000100100102
2000100100103
30000100100102011102003112021202110122103032120
300001001001020111020031120212021101221030321213030
30000100100102011102003112021202110122103032121303130
30000100100102011102003112021202110122103032121303131
30000100100102011102003112021202110122103032121303132231
3000010010010201110200311202120211012210303212130313223220
3000010010010201110200311202120211012210303212130313223221332
3000010010010201110200311202120211012210303212130313223221333
30000100100102011102003112021202110122103032121303132232223
300001001001020111020031120212021101221030321213031322322333
3000010010010201110200311202120211012210303212130313223230
3000010010010201110200311202120211012210303212130313223231
3000010010010201110200311202120211012210303212130313223232
3000010010010201110200311202120211012210303212130313223233
3000010010010201110200311202120211012210303212131
3000010010010201110200311202120211012210303212132
3000010010010201110200311202120211012210303212133
30000100100102011102003112021202110122103032122
30000100100102011102003112021202110122103032123
300001001001020111020031120212021101221030322
300001001001020111020031120212021101221030323
3000010010010201110200311202120211012211
3000010010010201110200311202120211012212
3000010010010201110200311202120211012213
3000010010010201110200311202120211013
300001001001020111020031120212021102
300001001001020111020031120212021103
30000100100102011102003112021202111
30000100100102011102003112021202112
30000100100102011102003112021202113
30000101
30000102
30000103
