10000
110
120
13000
1010
102000
1030
10010
100200
10030
10001
10002
10003
111
112
113
121
122
123
1310
1320
1330
13010
1302000
13030
13001
13002
13003
1011
1012
1013
10210
1022000
10230
102010
102020
102030
102001
102002
102003
1031
1032
1033
10011
10012
10013
100210
100220
100230
100201
100202
100203
10031
10032
10033
1311
1312
1313
1321
1322
1323
1331
1332
1333
13011
13012
13013
130210
130220
130230
1302010
1302020
1302030
1302001
1302002
1302003
13031
13032
13033
10211
10212
10213
10221
102220
102230
1022010
1022020
1022030
1022001
1022002
1022003
10231
10232
10233
102011
102012
102013
102021
102022
102023
102031
102032
102033
100211
100212
100213
100221
100222
100223
100231
100232
100233
130211
130212
130213
130221
130222
130223
130231
130232
130233
1302011
1302012
1302013
1302021
1302022
1302023
1302031
1302032
1302033
102221
102222
102223
102231
102232
102233
1022011
1022012
1022013
1022021
1022022
1022023
1022031
1022032
1022033
00000
0100
02000
03000
00100
0020
003000
00010
00020
00030
00001
00002
00003
0110
0120
0130
0101
0102
0103
0210
0220
0230
02010
02020
02030
02001
02002
02003
0310
0320
0330
03010
03020
03030
03001
03002
03003
00110
00120
00130
00101
00102
00103
00210
00220
00230
00310
00320
00330
003010
003020
003030
003001
003002
003003
00011
00012
00013
00021
00022
00023
00031
00032
00033
0111
0112
0113
0121
0122
0123
0131
0132
0133
0211
0212
0213
0221
0222
0223
0231
0232
0233
02011
02012
02013
02021
02022
02023
02031
02032
02033
0311
0312
0313
0321
0322
0323
0331
0332
0333
03011
03012
03013
03021
03022
03023
03031
03032
03033
00111
00112
00113
00121
00122
00123
00131
00132
00133
00211
00212
00213
00221
00222
00223
00231
00232
00233
00311
00312
00313
00321
00322
00323
00331
00332
00333
003011
003012
003013
003021
003022
003023
003031
003032
003033
200
21000
2200
23000
201
202
203
2110
2120
2130
21010
2102000
21030
21001
21002
21003
22100
2220
2230
2201
2202
2203
2310
232000
2330
23010
23020
23030
23001
23002
23003
2111
2112
2113
2121
2122
2123
2131
2132
2133
21011
21012
21013
210210
2102200
210230
2102010
2102020
2102030
2102001
2102002
2102003
21031
21032
21033
22110
22120
22130
22101
22102
22103
2221
2222
2223
2231
2232
2233
2311
2312
2313
23210
23220
23230
232010
232020
232030
232001
232002
232003
2331
2332
2333
23011
23012
23013
23021
23022
23023
23031
23032
23033
210211
210212
210213
2102210
210222
2102230
2102201
2102202
2102203
210231
210232
210233
2102011
2102012
2102013
2102021
2102022
2102023
2102031
2102032
2102033
22111
22112
22113
22121
22122
22123
22131
22132
22133
23211
23212
23213
23221
23222
23223
23231
23232
23233
232011
232012
232013
232021
232022
232023
232031
232032
232033
2102211
2102212
2102213
2102231
2102232
2102233
300000
310000
320
33
30100
3020
303000
30010
30020
3003000
300010
300020
300030
300001
300002
300003
3110
3120
3130
31010
31020
31030
310010
310020
310030
310001
310002
310003
321
322
323
30110
30120
30130
30101
30102
30103
3021
3022
3023
30310
30320
30330
303010
303020
303030
303001
303002
303003
30011
30012
30013
30021
30022
30023
300310
300320
300330
3003010
3003020
3003030
3003001
3003002
3003003
300011
300012
300013
300021
300022
300023
300031
300032
300033
3111
3112
3113
3121
3122
3123
3131
3132
3133
31011
31012
31013
31021
31022
31023
31031
31032
31033
310011
310012
310013
310021
310022
310023
310031
310032
310033
30111
30112
30113
30121
30122
30123
30131
30132
30133
30311
30312
30313
30321
30322
30323
30331
30332
30333
303011
303012
303013
303021
303022
303023
303031
303032
303033
300311
300312
300313
300321
300322
300323
300331
300332
300333
3003011
3003012
3003013
3003021
3003022
3003023
3003031
3003032
3003033
