1000010100010110200100001021102010102020111203030202000
100001010001011020010000102110201010202011120303020200122111112121120
100001010001011020010000102110201010202011120303020200122111112121121303030
1000010100010110200100001021102010102020111203030202001221111121211213030313010
1000010100010110200100001021102010102020111203030202001221111121211213030313011
1000010100010110200100001021102010102020111203030202001221111121211213030313012231
1000010100010110200100001021102010102020111203030202001221111121211213030313012232
1000010100010110200100001021102010102020111203030202001221111121211213030313012233
1000010100010110200100001021102010102020111203030202001221111121211213030313013
10000101000101102001000010211020101020201112030302020012211111212112130303130203
100001010001011020010000102110201010202011120303020200122111112121121303031302121213131
100001010001011020010000102110201010202011120303020200122111112121121303031302121213132200211
100001010001011020010000102110201010202011120303020200122111112121121303031302121213132200212230
100001010001011020010000102110201010202011120303020200122111112121121303031302121213132200212231
100001010001011020010000102110201010202011120303020200122111112121121303031302121213132200212232
100001010001011020010000102110201010202011120303020200122111112121121303031302121213132200212233
100001010001011020010000102110201010202011120303020200122111112121121303031302121213132200213
1000010100010110200100001021102010102020111203030202001221111121211213030313021212131322002203210
10000101000101102001000010211020101020201112030302020012211111212112130303130212121313220022032113
100001010001011020010000102110201010202011120303020200122111112121121303031302121213132200220321232
100001010001011020010000102110201010202011120303020200122111112121121303031302121213132200220321233
10000101000101102001000010211020101020201112030302020012211111212112130303130212121313220022032133130
10000101000101102001000010211020101020201112030302020012211111212112130303130212121313220022032133131
10000101000101102001000010211020101020201112030302020012211111212112130303130212121313220022032133132
10000101000101102001000010211020101020201112030302020012211111212112130303130212121313220022032133133
100001010001011020010000102110201010202011120303020200122111112121121303031302121213132200220321332220
100001010001011020010000102110201010202011120303020200122111112121121303031302121213132200220321332221
100001010001011020010000102110201010202011120303020200122111112121121303031302121213132200220321332222
100001010001011020010000102110201010202011120303020200122111112121121303031302121213132200220321332223
10000101000101102001000010211020101020201112030302020012211111212112130303130212121313220022032133223031
10000101000101102001000010211020101020201112030302020012211111212112130303130212121313220022032133223032
1000010100010110200100001021102010102020111203030202001221111121211213030313021212131322002203213322303313
100001010001011020010000102110201010202011120303020200122111112121121303031302121213132200220321332230332301233
1000010100010110200100001021102010102020111203030202001221111121211213030313021212131322002203213322303323013
1000010100010110200100001021102010102020111203030202001221111121211213030313021212131322002203213322303323022303031
1000010100010110200100001021102010102020111203030202001221111121211213030313021212131322002203213322303323022303032
10000101000101102001000010211020101020201112030302020012211111212112130303130212121313220022032133223033230223030333
10000101000101102001000010211020101020201112030302020012211111212112130303130212121313220022032133223033230223031
1000010100010110200100001021102010102020111203030202001221111121211213030313021212131322002203213322303323022303233
10000101000101102001000010211020101020201112030302020012211111212112130303130212121313220022032133223033230223033
100001010001011020010000102110201010202011120303020200122111112121121303031302121213132200220321332230332303
10000101000101102001000010211020101020201112030302020012211111212112130303130212121313220022032133223033231
100001010001011020010000102110201010202011120303020200122111112121121303031302121213132200220321332230332321
100001010001011020010000102110201010202011120303020200122111112121121303031302121213132200220321332230332322
100001010001011020010000102110201010202011120303020200122111112121121303031302121213132200220321332230332323
10000101000101102001000010211020101020201112030302020012211111212112130303130212121313220022032133223033233
1000010100010110200100001021102010102020111203030202001221111121211213030313022
1000010100010110200100001021102010102020111203030202001221111121211213030313023
100001010001011020010000102110201010202011120303020200122111112122
100001010001011020010000102110201010202011120303020200122111112123
10000101000101102001000010211020101020201112030302020012211112
10000101000101102001000010211020101020201112030302020012211113
1000010100010110200100001021102010102020111203030202002
1000010100010110200100001021102010102020111203030202003
10000101000101102001000010211020102
10000101000101102001000010211020103
0000010001001102001010100010211020101112020202011203020200030
00000100010011020010101000102110201011120202020112030202000311112121211303030
000001000100110200101010001021102010111202020201120302020003111121212113030313010
000001000100110200101010001021102010111202020201120302020003111121212113030313011
000001000100110200101010001021102010111202020201120302020003111121212113030313012231
000001000100110200101010001021102010111202020201120302020003111121212113030313012232
000001000100110200101010001021102010111202020201120302020003111121212113030313012233
000001000100110200101010001021102010111202020201120302020003111121212113030313013
0000010001001102001010100010211020101112020202011203020200031111212121130303130203
0000010001001102001010100010211020101112020202011203020200031111212121130303130212121222103132210
00000100010011020010101000102110201011120202020112030202000311112121211303031302121212221031322113220
0000010001001102001010100010211020101112020202011203020200031111212121130303130212121222103132211322130
0000010001001102001010100010211020101112020202011203020200031111212121130303130212121222103132211322131
0000010001001102001010100010211020101112020202011203020200031111212121130303130212121222103132211322132
0000010001001102001010100010211020101112020202011203020200031111212121130303130212121222103132211322133
0000010001001102001010100010211020101112020202011203020200031111212121130303130212121222103132211322232
0000010001001102001010100010211020101112020202011203020200031111212121130303130212121222103132211322233
000001000100110200101010001021102010111202020201120302020003111121212113030313021212122210313221132233130
000001000100110200101010001021102010111202020201120302020003111121212113030313021212122210313221132233131
000001000100110200101010001021102010111202020201120302020003111121212113030313021212122210313221132233132
000001000100110200101010001021102010111202020201120302020003111121212113030313021212122210313221132233133
000001000100110200101010001021102010111202020201120302020003111121212113030313021212122210313221132233233
00000100010011020010101000102110201011120202020112030202000311112121211303031302121212221031322113230311
00000100010011020010101000102110201011120202020112030202000311112121211303031302121212221031322113230312
00000100010011020010101000102110201011120202020112030202000311112121211303031302121212221031322113230313
0000010001001102001010100010211020101112020202011203020200031111212121130303130212121222103132211323032
000001000100110200101010001021102010111202020201120302020003111121212113030313021212122210313221132303313
0000010001001102001010100010211020101112020202011203020200031111212121130303130212121222103132211323033220
0000010001001102001010100010211020101112020202011203020200031111212121130303130212121222103132211323033221
0000010001001102001010100010211020101112020202011203020200031111212121130303130212121222103132211323033222
0000010001001102001010100010211020101112020202011203020200031111212121130303130212121222103132211323033223
000001000100110200101010001021102010111202020201120302020003111121212113030313021212122210313221132303323021
000001000100110200101010001021102010111202020201120302020003111121212113030313021212122210313221132303323022303031
000001000100110200101010001021102010111202020201120302020003111121212113030313021212122210313221132303323022303032
0000010001001102001010100010211020101112020202011203020200031111212121130303130212121222103132211323033230223030333
00000100010011020010101000102110201011120202020112030202000311112121211303031302121212221031322113230332302230313
000001000100110200101010001021102010111202020201120302020003111121212113030313021212122210313221132303323022303233
0000010001001102001010100010211020101112020202011203020200031111212121130303130212121222103132211323033230223033
00000100010011020010101000102110201011120202020112030202000311112121211303031302121212221031322113230332303
0000010001001102001010100010211020101112020202011203020200031111212121130303130212121222103132211323033231223
00000100010011020010101000102110201011120202020112030202000311112121211303031302121212221031322113230332313
0000010001001102001010100010211020101112020202011203020200031111212121130303130212121222103132211323033232
0000010001001102001010100010211020101112020202011203020200031111212121130303130212121222103132211323033233
000001000100110200101010001021102010111202020201120302020003111121212113030313022
000001000100110200101010001021102010111202020201120302020003111121212113030313023
00000100010011020010101000102110201011120202020112030202000311112122
00000100010011020010101000102110201011120202020112030202000311112123
0000010001001102001010100010211020101112020202011203020200031112
0000010001001102001010100010211020101112020202011203020200031113
00000100010011020010101000102110201011120202020112030202001
00000100010011020010101000102110201011120202020112030202002
00000100010011020010101000102110201011120202020112030202003
0000010001001102001010100010211020102
0000010001001102001010100010211020103
20010002001000010110300010101010211020202000202011120303111112121120
20010002001000010110300010101010211020202000202011120303111112121121303030
200100020010000101103000101010102110202020002020111203031111121211213030313010
200100020010000101103000101010102110202020002020111203031111121211213030313011
200100020010000101103000101010102110202020002020111203031111121211213030313012231
200100020010000101103000101010102110202020002020111203031111121211213030313012232
200100020010000101103000101010102110202020002020111203031111121211213030313012233
200100020010000101103000101010102110202020002020111203031111121211213030313013
2001000200100001011030001010101021102020200020201112030311111212112130303130203
200100020010000101103000101010102110202020002020111203031111121211213030313021212122131
200100020010000101103000101010102110202020002020111203031111121211213030313021212122132200210
2001000200100001011030001010101021102020200020201112030311111212112130303130212121221322002113210
200100020010000101103000101010102110202020002020111203031111121211213030313021212122132200211321130
200100020010000101103000101010102110202020002020111203031111121211213030313021212122132200211321131
200100020010000101103000101010102110202020002020111203031111121211213030313021212122132200211321132
200100020010000101103000101010102110202020002020111203031111121211213030313021212122132200211321133
200100020010000101103000101010102110202020002020111203031111121211213030313021212122132200211321232
200100020010000101103000101010102110202020002020111203031111121211213030313021212122132200211321233
20010002001000010110300010101010211020202000202011120303111112121121303031302121212213220021132133130
20010002001000010110300010101010211020202000202011120303111112121121303031302121212213220021132133131
20010002001000010110300010101010211020202000202011120303111112121121303031302121212213220021132133132
20010002001000010110300010101010211020202000202011120303111112121121303031302121212213220021132133133
200100020010000101103000101010102110202020002020111203031111121211213030313021212122132200211321332220
200100020010000101103000101010102110202020002020111203031111121211213030313021212122132200211321332221
200100020010000101103000101010102110202020002020111203031111121211213030313021212122132200211321332222
200100020010000101103000101010102110202020002020111203031111121211213030313021212122132200211321332223
20010002001000010110300010101010211020202000202011120303111112121121303031302121212213220021132133223031
20010002001000010110300010101010211020202000202011120303111112121121303031302121212213220021132133223032
2001000200100001011030001010101021102020200020201112030311111212112130303130212121221322002113213322303313
20010002001000010110300010101010211020202000202011120303111112121121303031302121212213220021132133223033221
20010002001000010110300010101010211020202000202011120303111112121121303031302121212213220021132133223033222
20010002001000010110300010101010211020202000202011120303111112121121303031302121212213220021132133223033223
200100020010000101103000101010102110202020002020111203031111121211213030313021212122132200211321332230332301233
2001000200100001011030001010101021102020200020201112030311111212112130303130212121221322002113213322303323013
2001000200100001011030001010101021102020200020201112030311111212112130303130212121221322002113213322303323022303031
2001000200100001011030001010101021102020200020201112030311111212112130303130212121221322002113213322303323022303032
20010002001000010110300010101010211020202000202011120303111112121121303031302121212213220021132133223033230223030333
20010002001000010110300010101010211020202000202011120303111112121121303031302121212213220021132133223033230223031
2001000200100001011030001010101021102020200020201112030311111212112130303130212121221322002113213322303323022303233
20010002001000010110300010101010211020202000202011120303111112121121303031302121212213220021132133223033230223033
200100020010000101103000101010102110202020002020111203031111121211213030313021212122132200211321332230332303
20010002001000010110300010101010211020202000202011120303111112121121303031302121212213220021132133223033231223
200100020010000101103000101010102110202020002020111203031111121211213030313021212122132200211321332230332313
20010002001000010110300010101010211020202000202011120303111112121121303031302121212213220021132133223033232
20010002001000010110300010101010211020202000202011120303111112121121303031302121212213220021132133223033233
200100020010000101103000101010102110202020002020111203031111121211213030313022
200100020010000101103000101010102110202020002020111203031111121211213030313023
20010002001000010110300010101010211020202000202011120303111112122
20010002001000010110300010101010211020202000202011120303111112123
2001000200100001011030001010101021102020200020201112030311112
2001000200100001011030001010101021102020200020201112030311113
20010002001000010110300010101010211020202001
20010002001000010110300010101010211020202002
20010002001000010110300010101010211020202003
200100020010000101103000102
200100020010000101103000103
30000010001001102001010100010211020101112020202011203020200030
300000100010011020010101000102110201011120202020112030202000311112121211303030
3000001000100110200101010001021102010111202020201120302020003111121212113030313010
3000001000100110200101010001021102010111202020201120302020003111121212113030313011
3000001000100110200101010001021102010111202020201120302020003111121212113030313012231
3000001000100110200101010001021102010111202020201120302020003111121212113030313012232
3000001000100110200101010001021102010111202020201120302020003111121212113030313012233
3000001000100110200101010001021102010111202020201120302020003111121212113030313013
30000010001001102001010100010211020101112020202011203020200031111212121130303130203
30000010001001102001010100010211020101112020202011203020200031111212121130303130212121222103132210
300000100010011020010101000102110201011120202020112030202000311112121211303031302121212221031322113220
30000010001001102001010100010211020101112020202011203020200031111212121130303130212121222103132211322130
30000010001001102001010100010211020101112020202011203020200031111212121130303130212121222103132211322131
30000010001001102001010100010211020101112020202011203020200031111212121130303130212121222103132211322132
30000010001001102001010100010211020101112020202011203020200031111212121130303130212121222103132211322133
30000010001001102001010100010211020101112020202011203020200031111212121130303130212121222103132211322232
30000010001001102001010100010211020101112020202011203020200031111212121130303130212121222103132211322233
3000001000100110200101010001021102010111202020201120302020003111121212113030313021212122210313221132233130
3000001000100110200101010001021102010111202020201120302020003111121212113030313021212122210313221132233131
3000001000100110200101010001021102010111202020201120302020003111121212113030313021212122210313221132233132
3000001000100110200101010001021102010111202020201120302020003111121212113030313021212122210313221132233133
3000001000100110200101010001021102010111202020201120302020003111121212113030313021212122210313221132233233
300000100010011020010101000102110201011120202020112030202000311112121211303031302121212221031322113230311
300000100010011020010101000102110201011120202020112030202000311112121211303031302121212221031322113230312
300000100010011020010101000102110201011120202020112030202000311112121211303031302121212221031322113230313
30000010001001102001010100010211020101112020202011203020200031111212121130303130212121222103132211323032
3000001000100110200101010001021102010111202020201120302020003111121212113030313021212122210313221132303313
30000010001001102001010100010211020101112020202011203020200031111212121130303130212121222103132211323033220
30000010001001102001010100010211020101112020202011203020200031111212121130303130212121222103132211323033221
30000010001001102001010100010211020101112020202011203020200031111212121130303130212121222103132211323033222
30000010001001102001010100010211020101112020202011203020200031111212121130303130212121222103132211323033223
30000010001001102001010100010211020101112020202011203020200031111212121130303130212121222103132211323033231223
300000100010011020010101000102110201011120202020112030202000311112121211303031302121212221031322113230332313
30000010001001102001010100010211020101112020202011203020200031111212121130303130212121222103132211323033232
30000010001001102001010100010211020101112020202011203020200031111212121130303130212121222103132211323033233
30000010001001102001010100010211020101112020202011203020200031111212121130303130212121222103132211323033303031
30000010001001102001010100010211020101112020202011203020200031111212121130303130212121222103132211323033303032
30000010001001102001010100010211020101112020202011203020200031111212121130303130212121222103132211323033303033
3000001000100110200101010001021102010111202020201120302020003111121212113030313021212122210313221132303330313
3000001000100110200101010001021102010111202020201120302020003111121212113030313021212122210313221132303330321
30000010001001102001010100010211020101112020202011203020200031111212121130303130212121222103132211323033303223
30000010001001102001010100010211020101112020202011203020200031111212121130303130212121222103132211323033303233
300000100010011020010101000102110201011120202020112030202000311112121211303031302121212221031322113230333033
3000001000100110200101010001021102010111202020201120302020003111121212113030313022
3000001000100110200101010001021102010111202020201120302020003111121212113030313023
300000100010011020010101000102110201011120202020112030202000311112122
300000100010011020010101000102110201011120202020112030202000311112123
30000010001001102001010100010211020101112020202011203020200031112
30000010001001102001010100010211020101112020202011203020200031113
300000100010011020010101000102110201011120202020112030202001
300000100010011020010101000102110201011120202020112030202002
300000100010011020010101000102110201011120202020112030202003
3000001000100110200101010001021102010111202020202
3000001000100110200101010001021102010111202020203
30000010001001102001010100010211020102
30000010001001102001010100010211020103
