00000000
010000
020
030
0010
0020
00300
00010
00020
00030
000010
000020
000030
0000010
00000200
0000030
00000010
00000020
000000300
00000001
00000002
00000003
0110
0120
0130
01010
01020
01030
010010
010020
0100300
010001
010002
010003
021
022
023
031
032
033
0011
0012
0013
0021
0022
0023
00310
00320
00330
00301
00302
00303
00011
00012
00013
00021
00022
00023
00031
00032
00033
000011
000012
000013
000021
000022
000023
000031
000032
000033
0000011
0000012
0000013
00000210
00000220
00000230
00000201
00000202
00000203
0000031
0000032
0000033
00000011
00000012
00000013
00000021
00000022
00000023
000000310
000000320
000000330
000000301
000000302
000000303
0111
0112
0113
0121
0122
0123
0131
0132
0133
01011
01012
01013
01021
01022
01023
01031
01032
01033
010011
010012
010013
010021
010022
010023
0100310
0100320
0100330
0100301
0100302
0100303
00311
00312
00313
00321
00322
00323
003310
003320
003330
00000211
00000212
00000213
00000221
00000222
00000223
00000231
00000232
00000233
000000311
000000312
000000313
000000321
000000322
000000323
000000331
000000332
000000333
0100311
0100312
0100313
0100321
0100322
0100323
0100331
0100332
0100333
003311
003312
003313
003321
003322
003323
003331
003332
003333
20000
2100
220000
230
2010
2020
20300
20010
20020
20030000
20001
20002
20003
2110
2120
21300
2101
2102
2103
2210
2220
223000
22010
22020
22030
220010
220020
220030
220001
220002
220003
231
232
233
2011
2012
2013
2021
2022
2023
20310
20320
20330
20301
20302
20303
20011
20012
20013
20021
20022
20023
200310
200320
200330
2003010
2003020
2003030
20030010
20030020
20030030
20030001
20030002
20030003
2111
2112
2113
2121
2122
2123
21310
21320
21330
21301
21302
21303
2211
2212
2213
2221
2222
2223
22310
2232
22330
223010
223020
223030
223001
223002
223003
22011
22012
22013
22021
22022
22023
22031
22032
22033
220011
220012
220013
220021
220022
220023
220031
220032
220033
20311
20312
20313
20321
20322
20323
20331
20332
20333
200311
200312
200313
200321
200322
200323
200331
200332
200333
2003011
2003012
2003013
2003021
2003022
2003023
2003031
2003032
2003033
20030011
20030012
20030013
20030021
20030022
20030023
20030031
20030032
20030033
21311
21312
21313
21321
21322
21323
21331
21332
21333
22311
22312
22313
22331
22332
22333
223011
223012
223013
223021
223022
223023
223031
223032
223033
3000000
310
320000
3300
3010
3020
3030
30010
30020
30030
300010
3000200
300030
3000010
3000020
30000300
3000001
3000002
3000003
311
312
313
3210
3220
3230
32010
32020
32030
320010
320020
3200300
320001
320002
320003
3310
3320
333000
3301
3302
3303
3011
3012
3013
3021
3022
3023
3031
3032
3033
30011
30012
30013
30021
30022
30023
30031
30032
30033
300011
300012
300013
3000210
3000220
3000230
3000201
3000202
3000203
300031
300032
300033
3000011
3000012
3000013
3000021
3000022
3000023
30000310
30000320
30000330
30000301
30000302
30000303
3211
3212
3213
3221
3222
3223
3231
3232
3233
32011
32012
32013
32021
32022
32023
32031
32032
32033
320011
320012
320013
320021
320022
320023
3200310
3200320
3200330
3200301
3200302
3200303
3311
3312
3313
3321
3322
3323
33310
33320
3333
333010
333020
333030
333001
333002
333003
3000211
3000212
3000213
3000221
3000222
3000223
3000231
3000232
3000233
30000311
30000312
30000313
30000321
30000322
30000323
30000331
30000332
30000333
3200311
3200312
3200313
3200321
3200322
3200323
3200331
3200332
3200333
33311
33312
33313
33321
33322
33323
333011
333012
333013
333021
333022
333023
333031
333032
333033
10000000
110
120
13000000
1010
1020
1030
10010
10020
100300
100010
100020
1000300
1000010
1000020
1000030
10000010
100000200
10000030
10000001
10000002
10000003
111
112
113
121
122
123
131
1320
1330
13010
13020
13030
130010
130020
130030
1300010
1300020
1300030
13000010
13000020
13000030
13000001
13000002
13000003
1011
1012
1013
1021
1022
1023
1031
1032
1033
10011
10012
10013
10021
10022
10023
100310
100320
100330
100301
100302
100303
100011
100012
100013
100021
100022
100023
1000310
1000320
1000330
1000301
1000302
1000303
1000011
1000012
1000013
1000021
1000022
1000023
1000031
1000032
1000033
10000011
10000012
10000013
100000210
100000220
100000230
100000201
100000202
100000203
10000031
10000032
10000033
1321
1322
1323
1331
1332
1333
13011
13012
13013
13021
13022
13023
13031
13032
13033
130011
130012
130013
130021
130022
130023
130031
130032
130033
1300011
1300012
1300013
1300021
1300022
1300023
1300031
1300032
1300033
13000011
13000012
13000013
13000021
13000022
13000023
13000031
13000032
13000033
100311
100312
100313
100321
100322
100323
100331
100332
100333
1000311
1000312
1000313
1000321
1000322
1000323
1000331
1000332
1000333
100000211
100000212
100000213
100000221
100000222
100000223
100000231
100000232
100000233
