0 9 1 8 6 4 11 4 11 3 13 12 10 11 3 13 11 7 10 13 4 2 11
0 9 1 8 6 4 11 4 11 3 13 12 10 11 3 13 11 7 10 13 4 2 10 3 3 0 3
0 9 1 8 6 4 11 4 11 3 13 12 10 11 3 13 11 7 10 13 4 2 10 3 3 0 2 3
0 9 1 8 6 4 11 4 11 3 13 12 10 11 3 13 11 7 10 13 4 2 10 3 3 0 2 2
0 9 1 8 6 4 11 4 11 3 13 12 10 11 3 13 11 7 10 13 4 2 10 3 3 0 1 1 13 10 5 8 11
0 9 1 8 6 4 11 4 11 3 13 12 10 11 3 13 11 7 10 13 4 2 10 3 3 0 1 1 13 10 5 8 3
0 9 1 8 6 4 11 4 11 3 13 12 10 11 3 13 11 7 10 13 4 2 10 3 3 0 1 1 13 10 5 8 13
0 9 1 8 6 4 11 4 11 3 13 12 10 11 3 13 11 7 10 13 4 2 10 3 3 0 1 1 13 10 5 3
0 9 1 8 6 4 11 4 11 3 13 12 10 11 3 13 11 7 10 13 4 2 10 3 3 0 1 1 13 10 5 1 3
0 9 1 8 6 4 11 4 11 3 13 12 10 11 3 13 11 7 10 13 4 1
0 9 1 8 6 4 11 4 11 3 13 12 10 11 3 13 11 7 5
0 9 1 8 6 4 11 4 11 3 13 12 10 11 3 13 11 7 0
0 9 1 8 6 4 11 4 11 3 13 12 10 11 3 13 11 7 8
0 9 1 8 6 4 11 4 11 3 13 12 8
0 9 1 8 6 4 11 4 11 3 13 12 7
0 9 1 8 6 3
0 9 1 8 6 12
0 9 1 8 6 8
0 9 13
