0 7 4 2 7
0 1 7
0 6 16 12 9 5 12
0 16
0 7 10 0
0 7 3 15 11 9
0 7 4 8 7
0 7 4 16
0 7 4 2 12
0 7 4 2 14 11
0 1 14
0 1 6
0 1 16
0 6 9
0 6 12
0 6 14
0 6 16 7
0 6 16 8
0 6 16 12 14
0 6 16 12 17 2
0 6 16 12 9 6
0 6 16 12 9 17
0 6 16 12 9 7
0 6 16 12 9 5 13
0 6 16 12 9 5 6
0 7 10 12
0 7 10 13
0 7 10 4
0 7 13 16
0 7 13 9
0 7 13 3
0 7 3 10
0 7 3 15 5
0 7 3 15 3
0 7 3 15 11 4
0 7 3 15 11 14
0 7 4 8 6
0 7 4 8 12
0 7 4 8 4
0 7 4 2 14 2
0 7 4 2 14 16
0 7 4 2 14 8
0 6 16 12 17 11
0 6 16 12 17 17
0 6 16 12 17 14
