1000001100120101102030
10000011001201011020310
1000001100120101102031120202130211
1000001100120101102031120202130212130
1000001100120101102031120202130212131
100000110012010110203112020213021213222030
100000110012010110203112020213021213222031
1000001100120101102031120202130212132220323001
100000110012010110203112020213021213222032300233
1000001100120101102031120202130212132220323003121
1000001100120101102031120202130212132220323003122
1000001100120101102031120202130212132220323003123
10000011001201011020311202021302121322203230031310
10000011001201011020311202021302121322203230031311
10000011001201011020311202021302121322203230031312
1000001100120101102031120202130212132220323003131322
100000110012010110203112020213021213222032300313132332
100000110012010110203112020213021213222032300313132333
100000110012010110203112020213021213222032300313203
10000011001201011020311202021302121322203230031321
10000011001201011020311202021302121322203230031322
10000011001201011020311202021302121322203230031323
10000011001201011020311202021302121322203230031330
10000011001201011020311202021302121322203230031331
10000011001201011020311202021302121322203230031332
10000011001201011020311202021302121322203230031333
10000011001201011020311202021302121322203230113
1000001100120101102031120202130212132220323012
1000001100120101102031120202130212132220323013
1000001100120101102031120202130212132220323021
1000001100120101102031120202130212132220323022
1000001100120101102031120202130212132220323023
1000001100120101102031120202130212132220323033
1000001100120101102031120203
0010000200110102011021030
001000020011010201102103112030
00100002001101020110210311203120
0010000200110102011021031120312130211
0010000200110102011021031120312130212130
0010000200110102011021031120312130212131
0010000200110102011021031120312130212132220
0010000200110102011021031120312130212132221
00100002001101020110210311203121302121322223001
0010000200110102011021031120312130212132222300232
0010000200110102011021031120312130212132222300233
00100002001101020110210311203121302121322223003123
001000020011010201102103112031213021213222230031310
001000020011010201102103112031213021213222230031311
001000020011010201102103112031213021213222230031312
00100002001101020110210311203121302121322223003131322
0010000200110102011021031120312130212132222300313132332
0010000200110102011021031120312130212132222300313132333
0010000200110102011021031120312130212132222300313203
001000020011010201102103112031213021213222230031321
001000020011010201102103112031213021213222230031322
001000020011010201102103112031213021213222230031323
001000020011010201102103112031213021213222230031330
001000020011010201102103112031213021213222230031331
001000020011010201102103112031213021213222230031332
001000020011010201102103112031213021213222230031333
001000020011010201102103112031213021213222230113
00100002001101020110210311203121302121322223012
00100002001101020110210311203121302121322223013
00100002001101020110210311203121302121322223022
00100002001101020110210311203121302121322223023
00100002001101020110210311203121302121322223033
0010000200110103
200001000110102011021030
2000010001101020110210311202113022030
200001000110102011021031120211302203120
200001000110102011021031120211302203121
200001000110102011021031120211302203122130
200001000110102011021031120211302203122131
20000100011010201102103112021130220312213223001
2000010001101020110210311202113022031221322300232
2000010001101020110210311202113022031221322300233
20000100011010201102103112021130220312213223003121
20000100011010201102103112021130220312213223003122
20000100011010201102103112021130220312213223003123
200001000110102011021031120211302203122132230031310
200001000110102011021031120211302203122132230031311
200001000110102011021031120211302203122132230031312
20000100011010201102103112021130220312213223003131322
2000010001101020110210311202113022031221322300313132332
2000010001101020110210311202113022031221322300313132333
2000010001101020110210311202113022031221322300313203
200001000110102011021031120211302203122132230031321
200001000110102011021031120211302203122132230031322
200001000110102011021031120211302203122132230031323
200001000110102011021031120211302203122132230031330
200001000110102011021031120211302203122132230031331
200001000110102011021031120211302203122132230031332
200001000110102011021031120211302203122132230031333
200001000110102011021031120211302203122132230112
200001000110102011021031120211302203122132230113
20000100011010201102103112021130220312213223012
20000100011010201102103112021130220312213223013
20000100011010201102103112021130220312213223023
20000100011010201102103112021130220312213223033
200001000110103
30010000200110102011021030
300100002001101020110210311203120
30010000200110102011021031120312130211
30010000200110102011021031120312130212130
30010000200110102011021031120312130212131
30010000200110102011021031120312130212132220
30010000200110102011021031120312130212132221
300100002001101020110210311203121302121322223001
30010000200110102011021031120312130212132222300232
30010000200110102011021031120312130212132222300233
300100002001101020110210311203121302121322223003123
3001000020011010201102103112031213021213222230031310
3001000020011010201102103112031213021213222230031311
3001000020011010201102103112031213021213222230031312
300100002001101020110210311203121302121322223003131322
30010000200110102011021031120312130212132222300313132332
30010000200110102011021031120312130212132222300313132333
30010000200110102011021031120312130212132222300313203
3001000020011010201102103112031213021213222230031321
3001000020011010201102103112031213021213222230031322
3001000020011010201102103112031213021213222230031323
3001000020011010201102103112031213021213222230031330
3001000020011010201102103112031213021213222230031331
3001000020011010201102103112031213021213222230031332
3001000020011010201102103112031213021213222230031333
3001000020011010201102103112031213021213222230113
300100002001101020110210311203121302121322223012
300100002001101020110210311203121302121322223013
300100002001101020110210311203121302121322223022
300100002001101020110210311203121302121322223023
300100002001101020110210311203121302121322223033
30010000200110103
