01103311191118341118513611191411110741194271114
01103311191118341118513611191411110741194271111
011033111911183411185136111914111107411942791
01103311191118341118513611191411110741194271111
011033111911183411185136111914111107411942711112251
011033111911183411185136111914111107411942711112254
01103311191118341118513611191411110741194271111224
0110331119111834111851361119141111074119427111111
0110331119111834111851361119141111074119427111111
0110331119111834111851361119141111074119427111111
011033111911183411185136111914111107411942711111
0110331119111834111851361119141111074119427111
0110331119111834111851361119141111011
011033111911183411185136111914111101185
011033111911183411185136111914111101181
01103311191118341118513611191411110119
01103311191118341118513611191411110117
0110331119111834111851361
0110331119111834111851362
