0,6,5,11,11,10,3,2,1,11,11,4,10,5,7,10,6,7,7,11
0,6,5,11,11,10,3,2,1,11,11,4,10,5,7,10,6,7
0,6,5,11,11,10,3,2,1,11,11,4,10,5,7,10,6,1,3,1,6
0,6,5,11,11,10,3,2,1,11,11,4,10,5,7,10,6,1,3,1,11
0,6,5,11,11,10,3,2,1,11,11,4,10,5,7,10,6,1,3,5,10,11
0,6,5,11,11,10,3,2,1,11,11,4,10,5,7,10,6,1,3,5,5
0,6,5,11,11,10,3,2,1,11,11,4,10,5,7,10,6,1,3,2,0,6
0,6,5,11,11,10,3,2,1,11,11,4,10,5,7,10,6,1,3,2,0,9,6
0,6,5,11,11,10,3,2,1,11,11,4,10,5,7,10,6,1,3,2,0,9,2,8,5
0,6,5,11,11,10,3,2,1,11,11,4,10,5,7,10,6,1,3,2,0,9,2,8,4,4,0,9,2,5
0,6,5,11,11,10,3,2,1,11,11,4,10,5,7,10,6,1,3,2,0,9,2,8,4,4,0,9,4,10
