100000000100001002010020101011102020120303010
10000000010000100201002010101110202012030301121110130120
10000000010000100201002010101110202012030301121110130121
100000000100001002010020101011102020120303011211101301221201020221
100000000100001002010020101011102020120303011211101301221201020222231303103202313032330
10000000010000100201002010101110202012030301121110130122120102022223130310320231303233111020302
1000000001000010020100201010111020201203030112111013012212010202222313031032023130323311102030320
1000000001000010020100201010111020201203030112111013012212010202222313031032023130323311102030321
1000000001000010020100201010111020201203030112111013012212010202222313031032023130323311102030322
1000000001000010020100201010111020201203030112111013012212010202222313031032023130323311102030323
1000000001000010020100201010111020201203030112111013012212010202222313031032023130323311102030330
1000000001000010020100201010111020201203030112111013012212010202222313031032023130323311102030331
1000000001000010020100201010111020201203030112111013012212010202222313031032023130323311102030332
1000000001000010020100201010111020201203030112111013012212010202222313031032023130323311102030333
10000000010000100201002010101110202012030301121110130122120102022223130310320231303233111020311211
10000000010000100201002010101110202012030301121110130122120102022223130310320231303233111020311212
100000000100001002010020101011102020120303011211101301221201020222231303103202313032331110203112132
100000000100001002010020101011102020120303011211101301221201020222231303103202313032331110203112133
100000000100001002010020101011102020120303011211101301221201020222231303103202313032331110203112212
100000000100001002010020101011102020120303011211101301221201020222231303103202313032331110203112213
10000000010000100201002010101110202012030301121110130122120102022223130310320231303233111020311222131121
10000000010000100201002010101110202012030301121110130122120102022223130310320231303233111020311222131122
10000000010000100201002010101110202012030301121110130122120102022223130310320231303233111020311222131123
10000000010000100201002010101110202012030301121110130122120102022223130310320231303233111020311222131131202
10000000010000100201002010101110202012030301121110130122120102022223130310320231303233111020311222131131203
10000000010000100201002010101110202012030301121110130122120102022223130310320231303233111020311222131131211
100000000100001002010020101011102020120303011211101301221201020222231303103202313032331110203112221311312122
100000000100001002010020101011102020120303011211101301221201020222231303103202313032331110203112221311312123
100000000100001002010020101011102020120303011211101301221201020222231303103202313032331110203112221311312130
1000000001000010020100201010111020201203030112111013012212010202222313031032023130323311102031122213113121312
1000000001000010020100201010111020201203030112111013012212010202222313031032023130323311102031122213113121313
1000000001000010020100201010111020201203030112111013012212010202222313031032023130323311102031122213113121321
1000000001000010020100201010111020201203030112111013012212010202222313031032023130323311102031122213113121322
1000000001000010020100201010111020201203030112111013012212010202222313031032023130323311102031122213113121323232
10000000010000100201002010101110202012030301121110130122120102022223130310320231303233111020311222131131213232330
10000000010000100201002010101110202012030301121110130122120102022223130310320231303233111020311222131131213232331
10000000010000100201002010101110202012030301121110130122120102022223130310320231303233111020311222131131213232332
10000000010000100201002010101110202012030301121110130122120102022223130310320231303233111020311222131131213232333
100000000100001002010020101011102020120303011211101301221201020222231303103202313032331110203112221311312132332
100000000100001002010020101011102020120303011211101301221201020222231303103202313032331110203112221311312132333
100000000100001002010020101011102020120303011211101301221201020222231303103202313032331110203112221311312133
100000000100001002010020101011102020120303011211101301221201020222231303103202313032331110203112221311312230
100000000100001002010020101011102020120303011211101301221201020222231303103202313032331110203112221311312231
100000000100001002010020101011102020120303011211101301221201020222231303103202313032331110203112221311312232
100000000100001002010020101011102020120303011211101301221201020222231303103202313032331110203112221311312233
100000000100001002010020101011102020120303011211101301221201020222231303103202313032331110203112221311313
10000000010000100201002010101110202012030301121110130122120102022223130310320231303233111020311223
100000000100001002010020101011102020120303011211101301221201020222231303103202313032331110213
100000000100001002010020101011102020120303011211101301221201020222231303103202313032331110223
100000000100001002010020101011102020120303011211101301221201020222231303103202313032331110233
10000000010000100201002010101110202012030301121110130122120102022223130310320231303233111030
10000000010000100201002010101110202012030301121110130122120102022223130310320231303233111031
10000000010000100201002010101110202012030301121110130122120102022223130310320231303233111032
10000000010000100201002010101110202012030301121110130122120102022223130310320231303233111033
10000000010000100201002010101110202012030301121110130122120103
100000000100001002010020101011102020120303011211101301221202
100000000100001002010020101011102020120303011211101301221203
100000000100001002011
100000000100001002012
100000000100001002013
10001
10002
10003
2001000010020000002010101110202012030300100
2001000010020000002010101110202012030300101211010
200100001002000000201010111020201203030010121101130121
200100001002000000201010111020201203030010121101130122110223130310221
200100001002000000201010111020201203030010121101130122110223130310222312010203202
2001000010020000002010101110202012030300101211011301221102231303102223120102032032330
200100001002000000201010111020201203030010121101130122110223130310222312010203203233111020302
20010000100200000020101011102020120303001012110113012211022313031022231201020320323311102030320
20010000100200000020101011102020120303001012110113012211022313031022231201020320323311102030321
20010000100200000020101011102020120303001012110113012211022313031022231201020320323311102030322
20010000100200000020101011102020120303001012110113012211022313031022231201020320323311102030323
20010000100200000020101011102020120303001012110113012211022313031022231201020320323311102030330
20010000100200000020101011102020120303001012110113012211022313031022231201020320323311102030331
20010000100200000020101011102020120303001012110113012211022313031022231201020320323311102030332
20010000100200000020101011102020120303001012110113012211022313031022231201020320323311102030333
20010000100200000020101011102020120303001012110113012211022313031022231201020320323311102031121130
20010000100200000020101011102020120303001012110113012211022313031022231201020320323311102031121131121322
20010000100200000020101011102020120303001012110113012211022313031022231201020320323311102031121131121323
20010000100200000020101011102020120303001012110113012211022313031022231201020320323311102031121131121331203
200100001002000000201010111020201203030010121101130122110223130310222312010203203233111020311211311213312112
200100001002000000201010111020201203030010121101130122110223130310222312010203203233111020311211311213312113
200100001002000000201010111020201203030010121101130122110223130310222312010203203233111020311211311213312121
200100001002000000201010111020201203030010121101130122110223130310222312010203203233111020311211311213312122
200100001002000000201010111020201203030010121101130122110223130310222312010203203233111020311211311213312123
200100001002000000201010111020201203030010121101130122110223130310222312010203203233111020311211311213312130
2001000010020000002010101110202012030300101211011301221102231303102223120102032032331110203112113112133121312
2001000010020000002010101110202012030300101211011301221102231303102223120102032032331110203112113112133121313
20010000100200000020101011102020120303001012110113012211022313031022231201020320323311102031121131121331213213221
20010000100200000020101011102020120303001012110113012211022313031022231201020320323311102031121131121331213213222
2001000010020000002010101110202012030300101211011301221102231303102223120102032032331110203112113112133121321322330
2001000010020000002010101110202012030300101211011301221102231303102223120102032032331110203112113112133121321322331
2001000010020000002010101110202012030300101211011301221102231303102223120102032032331110203112113112133121321322332
20010000100200000020101011102020120303001012110113012211022313031022231201020320323311102031121131121331213213223332
20010000100200000020101011102020120303001012110113012211022313031022231201020320323311102031121131121331213213223333
200100001002000000201010111020201203030010121101130122110223130310222312010203203233111020311211311213312132132322
2001000010020000002010101110202012030300101211011301221102231303102223120102032032331110203112113112133121321323233
20010000100200000020101011102020120303001012110113012211022313031022231201020320323311102031121131121331213213233
200100001002000000201010111020201203030010121101130122110223130310222312010203203233111020311211311213312230
200100001002000000201010111020201203030010121101130122110223130310222312010203203233111020311211311213312231
200100001002000000201010111020201203030010121101130122110223130310222312010203203233111020311211311213312232
200100001002000000201010111020201203030010121101130122110223130310222312010203203233111020311211311213312233
200100001002000000201010111020201203030010121101130122110223130310222312010203203233111020311211311213313
200100001002000000201010111020201203030010121101130122110223130310222312010203203233111020311212
200100001002000000201010111020201203030010121101130122110223130310222312010203203233111020311213
2001000010020000002010101110202012030300101211011301221102231303102223120102032032331110213
2001000010020000002010101110202012030300101211011301221102231303102223120102032032331110223
2001000010020000002010101110202012030300101211011301221102231303102223120102032032331110233
200100001002000000201010111020201203030010121101130122110223130310222312010203203233111030
200100001002000000201010111020201203030010121101130122110223130310222312010203203233111031
200100001002000000201010111020201203030010121101130122110223130310222312010203203233111032
200100001002000000201010111020201203030010121101130122110223130310222312010203203233111033
2001000010020000002010101110202012030300101211011301221102231303102223120103
20010000100200000020101011102020120303001012110113012211022313031022231202
20010000100200000020101011102020120303001012110113012211022313031022231203
200100001002000000201010111020201203030011
200100001002000000201010111020201203030012
200100001002000000201010111020201203030013
200100001002001
200100001002002
200100001002003
30000010100001020000101110202012020301100100303010
300000101000010200001011102020120203011001003030112120
300000101000010200001011102020120203011001003030112121310221
3000001010000102000010111020201202030110010030301121213102221101
300000101000010200001011102020120203011001003030112121310222110222312010203202
30000010100001020000101110202012020301100100303011212131022211022231201020320313232330
3000001010000102000010111020201202030110010030301121213102221102223120102032031323233111020302
300000101000010200001011102020120203011001003030112121310222110222312010203203132323311102030320
300000101000010200001011102020120203011001003030112121310222110222312010203203132323311102030321
300000101000010200001011102020120203011001003030112121310222110222312010203203132323311102030322
300000101000010200001011102020120203011001003030112121310222110222312010203203132323311102030323
300000101000010200001011102020120203011001003030112121310222110222312010203203132323311102030330
300000101000010200001011102020120203011001003030112121310222110222312010203203132323311102030331
300000101000010200001011102020120203011001003030112121310222110222312010203203132323311102030332
300000101000010200001011102020120203011001003030112121310222110222312010203203132323311102030333
300000101000010200001011102020120203011001003030112121310222110222312010203203132323311102031121130
300000101000010200001011102020120203011001003030112121310222110222312010203203132323311102031121131121322
300000101000010200001011102020120203011001003030112121310222110222312010203203132323311102031121131121323
300000101000010200001011102020120203011001003030112121310222110222312010203203132323311102031121131121331203
3000001010000102000010111020201202030110010030301121213102221102223120102032031323233111020311211311213312112
3000001010000102000010111020201202030110010030301121213102221102223120102032031323233111020311211311213312113
3000001010000102000010111020201202030110010030301121213102221102223120102032031323233111020311211311213312121
3000001010000102000010111020201202030110010030301121213102221102223120102032031323233111020311211311213312122
3000001010000102000010111020201202030110010030301121213102221102223120102032031323233111020311211311213312123
3000001010000102000010111020201202030110010030301121213102221102223120102032031323233111020311211311213312130
30000010100001020000101110202012020301100100303011212131022211022231201020320313232331110203112113112133121312
30000010100001020000101110202012020301100100303011212131022211022231201020320313232331110203112113112133121313
300000101000010200001011102020120203011001003030112121310222110222312010203203132323311102031121131121331213213221
300000101000010200001011102020120203011001003030112121310222110222312010203203132323311102031121131121331213213222
30000010100001020000101110202012020301100100303011212131022211022231201020320313232331110203112113112133121321322330
30000010100001020000101110202012020301100100303011212131022211022231201020320313232331110203112113112133121321322331
30000010100001020000101110202012020301100100303011212131022211022231201020320313232331110203112113112133121321322332
300000101000010200001011102020120203011001003030112121310222110222312010203203132323311102031121131121331213213223333
3000001010000102000010111020201202030110010030301121213102221102223120102032031323233111020311211311213312132132322
30000010100001020000101110202012020301100100303011212131022211022231201020320313232331110203112113112133121321323233
300000101000010200001011102020120203011001003030112121310222110222312010203203132323311102031121131121331213213233
3000001010000102000010111020201202030110010030301121213102221102223120102032031323233111020311211311213312230
3000001010000102000010111020201202030110010030301121213102221102223120102032031323233111020311211311213312231
3000001010000102000010111020201202030110010030301121213102221102223120102032031323233111020311211311213312232
3000001010000102000010111020201202030110010030301121213102221102223120102032031323233111020311211311213312233
3000001010000102000010111020201202030110010030301121213102221102223120102032031323233111020311211311213313
3000001010000102000010111020201202030110010030301121213102221102223120102032031323233111020311212
3000001010000102000010111020201202030110010030301121213102221102223120102032031323233111020311213
30000010100001020000101110202012020301100100303011212131022211022231201020320313232331110213
30000010100001020000101110202012020301100100303011212131022211022231201020320313232331110223
30000010100001020000101110202012020301100100303011212131022211022231201020320313232331110233
3000001010000102000010111020201202030110010030301121213102221102223120102032031323233111030
3000001010000102000010111020201202030110010030301121213102221102223120102032031323233111031
3000001010000102000010111020201202030110010030301121213102221102223120102032031323233111032
3000001010000102000010111020201202030110010030301121213102221102223120102032031323233111033
3000001010000102000010111020201202030110010030301121213102221102223120103
30000010100001020000101110202012020301100100303011212131022211022231202
30000010100001020000101110202012020301100100303011212131022211022231203
3000001010000102000010111020201202030110011
3000001010000102000010111020201202030110012
3000001010000102000010111020201202030110013
3000001010000102001
3000001010000102002
3000001010000102003
0000010100001020000101110202012020301100100303010
00000101000010200001011102020120203011001003030112120
00000101000010200001011102020120203011001003030112121310221
000001010000102000010111020201202030110010030301121213102221101
0000010100001020000101110202012020301100100303011212131022211022230
00000101000010200001011102020120203011001003030112121310222110222312010203202
0000010100001020000101110202012020301100100303011212131022211022231201020320313232330
000001010000102000010111020201202030110010030301121213102221102223120102032031323233111020302
00000101000010200001011102020120203011001003030112121310222110222312010203203132323311102030320
00000101000010200001011102020120203011001003030112121310222110222312010203203132323311102030321
00000101000010200001011102020120203011001003030112121310222110222312010203203132323311102030322
00000101000010200001011102020120203011001003030112121310222110222312010203203132323311102030323
00000101000010200001011102020120203011001003030112121310222110222312010203203132323311102030330
00000101000010200001011102020120203011001003030112121310222110222312010203203132323311102030331
00000101000010200001011102020120203011001003030112121310222110222312010203203132323311102030332
00000101000010200001011102020120203011001003030112121310222110222312010203203132323311102030333
00000101000010200001011102020120203011001003030112121310222110222312010203203132323311102031121130
00000101000010200001011102020120203011001003030112121310222110222312010203203132323311102031121131121322
00000101000010200001011102020120203011001003030112121310222110222312010203203132323311102031121131121323
00000101000010200001011102020120203011001003030112121310222110222312010203203132323311102031121131121331203
000001010000102000010111020201202030110010030301121213102221102223120102032031323233111020311211311213312112
000001010000102000010111020201202030110010030301121213102221102223120102032031323233111020311211311213312113
000001010000102000010111020201202030110010030301121213102221102223120102032031323233111020311211311213312121
000001010000102000010111020201202030110010030301121213102221102223120102032031323233111020311211311213312122
000001010000102000010111020201202030110010030301121213102221102223120102032031323233111020311211311213312123
000001010000102000010111020201202030110010030301121213102221102223120102032031323233111020311211311213312130
0000010100001020000101110202012020301100100303011212131022211022231201020320313232331110203112113112133121312
0000010100001020000101110202012020301100100303011212131022211022231201020320313232331110203112113112133121313
00000101000010200001011102020120203011001003030112121310222110222312010203203132323311102031121131121331213213221
00000101000010200001011102020120203011001003030112121310222110222312010203203132323311102031121131121331213213222
0000010100001020000101110202012020301100100303011212131022211022231201020320313232331110203112113112133121321322330
0000010100001020000101110202012020301100100303011212131022211022231201020320313232331110203112113112133121321322331
0000010100001020000101110202012020301100100303011212131022211022231201020320313232331110203112113112133121321322332
00000101000010200001011102020120203011001003030112121310222110222312010203203132323311102031121131121331213213223333
000001010000102000010111020201202030110010030301121213102221102223120102032031323233111020311211311213312132132322
0000010100001020000101110202012020301100100303011212131022211022231201020320313232331110203112113112133121321323233
00000101000010200001011102020120203011001003030112121310222110222312010203203132323311102031121131121331213213233
000001010000102000010111020201202030110010030301121213102221102223120102032031323233111020311211311213312230
000001010000102000010111020201202030110010030301121213102221102223120102032031323233111020311211311213312231
000001010000102000010111020201202030110010030301121213102221102223120102032031323233111020311211311213312232
000001010000102000010111020201202030110010030301121213102221102223120102032031323233111020311211311213312233
000001010000102000010111020201202030110010030301121213102221102223120102032031323233111020311211311213313
000001010000102000010111020201202030110010030301121213102221102223120102032031323233111020311212
000001010000102000010111020201202030110010030301121213102221102223120102032031323233111020311213
0000010100001020000101110202012020301100100303011212131022211022231201020320313232331110213
0000010100001020000101110202012020301100100303011212131022211022231201020320313232331110223
0000010100001020000101110202012020301100100303011212131022211022231201020320313232331110233
000001010000102000010111020201202030110010030301121213102221102223120102032031323233111030
000001010000102000010111020201202030110010030301121213102221102223120102032031323233111031
000001010000102000010111020201202030110010030301121213102221102223120102032031323233111032
000001010000102000010111020201202030110010030301121213102221102223120102032031323233111033
000001010000102000010111020201202030110010030301121213102221102223120103
0000010100001020000101110202012020301100100303011212131022211022231202
0000010100001020000101110202012020301100100303011212131022211022231203
000001010000102000010111020201202030110011
000001010000102000010111020201202030110012
000001010000102000010111020201202030110013
000001010000102001
000001010000102002
000001010000102003
