0211112116118107211113811
02111121161181072111138126611352
021111211611810721111381266113511111719111111
02111121161181072111138126611351111171911101111511
0211112116118107211113812661135111117191110111151191
02111121161181072111138126611351111171911101111511911
02111121161181072111138126611351111171911101111511911604731
02111121161181072111138126611351111171911101111511911604731
0211112116118107211113812661135111117191110111151191160477
021111211611810721111381266113511111719111011115119116045
021111211611810721111381266113511111719111011115119116044111
021111211611810721111381266113511111719111011115119111
02111121161181072111138126611351111171911101111511911
02111121161181072111138126611351111171911101111511911
021111211611810721111381
021111211611810721111389
