0000010020000100101001110102030101020202030302030
000001002000010010100111010203010102020203030203121111120121312102203132130
00000100200001001010011101020301010202020303020312111112012131210220313213111213021103212223121
00000100200001001010011101020301010202020303020312111112012131210220313213111213021103212223122
00000100200001001010011101020301010202020303020312111112012131210220313213111213021103212223123120
00000100200001001010011101020301010202020303020312111112012131210220313213111213021103212223123121
00000100200001001010011101020301010202020303020312111112012131210220313213111213021103212223123122
0000010020000100101001110102030101020202030302031211111201213121022031321311121302110321222312312320
0000010020000100101001110102030101020202030302031211111201213121022031321311121302110321222312312321
0000010020000100101001110102030101020202030302031211111201213121022031321311121302110321222312312322
000001002000010010100111010203010102020203030203121111120121312102203132131112130211032122231231232330
000001002000010010100111010203010102020203030203121111120121312102203132131112130211032122231231232331
000001002000010010100111010203010102020203030203121111120121312102203132131112130211032122231231232332
000001002000010010100111010203010102020203030203121111120121312102203132131112130211032122231231232333
00000100200001001010011101020301010202020303020312111112012131210220313213111213021103212223123130322
00000100200001001010011101020301010202020303020312111112012131210220313213111213021103212223123130323
0000010020000100101001110102030101020202030302031211111201213121022031321311121302110321222312313033
0000010020000100101001110102030101020202030302031211111201213121022031321311121302110321222312313130
0000010020000100101001110102030101020202030302031211111201213121022031321311121302110321222312313131
0000010020000100101001110102030101020202030302031211111201213121022031321311121302110321222312313132322
0000010020000100101001110102030101020202030302031211111201213121022031321311121302110321222312313132323
0000010020000100101001110102030101020202030302031211111201213121022031321311121302110321222312313132333
000001002000010010100111010203010102020203030203121111120121312102203132131112130211032122231231313330
000001002000010010100111010203010102020203030203121111120121312102203132131112130211032122231231313331
000001002000010010100111010203010102020203030203121111120121312102203132131112130211032122231231313332
000001002000010010100111010203010102020203030203121111120121312102203132131112130211032122231231313333
00000100200001001010011101020301010202020303020312111112012131210220313213111213021103212223123132
00000100200001001010011101020301010202020303020312111112012131210220313213111213021103212223123133
0000010020000100101001110102030101020202030302031211111201213121022031321311121302110321223
00000100200001001010011101020301010202020303020312111112012131210220313213111213021103213
00000100200001001010011101020301010202020303020312111112012131210220313213111213021113
0000010020000100101001110102030101020202030302031211111201213121022031321311121302112
0000010020000100101001110102030101020202030302031211111201213121022031321311121302113
0000010020000100101001110102030101020202030302031211111201213121022031322
0000010020000100101001110102030101020202030302031211111201213121022031323
00000100200001001010011101020301010202020303020312111112012132
00000100200001001010011101020301010202020303020312111112012133
000001002000010010100111010203010102020203030203122
000001002000010010100111010203010102020203030203123
0000010020000100101001110102030101020203
000001002000010010100112
000001002000010010100113
000001002000010010101
000001002000010010102
000001002000010010103
0000010020000100102
0000010020000100103
2000001010021100010110102020000110301111202103010102020203030303112121220
200000101002110001011010202000011030111120210301010202020303030311212122111221223120
20000010100211000101101020200001103011112021030101020202030303031121212211122122312130220
20000010100211000101101020200001103011112021030101020202030303031121212211122122312130221
200000101002110001011010202000011030111120210301010202020303030311212122111221223121302223121
200000101002110001011010202000011030111120210301010202020303030311212122111221223121302223122
2000001010021100010110102020000110301111202103010102020203030303112121221112212231213022231232330
2000001010021100010110102020000110301111202103010102020203030303112121221112212231213022231232331
2000001010021100010110102020000110301111202103010102020203030303112121221112212231213022231232332
2000001010021100010110102020000110301111202103010102020203030303112121221112212231213022231232333
200000101002110001011010202000011030111120210301010202020303030311212122111221223121302223130
20000010100211000101101020200001103011112021030101020202030303031121212211122122312130222313131
20000010100211000101101020200001103011112021030101020202030303031121212211122122312130222313132
20000010100211000101101020200001103011112021030101020202030303031121212211122122312130222313133
2000001010021100010110102020000110301111202103010102020203030303112121221112212231213022231323223
200000101002110001011010202000011030111120210301010202020303030311212122111221223121302223132323131321
200000101002110001011010202000011030111120210301010202020303030311212122111221223121302223132323131322
20000010100211000101101020200001103011112021030101020202030303031121212211122122312130222313232313132330
20000010100211000101101020200001103011112021030101020202030303031121212211122122312130222313232313132331
20000010100211000101101020200001103011112021030101020202030303031121212211122122312130222313232313132332
200000101002110001011010202000011030111120210301010202020303030311212122111221223121302223132323131323332
200000101002110001011010202000011030111120210301010202020303030311212122111221223121302223132323131323333
200000101002110001011010202000011030111120210301010202020303030311212122111221223121302223132323132
200000101002110001011010202000011030111120210301010202020303030311212122111221223121302223132323133
20000010100211000101101020200001103011112021030101020202030303031121212211122122312130222313233
200000101002110001011010202000011030111120210301010202020303030311212122111221223121302223133
200000101002110001011010202000011030111120210301010202020303030311212122111221223121303
200000101002110001011010202000011030111120210301010202020303030311212122111221223122
200000101002110001011010202000011030111120210301010202020303030311212122111221223123
200000101002110001011010202000011030111120210301010202020303030311212122111221223130
200000101002110001011010202000011030111120210301010202020303030311212122111221223131
200000101002110001011010202000011030111120210301010202020303030311212122111221223132
200000101002110001011010202000011030111120210301010202020303030311212122111221223133
2000001010021100010110102020000110301111202103010102020203030303112121221112213
2000001010021100010110102020000110301111202103010102020203030303112122
2000001010021100010110102020000110301111202103010102020203030303112123
20000010100211000101101020200001103011112021030101020203
20000010100211000101101020200001103011113
200000101002110001011010202000012
200000101002110001011010202000013
200000101002111
200000101002112
200000101002113
20000010101
20000010102
20000010103
200000102
200000103
100000100110001012000110102020010102111112012130202031210220303020303132130
10000010011000101200011010202001010211111201213020203121022030302030313213111213021103212223121
10000010011000101200011010202001010211111201213020203121022030302030313213111213021103212223122
10000010011000101200011010202001010211111201213020203121022030302030313213111213021103212223123120
10000010011000101200011010202001010211111201213020203121022030302030313213111213021103212223123121
10000010011000101200011010202001010211111201213020203121022030302030313213111213021103212223123122
1000001001100010120001101020200101021111120121302020312102203030203031321311121302110321222312312320
1000001001100010120001101020200101021111120121302020312102203030203031321311121302110321222312312321
1000001001100010120001101020200101021111120121302020312102203030203031321311121302110321222312312322
100000100110001012000110102020010102111112012130202031210220303020303132131112130211032122231231232330
100000100110001012000110102020010102111112012130202031210220303020303132131112130211032122231231232331
100000100110001012000110102020010102111112012130202031210220303020303132131112130211032122231231232332
100000100110001012000110102020010102111112012130202031210220303020303132131112130211032122231231232333
1000001001100010120001101020200101021111120121302020312102203030203031321311121302110321222312313031
10000010011000101200011010202001010211111201213020203121022030302030313213111213021103212223123130322
10000010011000101200011010202001010211111201213020203121022030302030313213111213021103212223123130323
1000001001100010120001101020200101021111120121302020312102203030203031321311121302110321222312313033
1000001001100010120001101020200101021111120121302020312102203030203031321311121302110321222312313130
1000001001100010120001101020200101021111120121302020312102203030203031321311121302110321222312313131
1000001001100010120001101020200101021111120121302020312102203030203031321311121302110321222312313132322
1000001001100010120001101020200101021111120121302020312102203030203031321311121302110321222312313132323
1000001001100010120001101020200101021111120121302020312102203030203031321311121302110321222312313132333
100000100110001012000110102020010102111112012130202031210220303020303132131112130211032122231231313330
100000100110001012000110102020010102111112012130202031210220303020303132131112130211032122231231313331
100000100110001012000110102020010102111112012130202031210220303020303132131112130211032122231231313332
100000100110001012000110102020010102111112012130202031210220303020303132131112130211032122231231313333
10000010011000101200011010202001010211111201213020203121022030302030313213111213021103212223123132
10000010011000101200011010202001010211111201213020203121022030302030313213111213021103212223123133
1000001001100010120001101020200101021111120121302020312102203030203031321311121302110321223
10000010011000101200011010202001010211111201213020203121022030302030313213111213021103213
10000010011000101200011010202001010211111201213020203121022030302030313213111213021113
1000001001100010120001101020200101021111120121302020312102203030203031321311121302112
1000001001100010120001101020200101021111120121302020312102203030203031321311121302113
1000001001100010120001101020200101021111120121302020312102203030203031322
1000001001100010120001101020200101021111120121302020312102203030203031323
100000100110001012000110102020010102111112012130202032
100000100110001012000110102020010102111112012130202033
100000100110001012000110102020010102111112012130203
1000001001100010120001101020200101022
1000001001100010120001101020200101023
10000010011000101200012
10000010011000101200013
100000101
100000102
100000103
1000002
1000003
3000001002000010010100111010203010102020203030203121111120121312102203132130
300000100200001001010011101020301010202020303020312111112012131210220313213111213021103212223121
300000100200001001010011101020301010202020303020312111112012131210220313213111213021103212223122
300000100200001001010011101020301010202020303020312111112012131210220313213111213021103212223123120
300000100200001001010011101020301010202020303020312111112012131210220313213111213021103212223123121
300000100200001001010011101020301010202020303020312111112012131210220313213111213021103212223123122
30000010020000100101001110102030101020202030302031211111201213121022031321311121302110321222312312320
30000010020000100101001110102030101020202030302031211111201213121022031321311121302110321222312312321
30000010020000100101001110102030101020202030302031211111201213121022031321311121302110321222312312322
3000001002000010010100111010203010102020203030203121111120121312102203132131112130211032122231231232330
3000001002000010010100111010203010102020203030203121111120121312102203132131112130211032122231231232331
3000001002000010010100111010203010102020203030203121111120121312102203132131112130211032122231231232332
3000001002000010010100111010203010102020203030203121111120121312102203132131112130211032122231231232333
300000100200001001010011101020301010202020303020312111112012131210220313213111213021103212223123130322
300000100200001001010011101020301010202020303020312111112012131210220313213111213021103212223123130323
30000010020000100101001110102030101020202030302031211111201213121022031321311121302110321222312313033
30000010020000100101001110102030101020202030302031211111201213121022031321311121302110321222312313130
30000010020000100101001110102030101020202030302031211111201213121022031321311121302110321222312313131
30000010020000100101001110102030101020202030302031211111201213121022031321311121302110321222312313132322
30000010020000100101001110102030101020202030302031211111201213121022031321311121302110321222312313132323
30000010020000100101001110102030101020202030302031211111201213121022031321311121302110321222312313132333
3000001002000010010100111010203010102020203030203121111120121312102203132131112130211032122231231313330
3000001002000010010100111010203010102020203030203121111120121312102203132131112130211032122231231313331
3000001002000010010100111010203010102020203030203121111120121312102203132131112130211032122231231313332
3000001002000010010100111010203010102020203030203121111120121312102203132131112130211032122231231313333
300000100200001001010011101020301010202020303020312111112012131210220313213111213021103212223123132
300000100200001001010011101020301010202020303020312111112012131210220313213111213021103212223123133
30000010020000100101001110102030101020202030302031211111201213121022031321311121302110321223
300000100200001001010011101020301010202020303020312111112012131210220313213111213021103213
300000100200001001010011101020301010202020303020312111112012131210220313213111213021113
30000010020000100101001110102030101020202030302031211111201213121022031321311121302112
30000010020000100101001110102030101020202030302031211111201213121022031321311121302113
30000010020000100101001110102030101020202030302031211111201213121022031322
30000010020000100101001110102030101020202030302031211111201213121022031323
300000100200001001010011101020301010202020303020312111112012132
300000100200001001010011101020301010202020303020312111112012133
3000001002000010010100111010203010102020203030203122
3000001002000010010100111010203010102020203030203123
30000010020000100101001110102030101020203
3000001002000010010100112
3000001002000010010100113
3000001002000010010101
3000001002000010010102
3000001002000010010103
30000010020000100102
30000010020000100103
