2000
2100
22
230
2010
20200
2030
2001
2002
2003
2110
2120
2130
2101
2102
2103
231
232
233
2011
2012
2013
20210
20220
20230
20201
20202
20203
2031
2032
2033
2111
2112
2113
2121
2122
2123
2131
2132
2133
20211
20212
20213
20221
20222
20223
20231
20232
20233
000
0100
0200
030
001
002
003
0110
0120
0130
0101
0102
0103
0210
0220
0230
0201
0202
0203
031
032
033
0111
0112
0113
0121
0122
0123
0131
0132
0133
0211
0212
0213
0221
0222
0223
0231
0232
0233
1000
1100
120
130
1010
1020
1030
1001
1002
1003
1110
1120
1130
1101
1102
1103
121
122
123
131
132
133
1011
1012
1013
1021
1022
1023
1031
1032
1033
1111
1112
1113
1121
1122
1123
1131
1132
1133
3000
3100
320
33
3010
30200
3030
3001
3002
3003
3110
3120
3130
3101
3102
3103
321
322
323
3011
3012
3013
30210
30220
30230
30201
30202
30203
3031
3032
3033
3111
3112
3113
3121
3122
3123
3131
3132
3133
30211
30212
30213
30221
30222
30223
30231
30232
30233
