0 7 5 9 5 11 15 1 16 14 12 17 16 16 6 6 9 5 7 6 5 13 8 12 15 8 13 10 2 5
0 7 5 9 5 11 15 1 16 14 12 17 16 16 6 6 9 5 7 6 5 13 8 12 15 8 13 10 2 1 2 6 4 17 4 1 3 9 16 16
0 7 5 9 5 11 15 1 16 14 12 17 16 16 6 6 9 5 7 6 5 13 8 12 15 8 13 10 2 1 2 6 4 17 4 1 3 9 4 1 12 8 15 14 4 3 3 8 9
0 7 5 9 5 11 15 1 16 14 12 17 16 16 6 6 9 5 7 6 5 13 8 12 15 8 13 10 2 1 2 6 4 17 4 1 3 9 4 1 12 8 15 14 4 3 3 9
0 7 5 9 5 11 15 1 16 14 12 17 16 16 6 6 9 5 7 6 5 13 8 12 15 8 13 10 2 1 2 6 4 17 4 1 3 9 4 1 12 8 15 14 0 8
0 7 5 9 5 11 15 1 16 14 12 17 16 16 6 6 9 5 7 6 5 13 8 12 15 8 13 10 2 1 2 6 4 17 4 1 3 9 4 1 12 8 15 14 0 7 2 5
0 7 5 9 5 11 15 1 16 14 12 17 16 16 6 6 9 5 7 6 5 13 8 12 15 8 13 10 2 1 2 6 4 17 4 1 3 9 4 1 12 8 15 14 0 16
0 7 5 9 5 11 15 1 16 14 12 17 16 16 6 6 9 5 7 6 5 13 8 12 15 8 13 10 2 1 2 6 4 17 4 1 3 9 4 1 12 8 15 4
0 7 5 9 5 11 15 1 16 14 12 17 16 16 6 6 9 5 7 6 5 13 8 12 15 8 13 10 2 1 2 6 4 17 4 1 3 9 4 1 12 15
0 7 5 9 5 11 15 1 16 14 12 17 16 16 6 6 9 5 7 6 5 13 8 12 15 8 13 10 2 1 2 6 4 17 2
0 7 5 9 5 11 15 1 16 14 12 17 16 16 6 6 9 5 7 6 5 13 8 12 15 8 13 10 3
0 7 5 9 5 11 15 1 16 14 12 17 16 16 6 6 9 5 7 6 5 13 8 12 15 8 13 10 14
0 7 5 9 5 11 15 1 16 14 12 17 16 16 6 6 9 5 7 6 5 13 8 12 15 8 13 10 16
0 7 5 9 5 11 15 1 16 14 12 17 16 16 6 6 9 5 7 6 5 13 8 12 15 8 13 0
0 7 5 9 5 11 15 1 16 14 12 17 16 16 6 6 9 5 7 6 5 13 8 12 15 8 13 11 16
0 7 5 9 5 11 15 1 16 14 12 17 16 16 6 6 9 5 7 6 5 13 8 12 15 8 13 11 5
0 7 5 9 5 11 15 1 16 14 12 17 16 16 6 6 9 5 7 6 5 13 8 12 15 8 13 11 8
