0 5 17 14 0 17 1 13 6 7 8 16 5 11 7 15 1 16 7 14 6 12 4 7 16 11 9 4 8 14 17 15 10 8 2 14 1 5 7
0 5 17 14 0 17 1 13 6 7 8 16 5 11 7 15 1 16 7 14 6 12 4 7 16 11 9 4 8 14 17 15 10 8 2 14 1 5 8 0 4 10 10 1 16 2 15 4 16
0 5 17 14 0 17 1 13 6 7 8 16 5 11 7 15 1 16 7 14 6 12 4 7 16 11 9 4 8 14 17 15 10 8 2 14 1 5 8 0 4 10 10 1 16 2 15 12 17 1
0 5 17 14 0 17 1 13 6 7 8 16 5 11 7 15 1 16 7 14 6 12 4 7 16 11 9 4 8 14 17 15 10 8 2 14 1 5 8 0 4 10 10 1 16 2 15 12 5
0 5 17 14 0 17 1 13 6 7 8 16 5 11 7 15 1 16 7 14 6 12 4 7 16 11 9 4 8 14 17 15 10 8 2 14 1 5 8 0 4 10 10 1 16 2 13 3 8
0 5 17 14 0 17 1 13 6 7 8 16 5 11 7 15 1 16 7 14 6 12 4 7 16 11 9 4 8 14 17 15 10 8 2 14 1 5 8 0 4 10 10 1 16 2 13 3 0 12
0 5 17 14 0 17 1 13 6 7 8 16 5 11 7 15 1 16 7 14 6 12 4 7 16 11 9 4 8 14 17 15 10 8 2 14 1 5 8 0 4 10 10 1 16 2 13 3 9 5
0 5 17 14 0 17 1 13 6 7 8 16 5 11 7 15 1 16 7 14 6 12 4 7 16 11 9 4 8 14 17 15 10 8 2 14 1 5 8 0 4 10 10 1 16 2 13 3 9 14
0 5 17 14 0 17 1 13 6 7 8 16 5 11 7 15 1 16 7 14 6 12 4 7 16 11 9 4 8 14 17 15 10 8 2 14 1 5 8 0 4 10 10 1 16 2 13 3 12
0 5 17 14 0 17 1 13 6 7 8 16 5 11 7 15 1 16 7 14 6 12 4 7 16 11 9 4 8 14 17 15 10 8 2 14 1 5 8 0 4 10 10 1 16 2 13 0
0 5 17 14 0 17 1 13 6 7 8 16 5 11 7 15 1 16 7 14 6 12 4 7 16 11 9 4 8 14 17 15 10 8 2 14 1 5 8 0 4 10 10 1 16 2 13 12
0 5 17 14 0 17 1 13 6 7 8 16 5 11 7 15 1 16 7 14 6 12 4 7 16 11 9 4 8 14 17 15 10 8 2 14 1 5 8 0 4 10 10 9
0 5 17 14 0 17 1 13 6 7 8 16 5 11 7 15 1 16 7 14 6 12 4 7 16 11 11
0 5 17 14 0 17 1 13 6 7 8 16 5 11 7 15 1 16 7 14 6 5
0 5 17 14 0 17 1 13 6 7 8 16 5 11 7 15 1 16 7 14 6 8
