0001000101000011020010011020010201120001011111210203020303020211120212101010
00010001010000110200100110200102011200010111112102030203030202111202121010113030302021220
00010001010000110200100110200102011200010111112102030203030202111202121010113030302021221303120
00010001010000110200100110200102011200010111112102030203030202111202121010113030302021221303121
000100010100001102001001102001020112000101111121020302030302021112021210101130303020212213031222130
0001000101000011020010011020010201120001011111210203020303020211120212101011303030202122130312221313221221230
00010001010000110200100110200102011200010111112102030203030202111202121010113030302021221303122213132212212313031
00010001010000110200100110200102011200010111112102030203030202111202121010113030302021221303122213132212212313032
00010001010000110200100110200102011200010111112102030203030202111202121010113030302021221303122213132212212313033133231331120
00010001010000110200100110200102011200010111112102030203030202111202121010113030302021221303122213132212212313033133231331121
000100010100001102001001102001020112000101111121020302030302021112021210101130303020212213031222131322122123130331332313311222221
00010001010000110200100110200102011200010111112102030203030202111202121010113030302021221303122213132212212313033133231331122222230
00010001010000110200100110200102011200010111112102030203030202111202121010113030302021221303122213132212212313033133231331122222231
00010001010000110200100110200102011200010111112102030203030202111202121010113030302021221303122213132212212313033133231331122222232
00010001010000110200100110200102011200010111112102030203030202111202121010113030302021221303122213132212212313033133231331122222233
000100010100001102001001102001020112000101111121020302030302021112021210101130303020212213031222131322122123130331332313311222223
000100010100001102001001102001020112000101111121020302030302021112021210101130303020212213031222131322122123130331332313311222231
0001000101000011020010011020010201120001011111210203020303020211120212101011303030202122130312221313221221231303313323133112222323
000100010100001102001001102001020112000101111121020302030302021112021210101130303020212213031222131322122123130331332313311222233232
0001000101000011020010011020010201120001011111210203020303020211120212101011303030202122130312221313221221231303313323133112222332333
00010001010000110200100110200102011200010111112102030203030202111202121010113030302021221303122213132212212313033133231331123
0001000101000011020010011020010201120001011111210203020303020211120212101011303030202122130312221313221221231303313323133113032
000100010100001102001001102001020112000101111121020302030302021112021210101130303020212213031222131322122123130331332313311303312
000100010100001102001001102001020112000101111121020302030302021112021210101130303020212213031222131322122123130331332313311303313
00010001010000110200100110200102011200010111112102030203030202111202121010113030302021221303122213132212212313033133231331130332231
000100010100001102001001102001020112000101111121020302030302021112021210101130303020212213031222131322122123130331332313311303322323
00010001010000110200100110200102011200010111112102030203030202111202121010113030302021221303122213132212212313033133231331130332233
00010001010000110200100110200102011200010111112102030203030202111202121010113030302021221303122213132212212313033133231331130332313
0001000101000011020010011020010201120001011111210203020303020211120212101011303030202122130312221313221221231303313323133113033232
0001000101000011020010011020010201120001011111210203020303020211120212101011303030202122130312221313221221231303313323133113033233
000100010100001102001001102001020112000101111121020302030302021112021210101130303020212213031222131322122123130331332313311303332
000100010100001102001001102001020112000101111121020302030302021112021210101130303020212213031222131322122123130331332313311303333
00010001010000110200100110200102011200010111112102030203030202111202121010113030302021222
00010001010000110200100110200102011200010111112102030203030202111202121010113030302021223
00010001010000110200100110200102011200010111112102030203030202111202121010113030303
0001000101000011020010011020010201120001011111210203020303020211120212102
0001000101000011020010011020010201120001011111210203020303020211120212103
0001000101000011020010011020010201120001011111210203020303020211120212112
0001000101000011020010011020010201120001011111210203020303020211120212113
00010001010000110200100110200102011200010111112102030203030202111203
00010001010000110200100110200102011200010111112102030203030202112
00010001010000110200100110200102011200010111112102030203030202113
0001000101000011020010011020010202
0001000101000011020010011020010203
1000001101010000111200001020011020101112102030203030010112101010
100000110101000011120000102001102010111210203020303001011210101130202030302021220
1000001101010000111200001020011020101112102030203030010112101011302020303020212212021230
100000110101000011120000102001102010111210203020303001011210101130202030302021221202123130
100000110101000011120000102001102010111210203020303001011210101130202030302021221202123131
10000011010100001112000010200110201011121020302030300101121010113020203030202122120212313213303111313
1000001101010000111200001020011020101112102030203030010112101011302020303020212212021231321330311132120
1000001101010000111200001020011020101112102030203030010112101011302020303020212212021231321330311132121
1000001101010000111200001020011020101112102030203030010112101011302020303020212212021231321330311132122221221230
10000011010100001112000010200110201011121020302030300101121010113020203030202122120212313213303111321222212212313031
10000011010100001112000010200110201011121020302030300101121010113020203030202122120212313213303111321222212212313032
1000001101010000111200001020011020101112102030203030010112101011302020303020212212021231321330311132122221221231303331120
1000001101010000111200001020011020101112102030203030010112101011302020303020212212021231321330311132122221221231303331121
10000011010100001112000010200110201011121020302030300101121010113020203030202122120212313213303111321222212212313033311222221
10000011010100001112000010200110201011121020302030300101121010113020203030202122120212313213303111321222212212313033311222222
10000011010100001112000010200110201011121020302030300101121010113020203030202122120212313213303111321222212212313033311222223
10000011010100001112000010200110201011121020302030300101121010113020203030202122120212313213303111321222212212313033311222231
100000110101000011120000102001102010111210203020303001011210101130202030302021221202123132133031113212222122123130333112222323
1000001101010000111200001020011020101112102030203030010112101011302020303020212212021231321330311132122221221231303331122223313
10000011010100001112000010200110201011121020302030300101121010113020203030202122120212313213303111321222212212313033311222233232
100000110101000011120000102001102010111210203020303001011210101130202030302021221202123132133031113212222122123130333112222332333
1000001101010000111200001020011020101112102030203030010112101011302020303020212212021231321330311132122221221231303331123
100000110101000011120000102001102010111210203020303001011210101130202030302021221202123132133031113212222122123130333113023
100000110101000011120000102001102010111210203020303001011210101130202030302021221202123132133031113212222122123130333113032
10000011010100001112000010200110201011121020302030300101121010113020203030202122120212313213303111321222212212313033311303313
1000001101010000111200001020011020101112102030203030010112101011302020303020212212021231321330311132122221221231303331130332231
10000011010100001112000010200110201011121020302030300101121010113020203030202122120212313213303111321222212212313033311303322323
1000001101010000111200001020011020101112102030203030010112101011302020303020212212021231321330311132122221221231303331130332233
1000001101010000111200001020011020101112102030203030010112101011302020303020212212021231321330311132122221221231303331130332313
100000110101000011120000102001102010111210203020303001011210101130202030302021221202123132133031113212222122123130333113033232
100000110101000011120000102001102010111210203020303001011210101130202030302021221202123132133031113212222122123130333113033233
10000011010100001112000010200110201011121020302030300101121010113020203030202122120212313213303111321222212212313033311303332
10000011010100001112000010200110201011121020302030300101121010113020203030202122120212313213303111321222212212313033311303333
10000011010100001112000010200110201011121020302030300101121010113020203030202122120212313213303112
10000011010100001112000010200110201011121020302030300101121010113020203030202122120212313213303113
1000001101010000111200001020011020101112102030203030010112101011302020303020212212021232
1000001101010000111200001020011020101112102030203030010112101011302020303020212212021233
100000110101000011120000102001102010111210203020303001011210101130202030302021221203
100000110101000011120000102001102010111210203020303001011210101130202030302021222
100000110101000011120000102001102010111210203020303001011210101130202030302021223
100000110101000011120000102001102010111210203020303001011210101130202030303
1000001101010000111200001020011020101112102030203030010112102
1000001101010000111200001020011020101112102030203030010112103
1000001101010000111200001020011020101112102030203030010112112
1000001101010000111200001020011020101112102030203030010112113
10000011010100001112000010200110201011121020302030300102
10000011010100001112000010200110201011121020302030300103
20000001001010001102001021020301020303001011101200011111220
2000000100101000110200102102030102030300101110120001111122120212101010
200000010010100011020010210203010203030010111012000111112212021210101130202030302021220
200000010010100011020010210203010203030010111012000111112212021210101130202030302021221303111
2000000100101000110200102102030102030300101110120001111122120212101011302020303020212213031122130
2000000100101000110200102102030102030300101110120001111122120212101011302020303020212213031122131322121223133221230
20000001001010001102001021020301020303001011101200011111221202121010113020203030202122130311221313221212231332212313031
20000001001010001102001021020301020303001011101200011111221202121010113020203030202122130311221313221212231332212313032
2000000100101000110200102102030102030300101110120001111122120212101011302020303020212213031122131322121223133221231303331120
2000000100101000110200102102030102030300101110120001111122120212101011302020303020212213031122131322121223133221231303331121
20000001001010001102001021020301020303001011101200011111221202121010113020203030202122130311221313221212231332212313033311222221
2000000100101000110200102102030102030300101110120001111122120212101011302020303020212213031122131322121223133221231303331122222230
2000000100101000110200102102030102030300101110120001111122120212101011302020303020212213031122131322121223133221231303331122222231
2000000100101000110200102102030102030300101110120001111122120212101011302020303020212213031122131322121223133221231303331122222232
2000000100101000110200102102030102030300101110120001111122120212101011302020303020212213031122131322121223133221231303331122222233
20000001001010001102001021020301020303001011101200011111221202121010113020203030202122130311221313221212231332212313033311222223
20000001001010001102001021020301020303001011101200011111221202121010113020203030202122130311221313221212231332212313033311222231
200000010010100011020010210203010203030010111012000111112212021210101130202030302021221303112213132212122313322123130333112222323
2000000100101000110200102102030102030300101110120001111122120212101011302020303020212213031122131322121223133221231303331122223313
20000001001010001102001021020301020303001011101200011111221202121010113020203030202122130311221313221212231332212313033311222233232
200000010010100011020010210203010203030010111012000111112212021210101130202030302021221303112213132212122313322123130333112222332333
2000000100101000110200102102030102030300101110120001111122120212101011302020303020212213031122131322121223133221231303331123
200000010010100011020010210203010203030010111012000111112212021210101130202030302021221303112213132212122313322123130333113023
200000010010100011020010210203010203030010111012000111112212021210101130202030302021221303112213132212122313322123130333113032
20000001001010001102001021020301020303001011101200011111221202121010113020203030202122130311221313221212231332212313033311303312
20000001001010001102001021020301020303001011101200011111221202121010113020203030202122130311221313221212231332212313033311303313
2000000100101000110200102102030102030300101110120001111122120212101011302020303020212213031122131322121223133221231303331130332313
200000010010100011020010210203010203030010111012000111112212021210101130202030302021221303112213132212122313322123130333113033232
200000010010100011020010210203010203030010111012000111112212021210101130202030302021221303112213132212122313322123130333113033233
20000001001010001102001021020301020303001011101200011111221202121010113020203030202122130311221313221212231332212313033311303332
20000001001010001102001021020301020303001011101200011111221202121010113020203030202122130311221313221212231332212313033311303333
2000000100101000110200102102030102030300101110120001111122120212101011302020303020212213031122131322121231
2000000100101000110200102102030102030300101110120001111122120212101011302020303020212213031122131322121232
2000000100101000110200102102030102030300101110120001111122120212101011302020303020212213031122131322121233
200000010010100011020010210203010203030010111012000111112212021210101130202030302021221303113
200000010010100011020010210203010203030010111012000111112212021210101130202030302021222
200000010010100011020010210203010203030010111012000111112212021210101130202030302021223
200000010010100011020010210203010203030010111012000111112212021210101130202030303
2000000100101000110200102102030102030300101110120001111122120212102
2000000100101000110200102102030102030300101110120001111122120212103
2000000100101000110200102102030102030300101110120001111122120212112
2000000100101000110200102102030102030300101110120001111122120212113
20000001001010001102001021020301020303001011101200011111221203
2000000100101000110200102102030102030300102
2000000100101000110200102102030102030300103
30010000001001010001102001020111012000101111121020302030302020303010
3001000000100101000110200102011101200010111112102030203030202030301131112021210102021220
3001000000100101000110200102011101200010111112102030203030202030301131112021210102021221303212130
300100000010010100011020010201110120001011111210203020303020203030113111202121010202122130321213132212120
300100000010010100011020010201110120001011111210203020303020203030113111202121010202122130321213132212121
300100000010010100011020010201110120001011111210203020303020203030113111202121010202122130321213132212122230
3001000000100101000110200102011101200010111112102030203030202030301131112021210102021221303212131322121222313031
3001000000100101000110200102011101200010111112102030203030202030301131112021210102021221303212131322121222313032
3001000000100101000110200102011101200010111112102030203030202030301131112021210102021221303212131322121222313033133222221
300100000010010100011020010201110120001011111210203020303020203030113111202121010202122130321213132212122231303313322222230
300100000010010100011020010201110120001011111210203020303020203030113111202121010202122130321213132212122231303313322222231
300100000010010100011020010201110120001011111210203020303020203030113111202121010202122130321213132212122231303313322222232
30010000001001010001102001020111012000101111121020302030302020303011311120212101020212213032121313221212223130331332222223331120
30010000001001010001102001020111012000101111121020302030302020303011311120212101020212213032121313221212223130331332222223331121
300100000010010100011020010201110120001011111210203020303020203030113111202121010202122130321213132212122231303313322222233311223
3001000000100101000110200102011101200010111112102030203030202030301131112021210102021221303212131322121222313033133222222333112313
30010000001001010001102001020111012000101111121020302030302020303011311120212101020212213032121313221212223130331332222223331123232
300100000010010100011020010201110120001011111210203020303020203030113111202121010202122130321213132212122231303313322222233311232333
3001000000100101000110200102011101200010111112102030203030202030301131112021210102021221303212131322121222313033133222222333113023
3001000000100101000110200102011101200010111112102030203030202030301131112021210102021221303212131322121222313033133222222333113032
300100000010010100011020010201110120001011111210203020303020203030113111202121010202122130321213132212122231303313322222233311303312
300100000010010100011020010201110120001011111210203020303020203030113111202121010202122130321213132212122231303313322222233311303313
30010000001001010001102001020111012000101111121020302030302020303011311120212101020212213032121313221212223130331332222223331130332231
300100000010010100011020010201110120001011111210203020303020203030113111202121010202122130321213132212122231303313322222233311303322323
30010000001001010001102001020111012000101111121020302030302020303011311120212101020212213032121313221212223130331332222223331130332233
30010000001001010001102001020111012000101111121020302030302020303011311120212101020212213032121313221212223130331332222223331130332313
30010000001001010001102001020111012000101111121020302030302020303011311120212101020212213032121313221212223130331332222223331130332323
30010000001001010001102001020111012000101111121020302030302020303011311120212101020212213032121313221212223130331332222223331130332331
30010000001001010001102001020111012000101111121020302030302020303011311120212101020212213032121313221212223130331332222223331130332332
30010000001001010001102001020111012000101111121020302030302020303011311120212101020212213032121313221212223130331332222223331130332333
300100000010010100011020010201110120001011111210203020303020203030113111202121010202122130321213132212122231303313322222233311303333
300100000010010100011020010201110120001011111210203020303020203030113111202121010202122130321213132212122231303313322223
3001000000100101000110200102011101200010111112102030203030202030301131112021210102021222
3001000000100101000110200102011101200010111112102030203030202030301131112021210102021223
3001000000100101000110200102011101200010111112102030203030202030301131112021210103
30010000001001010001102001020111012000101111121020302030302020303011311120212102
30010000001001010001102001020111012000101111121020302030302020303011311120212103
30010000001001010001102001020111012000101111121020302030302020303011311120212112
30010000001001010001102001020111012000101111121020302030302020303011311120212113
300100000010010100011020010201110120001011111210203020303020203030113111203
300100000010010100011020010201110120001011111210203020303020203030113112
300100000010010100011020010201110120001011111210203020303020203030113113
300100000010010100011020010202
300100000010010100011020010203
