00000010100002020100301001011011211020201301111102120
00000010100002020100301001011011211020201301111102121
000000101000020201003010010110112110202013011111021222123102303203130020
000000101000020201003010010110112110202013011111021222123102303203130021211203130313103022130
000000101000020201003010010110112110202013011111021222123102303203130021211203130313103022131
00000010100002020100301001011011211020201301111102122212310230320313002121120313031310302213233112
00000010100002020100301001011011211020201301111102122212310230320313002121120313031310302213233113200
00000010100002020100301001011011211020201301111102122212310230320313002121120313031310302213233113201
00000010100002020100301001011011211020201301111102122212310230320313002121120313031310302213233113202
0000001010000202010030100101101121102020130111110212221231023032031300212112031303131030221323311320330120
0000001010000202010030100101101121102020130111110212221231023032031300212112031303131030221323311320330121
0000001010000202010030100101101121102020130111110212221231023032031300212112031303131030221323311320330122
0000001010000202010030100101101121102020130111110212221231023032031300212112031303131030221323311320330123
00000010100002020100301001011011211020201301111102122212310230320313002121120313031310302213233113203301303
0000001010000202010030100101101121102020130111110212221231023032031300212112031303131030221323311320330131
0000001010000202010030100101101121102020130111110212221231023032031300212112031303131030221323311320330132
0000001010000202010030100101101121102020130111110212221231023032031300212112031303131030221323311320330133
000000101000020201003010010110112110202013011111021222123102303203130021211203130313103022132331132033021
0000001010000202010030100101101121102020130111110212221231023032031300212112031303131030221323311320330222
0000001010000202010030100101101121102020130111110212221231023032031300212112031303131030221323311320330223302
0000001010000202010030100101101121102020130111110212221231023032031300212112031303131030221323311320330223303
0000001010000202010030100101101121102020130111110212221231023032031300212112031303131030221323311320330223312
0000001010000202010030100101101121102020130111110212221231023032031300212112031303131030221323311320330223313
0000001010000202010030100101101121102020130111110212221231023032031300212112031303131030221323311320330223322
0000001010000202010030100101101121102020130111110212221231023032031300212112031303131030221323311320330223323
0000001010000202010030100101101121102020130111110212221231023032031300212112031303131030221323311320330223332232
000000101000020201003010010110112110202013011111021222123102303203130021211203130313103022132331132033022333223323
0000001010000202010030100101101121102020130111110212221231023032031300212112031303131030221323311320330223332233310
0000001010000202010030100101101121102020130111110212221231023032031300212112031303131030221323311320330223332233311
0000001010000202010030100101101121102020130111110212221231023032031300212112031303131030221323311320330223332233312
00000010100002020100301001011011211020201301111102122212310230320313002121120313031310302213233113203302233322333133
0000001010000202010030100101101121102020130111110212221231023032031300212112031303131030221323311320330223332233320330
0000001010000202010030100101101121102020130111110212221231023032031300212112031303131030221323311320330223332233320331
0000001010000202010030100101101121102020130111110212221231023032031300212112031303131030221323311320330223332233320332
0000001010000202010030100101101121102020130111110212221231023032031300212112031303131030221323311320330223332233320333
0000001010000202010030100101101121102020130111110212221231023032031300212112031303131030221323311320330223332233321
00000010100002020100301001011011211020201301111102122212310230320313002121120313031310302213233113203302233322333223
00000010100002020100301001011011211020201301111102122212310230320313002121120313031310302213233113210
00000010100002020100301001011011211020201301111102122212310230320313002121120313031310302213233113211
00000010100002020100301001011011211020201301111102122212310230320313002121120313031310302213233113212
00000010100002020100301001011011211020201301111102122212310230320313002121120313031310302213233113213
000000101000020201003010010110112110202013011111021222123102303203130021211203130313103022132331132203
00000010100002020100301001011011211020201301111102122212310230320313002121120313031310302213233113221
00000010100002020100301001011011211020201301111102122212310230320313002121120313031310302213233113222
00000010100002020100301001011011211020201301111102122212310230320313002121120313031310302213233113223
00000010100002020100301001011011211020201301111102122212310230320313002121120313031310302213233113230
000000101000020201003010010110112110202013011111021222123102303203130021211203130313103022132331132312
000000101000020201003010010110112110202013011111021222123102303203130021211203130313103022132331132313
000000101000020201003010010110112110202013011111021222123102303203130021211203130313103022132331132322
000000101000020201003010010110112110202013011111021222123102303203130021211203130313103022132331132323
000000101000020201003010010110112110202013011111021222123102303203130021211203130313103022132331132332
000000101000020201003010010110112110202013011111021222123102303203130021211203130313103022132331132333
00000010100002020100301001011011211020201301111102122212310230320313002121120313031311
00000010100002020100301001011011211020201301111102122212310230320313002121120313031312
00000010100002020100301001011011211020201301111102122212310230320313002121120313031313
0000001010000202010030100101101121102020130111110212221231023032031301
0000001010000202010030100101101121102020130111110212221231023032031302
0000001010000202010030100101101121102020130111110212221231023032031303
3000010000201030100101101120100
30000100002010301001011011201013002110202022120
30000100002010301001011011201013002110202022121
300001000020103010010110112010130021102020221223031032031111102123300130020
300001000020103010010110112010130021102020221223031032031111102123300130021211203130313103022130
300001000020103010010110112010130021102020221223031032031111102123300130021211203130313103022131
30000100002010301001011011201013002110202022122303103203111110212330013002121120313031310302213233112
30000100002010301001011011201013002110202022122303103203111110212330013002121120313031310302213233113200
30000100002010301001011011201013002110202022122303103203111110212330013002121120313031310302213233113201
30000100002010301001011011201013002110202022122303103203111110212330013002121120313031310302213233113202
30000100002010301001011011201013002110202022122303103203111110212330013002121120313031310302213233113203
30000100002010301001011011201013002110202022122303103203111110212330013002121120313031310302213233113210
30000100002010301001011011201013002110202022122303103203111110212330013002121120313031310302213233113211
30000100002010301001011011201013002110202022122303103203111110212330013002121120313031310302213233113212232
3000010000201030100101101120101300211020202212230310320311111021233001300212112031303131030221323311321223321
30000100002010301001011011201013002110202022122303103203111110212330013002121120313031310302213233113212233222
30000100002010301001011011201013002110202022122303103203111110212330013002121120313031310302213233113212233223302
30000100002010301001011011201013002110202022122303103203111110212330013002121120313031310302213233113212233223303
300001000020103010010110112010130021102020221223031032031111102123300130021211203130313103022132331132122332233120
300001000020103010010110112010130021102020221223031032031111102123300130021211203130313103022132331132122332233121
300001000020103010010110112010130021102020221223031032031111102123300130021211203130313103022132331132122332233122
300001000020103010010110112010130021102020221223031032031111102123300130021211203130313103022132331132122332233123
300001000020103010010110112010130021102020221223031032031111102123300130021211203130313103022132331132122332233130
300001000020103010010110112010130021102020221223031032031111102123300130021211203130313103022132331132122332233131
300001000020103010010110112010130021102020221223031032031111102123300130021211203130313103022132331132122332233132
300001000020103010010110112010130021102020221223031032031111102123300130021211203130313103022132331132122332233133
30000100002010301001011011201013002110202022122303103203111110212330013002121120313031310302213233113212233223322
30000100002010301001011011201013002110202022122303103203111110212330013002121120313031310302213233113212233223323
30000100002010301001011011201013002110202022122303103203111110212330013002121120313031310302213233113212233223332
30000100002010301001011011201013002110202022122303103203111110212330013002121120313031310302213233113212233223333
3000010000201030100101101120101300211020202212230310320311111021233001300212112031303131030221323311321223323
30000100002010301001011011201013002110202022122303103203111110212330013002121120313031310302213233113212233310
30000100002010301001011011201013002110202022122303103203111110212330013002121120313031310302213233113212233311
30000100002010301001011011201013002110202022122303103203111110212330013002121120313031310302213233113212233312
30000100002010301001011011201013002110202022122303103203111110212330013002121120313031310302213233113212233313
3000010000201030100101101120101300211020202212230310320311111021233001300212112031303131030221323311321223332012
3000010000201030100101101120101300211020202212230310320311111021233001300212112031303131030221323311321223332013
300001000020103010010110112010130021102020221223031032031111102123300130021211203130313103022132331132122333202
30000100002010301001011011201013002110202022122303103203111110212330013002121120313031310302213233113212233320331
30000100002010301001011011201013002110202022122303103203111110212330013002121120313031310302213233113212233320332
30000100002010301001011011201013002110202022122303103203111110212330013002121120313031310302213233113212233320333
30000100002010301001011011201013002110202022122303103203111110212330013002121120313031310302213233113212233321
300001000020103010010110112010130021102020221223031032031111102123300130021211203130313103022132331132122333223
30000100002010301001011011201013002110202022122303103203111110212330013002121120313031310302213233113213
300001000020103010010110112010130021102020221223031032031111102123300130021211203130313103022132331132203
30000100002010301001011011201013002110202022122303103203111110212330013002121120313031310302213233113221
30000100002010301001011011201013002110202022122303103203111110212330013002121120313031310302213233113222
30000100002010301001011011201013002110202022122303103203111110212330013002121120313031310302213233113223
30000100002010301001011011201013002110202022122303103203111110212330013002121120313031310302213233113230
300001000020103010010110112010130021102020221223031032031111102123300130021211203130313103022132331132312
300001000020103010010110112010130021102020221223031032031111102123300130021211203130313103022132331132313
300001000020103010010110112010130021102020221223031032031111102123300130021211203130313103022132331132322
300001000020103010010110112010130021102020221223031032031111102123300130021211203130313103022132331132323
300001000020103010010110112010130021102020221223031032031111102123300130021211203130313103022132331132332
300001000020103010010110112010130021102020221223031032031111102123300130021211203130313103022132331132333
30000100002010301001011011201013002110202022122303103203111110212330013002121120313031311
30000100002010301001011011201013002110202022122303103203111110212330013002121120313031312
30000100002010301001011011201013002110202022122303103203111110212330013002121120313031313
3000010000201030100101101120101300211020202212230310320311111021233001301
3000010000201030100101101120101300211020202212230310320311111021233001302
3000010000201030100101101120101300211020202212230310320311111021233001303
100000100010201120100301001011021102020130022120
100000100010201120100301001011021102020130022121
100000100010201120100301001011021102020130022122303102
1000001000102011201003010010110211020201300221223031032031111102123300130020
1000001000102011201003010010110211020201300221223031032031111102123300130021211203130313103022130
1000001000102011201003010010110211020201300221223031032031111102123300130021211203130313103022131
100000100010201120100301001011021102020130022122303103203111110212330013002121120313031310302213233112
100000100010201120100301001011021102020130022122303103203111110212330013002121120313031310302213233113200
100000100010201120100301001011021102020130022122303103203111110212330013002121120313031310302213233113201
100000100010201120100301001011021102020130022122303103203111110212330013002121120313031310302213233113202
100000100010201120100301001011021102020130022122303103203111110212330013002121120313031310302213233113203
100000100010201120100301001011021102020130022122303103203111110212330013002121120313031310302213233113210
100000100010201120100301001011021102020130022122303103203111110212330013002121120313031310302213233113211
100000100010201120100301001011021102020130022122303103203111110212330013002121120313031310302213233113212232
10000010001020112010030100101102110202013002212230310320311111021233001300212112031303131030221323311321223321
100000100010201120100301001011021102020130022122303103203111110212330013002121120313031310302213233113212233222
100000100010201120100301001011021102020130022122303103203111110212330013002121120313031310302213233113212233223303
1000001000102011201003010010110211020201300221223031032031111102123300130021211203130313103022132331132122332233120
1000001000102011201003010010110211020201300221223031032031111102123300130021211203130313103022132331132122332233121
1000001000102011201003010010110211020201300221223031032031111102123300130021211203130313103022132331132122332233122
1000001000102011201003010010110211020201300221223031032031111102123300130021211203130313103022132331132122332233123
1000001000102011201003010010110211020201300221223031032031111102123300130021211203130313103022132331132122332233130
1000001000102011201003010010110211020201300221223031032031111102123300130021211203130313103022132331132122332233131
1000001000102011201003010010110211020201300221223031032031111102123300130021211203130313103022132331132122332233132
1000001000102011201003010010110211020201300221223031032031111102123300130021211203130313103022132331132122332233133
100000100010201120100301001011021102020130022122303103203111110212330013002121120313031310302213233113212233223322
100000100010201120100301001011021102020130022122303103203111110212330013002121120313031310302213233113212233223323
100000100010201120100301001011021102020130022122303103203111110212330013002121120313031310302213233113212233223332
100000100010201120100301001011021102020130022122303103203111110212330013002121120313031310302213233113212233223333
10000010001020112010030100101102110202013002212230310320311111021233001300212112031303131030221323311321223323
100000100010201120100301001011021102020130022122303103203111110212330013002121120313031310302213233113212233311
100000100010201120100301001011021102020130022122303103203111110212330013002121120313031310302213233113212233312
100000100010201120100301001011021102020130022122303103203111110212330013002121120313031310302213233113212233313
10000010001020112010030100101102110202013002212230310320311111021233001300212112031303131030221323311321223332012
10000010001020112010030100101102110202013002212230310320311111021233001300212112031303131030221323311321223332013
1000001000102011201003010010110211020201300221223031032031111102123300130021211203130313103022132331132122333202
100000100010201120100301001011021102020130022122303103203111110212330013002121120313031310302213233113212233320330
100000100010201120100301001011021102020130022122303103203111110212330013002121120313031310302213233113212233320331
100000100010201120100301001011021102020130022122303103203111110212330013002121120313031310302213233113212233320332
100000100010201120100301001011021102020130022122303103203111110212330013002121120313031310302213233113212233320333
100000100010201120100301001011021102020130022122303103203111110212330013002121120313031310302213233113212233321
1000001000102011201003010010110211020201300221223031032031111102123300130021211203130313103022132331132122333223
100000100010201120100301001011021102020130022122303103203111110212330013002121120313031310302213233113213
1000001000102011201003010010110211020201300221223031032031111102123300130021211203130313103022132331132203
100000100010201120100301001011021102020130022122303103203111110212330013002121120313031310302213233113221
100000100010201120100301001011021102020130022122303103203111110212330013002121120313031310302213233113222
100000100010201120100301001011021102020130022122303103203111110212330013002121120313031310302213233113223
100000100010201120100301001011021102020130022122303103203111110212330013002121120313031310302213233113230
1000001000102011201003010010110211020201300221223031032031111102123300130021211203130313103022132331132312
1000001000102011201003010010110211020201300221223031032031111102123300130021211203130313103022132331132313
1000001000102011201003010010110211020201300221223031032031111102123300130021211203130313103022132331132322
1000001000102011201003010010110211020201300221223031032031111102123300130021211203130313103022132331132323
1000001000102011201003010010110211020201300221223031032031111102123300130021211203130313103022132331132332
1000001000102011201003010010110211020201300221223031032031111102123300130021211203130313103022132331132333
100000100010201120100301001011021102020130022122303103203111110212330013002121120313031311
100000100010201120100301001011021102020130022122303103203111110212330013002121120313031312
100000100010201120100301001011021102020130022122303103203111110212330013002121120313031313
10000010001020112010030100101102110202013002212230310320311111021233001301
10000010001020112010030100101102110202013002212230310320311111021233001302
10000010001020112010030100101102110202013002212230310320311111021233001303
200000010100002020100301001011011211020201301111102120
200000010100002020100301001011011211020201301111102121
2000000101000020201003010010110112110202013011111021222123102303203130020
2000000101000020201003010010110112110202013011111021222123102303203130021211203130313103022130
2000000101000020201003010010110112110202013011111021222123102303203130021211203130313103022131
200000010100002020100301001011011211020201301111102122212310230320313002121120313031310302213233112
200000010100002020100301001011011211020201301111102122212310230320313002121120313031310302213233113200
200000010100002020100301001011011211020201301111102122212310230320313002121120313031310302213233113201
200000010100002020100301001011011211020201301111102122212310230320313002121120313031310302213233113202
20000001010000202010030100101101121102020130111110212221231023032031300212112031303131030221323311320330120
20000001010000202010030100101101121102020130111110212221231023032031300212112031303131030221323311320330121
20000001010000202010030100101101121102020130111110212221231023032031300212112031303131030221323311320330122
20000001010000202010030100101101121102020130111110212221231023032031300212112031303131030221323311320330123
200000010100002020100301001011011211020201301111102122212310230320313002121120313031310302213233113203301303
20000001010000202010030100101101121102020130111110212221231023032031300212112031303131030221323311320330131
20000001010000202010030100101101121102020130111110212221231023032031300212112031303131030221323311320330132
20000001010000202010030100101101121102020130111110212221231023032031300212112031303131030221323311320330133
2000000101000020201003010010110112110202013011111021222123102303203130021211203130313103022132331132033021
20000001010000202010030100101101121102020130111110212221231023032031300212112031303131030221323311320330222
20000001010000202010030100101101121102020130111110212221231023032031300212112031303131030221323311320330223302
20000001010000202010030100101101121102020130111110212221231023032031300212112031303131030221323311320330223303
20000001010000202010030100101101121102020130111110212221231023032031300212112031303131030221323311320330223312
20000001010000202010030100101101121102020130111110212221231023032031300212112031303131030221323311320330223313
20000001010000202010030100101101121102020130111110212221231023032031300212112031303131030221323311320330223322
20000001010000202010030100101101121102020130111110212221231023032031300212112031303131030221323311320330223323
20000001010000202010030100101101121102020130111110212221231023032031300212112031303131030221323311320330223332232
2000000101000020201003010010110112110202013011111021222123102303203130021211203130313103022132331132033022333223323
20000001010000202010030100101101121102020130111110212221231023032031300212112031303131030221323311320330223332233310
20000001010000202010030100101101121102020130111110212221231023032031300212112031303131030221323311320330223332233311
20000001010000202010030100101101121102020130111110212221231023032031300212112031303131030221323311320330223332233312
200000010100002020100301001011011211020201301111102122212310230320313002121120313031310302213233113203302233322333133
20000001010000202010030100101101121102020130111110212221231023032031300212112031303131030221323311320330223332233321
2000000101000020201003010010110112110202013011111021222123102303203130021211203130313103022132331132033022333223332230
2000000101000020201003010010110112110202013011111021222123102303203130021211203130313103022132331132033022333223332231
2000000101000020201003010010110112110202013011111021222123102303203130021211203130313103022132331132033022333223332232
2000000101000020201003010010110112110202013011111021222123102303203130021211203130313103022132331132033022333223332233
2000000101000020201003010010110112110202013011111021222123102303203130021211203130313103022132331132033022333223333
200000010100002020100301001011011211020201301111102122212310230320313002121120313031310302213233113203303
200000010100002020100301001011011211020201301111102122212310230320313002121120313031310302213233113210
200000010100002020100301001011011211020201301111102122212310230320313002121120313031310302213233113211
200000010100002020100301001011011211020201301111102122212310230320313002121120313031310302213233113212
200000010100002020100301001011011211020201301111102122212310230320313002121120313031310302213233113213
2000000101000020201003010010110112110202013011111021222123102303203130021211203130313103022132331132203
200000010100002020100301001011011211020201301111102122212310230320313002121120313031310302213233113221
200000010100002020100301001011011211020201301111102122212310230320313002121120313031310302213233113222
200000010100002020100301001011011211020201301111102122212310230320313002121120313031310302213233113223
200000010100002020100301001011011211020201301111102122212310230320313002121120313031310302213233113230
2000000101000020201003010010110112110202013011111021222123102303203130021211203130313103022132331132312
2000000101000020201003010010110112110202013011111021222123102303203130021211203130313103022132331132313
2000000101000020201003010010110112110202013011111021222123102303203130021211203130313103022132331132322
2000000101000020201003010010110112110202013011111021222123102303203130021211203130313103022132331132323
2000000101000020201003010010110112110202013011111021222123102303203130021211203130313103022132331132332
2000000101000020201003010010110112110202013011111021222123102303203130021211203130313103022132331132333
200000010100002020100301001011011211020201301111102122212310230320313002121120313031311
200000010100002020100301001011011211020201301111102122212310230320313002121120313031312
200000010100002020100301001011011211020201301111102122212310230320313002121120313031313
20000001010000202010030100101101121102020130111110212221231023032031301
20000001010000202010030100101101121102020130111110212221231023032031302
20000001010000202010030100101101121102020130111110212221231023032031303
