0000000
010000
020
030
0010
0020000
0030
00010
000200
00030
000010
000020
000030
0000010
0000020
0000030
0000001
0000002
0000003
0110
0120
0130
01010
010200
01030
01001000
010020
010030
010001
010002
010003
021
022
023
031
032
033
001100
00120
00130
00210
00220
00230
0020100
002020
002030
0020010
0020020
0020030
0020001
0020002
0020003
0031
0032
0033
00011
00012
00013
000210
0002200
000230
000201
000202
000203
00031
00032
00033
000011
000012
000013
000021
000022
000023
000031
000032
000033
0000011
0000012
0000013
0000021
0000022
0000023
0000031
0000032
0000033
0111
0112
0113
0121
0122
0123
0131
0132
0133
01011
01012
01013
010210
010220
010230
010201
010202
010203
01031
01032
01033
0100110
0100120
0100130
01001010
01001020
01001030
01001001
01001002
01001003
010021
010022
010023
010031
010032
010033
001110
001120
001130
001101
001102
001103
00121
00122
00123
00131
00132
00133
00211
00212
00213
00221
00222
00223
00231
00232
00233
0020110
0020120
00201300
0020101
0020102
0020103
002021
002022
002023
002031
002032
002033
0020011
0020012
0020013
0020021
0020022
0020023
0020031
0020032
0020033
000211
000212
000213
0002210
0002220
0002230
0002201
0002202
0002203
000231
000232
000233
010211
010212
010213
010221
010222
010223
010231
010232
010233
0100111
0100112
0100113
0100121
0100122
0100123
0100131
0100132
0100133
01001011
01001012
01001013
01001021
01001022
01001023
01001031
01001032
01001033
001111
001112
001113
001121
001122
001123
001131
001132
001133
0020111
0020112
0020113
0020121
0020122
0020123
00201310
00201320
00201330
00201301
00201302
00201303
0002211
0002212
0002213
0002221
0002222
0002223
0002231
0002232
0002233
00201311
00201312
00201313
00201321
00201322
00201323
00201331
00201332
00201333
200000000
21000
22000
230000
2010
2020
2030
200100
20020
20030
200010
200020
200030
2000010
2000020
2000030
20000010
20000020
20000030
200000010
200000020
200000030
200000001
200000002
200000003
2110
21200
2130
2101000
21020
21030
21001
21002
21003
2210
2220
22300
22010
22020
22030
22001
22002
22003
2310
232
2330
23010
23020
23030
230010
230020
230030
230001
230002
230003
2011
2012
2013
2021
2022
2023
2031
2032
2033
200110
200120
2001300
200101
200102
200103
20021
20022
20023
20031
20032
20033
200011
200012
200013
200021
200022
200023
200031
200032
200033
2000011
2000012
2000013
2000021
2000022
2000023
2000031
2000032
2000033
20000011
20000012
20000013
20000021
20000022
20000023
20000031
20000032
20000033
200000011
200000012
200000013
200000021
200000022
200000023
200000031
200000032
200000033
2111
2112
2113
21210
21220
21230
21201
21202
21203
2131
2132
2133
210110
210120
210130
2101010
2101020
2101030
2101001
2101002
2101003
21021
21022
21023
21031
21032
21033
2211
2212
2213
2221
2222
2223
22310
22320
22330
22301
22302
22303
22011
22012
22013
22021
22022
22023
22031
22032
22033
2311
2312
2313
2331
2332
2333
23011
23012
23013
23021
23022
23023
23031
23032
23033
230011
230012
230013
230021
230022
230023
230031
230032
230033
200111
200112
200113
200121
200122
200123
2001310
2001320
2001330
2001301
2001302
2001303
21211
21212
21213
21221
21222
21223
21231
21232
21233
210111
210112
210113
210121
210122
210123
210131
210132
210133
2101011
2101012
2101013
2101021
2101022
2101023
2101031
2101032
2101033
22311
22312
22313
22321
22322
22323
22331
22332
22333
2001311
2001312
2001313
2001321
2001322
2001323
2001331
2001332
2001333
10000000
110
12000
1300000
10100
1020
1030000
10010
10020
10030
100010
10002000
100030
1000010
1000020
1000030
10000010
10000020
10000030
10000001
10000002
10000003
111
112
113
1210
1220
1230
12010
12020
12030
12001
12002
12003
1310
1320
1330
1301
13020
13030
130010
130020
130030
1300010
1300020
1300030
1300001
1300002
1300003
10110
10120
101300
10101
10102
10103
1021
1022
1023
10310
10320
10330
103010
103020
103030
1030010
1030020
1030030
1030001
1030002
1030003
10011
10012
10013
10021
10022
10023
10031
10032
10033
100011
100012
100013
1000210
10002200
1000230
10002010
10002020
10002030
10002001
10002002
10002003
100031
100032
100033
1000011
1000012
1000013
1000021
1000022
1000023
1000031
1000032
1000033
10000011
10000012
10000013
10000021
10000022
10000023
10000031
10000032
10000033
1211
1212
1213
1221
1222
1223
1231
1232
1233
12011
12012
12013
12021
12022
12023
12031
12032
12033
1311
1312
1313
1321
1322
1323
1331
1332
1333
13021
13022
13023
13031
13032
13033
130011
130012
130013
130021
130022
130023
130031
130032
130033
1300011
1300012
1300013
1300021
1300022
1300023
1300031
1300032
1300033
10111
10112
10113
10121
10122
10123
101310
101320
101330
101301
101302
101303
10311
10312
10313
10321
10322
10323
10331
10332
10333
103011
103012
103013
103021
103022
103023
103031
103032
103033
1030011
1030012
1030013
1030021
1030022
1030023
1030031
1030032
1030033
1000211
1000212
1000213
10002210
10002220
10002230
10002201
10002202
10002203
1000231
1000232
1000233
10002011
10002012
10002013
10002021
10002022
10002023
10002031
10002032
10002033
101311
101312
101313
101321
101322
101323
101331
101332
101333
10002211
10002212
10002213
10002221
10002222
10002223
10002231
10002232
10002233
30000000
310
32000
3300000
30100
3020
3030000
30010
30020
30030
300010
30002000
300030
3000010
3000020
3000030
30000010
30000020
30000030
30000001
30000002
30000003
311
312
313
3210
3220
3230
32010
32020
32030
32001
32002
32003
3310
3320
3330
33010
33020
3303
330010
330020
330030
3300010
3300020
3300030
3300001
3300002
3300003
30110
30120
301300
30101
30102
30103
3021
3022
3023
30310
30320
30330
303010
303020
303030
3030010
3030020
3030030
3030001
3030002
3030003
30011
30012
30013
30021
30022
30023
30031
30032
30033
300011
300012
300013
3000210
30002200
3000230
30002010
30002020
30002030
30002001
30002002
30002003
300031
300032
300033
3000011
3000012
3000013
3000021
3000022
3000023
3000031
3000032
3000033
30000011
30000012
30000013
30000021
30000022
30000023
30000031
30000032
30000033
3211
3212
3213
3221
3222
3223
3231
3232
3233
32011
32012
32013
32021
32022
32023
32031
32032
32033
3311
3312
3313
3321
3322
3323
3331
3332
3333
33011
33012
33013
33021
33022
33023
330011
330012
330013
330021
330022
330023
330031
330032
330033
3300011
3300012
3300013
3300021
3300022
3300023
3300031
3300032
3300033
30111
30112
30113
30121
30122
30123
301310
301320
301330
301301
301302
301303
30311
30312
30313
30321
30322
30323
30331
30332
30333
303011
303012
303013
303021
303022
303023
303031
303032
303033
3030011
3030012
3030013
3030021
3030022
3030023
3030031
3030032
3030033
3000211
3000212
3000213
30002210
30002220
30002230
30002201
30002202
30002203
3000231
3000232
3000233
30002011
30002012
30002013
30002021
30002022
30002023
30002031
30002032
30002033
301311
301312
301313
301321
301322
301323
301331
301332
301333
30002211
30002212
30002213
30002221
30002222
30002223
30002231
30002232
30002233
