0010020110000100300000110102011030200
001002011000010030000011010201103020120
001002011000010030000011010201103020121300
001002011000010030000011010201103020121301
00100201100001003000001101020110302012130211120102223103102
0010020110000100300000110102011030201213021112010222310310320210
0010020110000100300000110102011030201213021112010222310310320211
0010020110000100300000110102011030201213021112010222310310320212
0010020110000100300000110102011030201213021112010222310310320213301
0010020110000100300000110102011030201213021112010222310310320213302
0010020110000100300000110102011030201213021112010222310310320213303
0010020110000100300000110102011030201213021112010222310310320213311303
001002011000010030000011010201103020121302111201022231031032021331131030211210
001002011000010030000011010201103020121302111201022231031032021331131030211211220
001002011000010030000011010201103020121302111201022231031032021331131030211211221
001002011000010030000011010201103020121302111201022231031032021331131030211211222
001002011000010030000011010201103020121302111201022231031032021331131030211211223
001002011000010030000011010201103020121302111201022231031032021331131030211211230
00100201100001003000001101020110302012130211120102223103103202133113103021121123112031320
00100201100001003000001101020110302012130211120102223103103202133113103021121123112031321
001002011000010030000011010201103020121302111201022231031032021331131030211211231120313220
001002011000010030000011010201103020121302111201022231031032021331131030211211231120313221
00100201100001003000001101020110302012130211120102223103103202133113103021121123112031322223230203120
001002011000010030000011010201103020121302111201022231031032021331131030211211231120313222232302031212
00100201100001003000001101020110302012130211120102223103103202133113103021121123112031322223230203121330
001002011000010030000011010201103020121302111201022231031032021331131030211211231120313222232302031213313
0010020110000100300000110102011030201213021112010222310310320213311310302112112311203132222323020312133223
00100201100001003000001101020110302012130211120102223103103202133113103021121123112031322223230203121332321
00100201100001003000001101020110302012130211120102223103103202133113103021121123112031322223230203121332322
0010020110000100300000110102011030201213021112010222310310320213311310302112112311203132222323020312133232312
00100201100001003000001101020110302012130211120102223103103202133113103021121123112031322223230203121332323130
00100201100001003000001101020110302012130211120102223103103202133113103021121123112031322223230203121332323131
00100201100001003000001101020110302012130211120102223103103202133113103021121123112031322223230203121332323132
001002011000010030000011010201103020121302111201022231031032021331131030211211231120313222232302031213323231332
0010020110000100300000110102011030201213021112010222310310320213311310302112112311203132222323020312133232313332
00100201100001003000001101020110302012130211120102223103103202133113103021121123112031322223230203121332323133330
00100201100001003000001101020110302012130211120102223103103202133113103021121123112031322223230203121332323133331
00100201100001003000001101020110302012130211120102223103103202133113103021121123112031322223230203121332323133332
00100201100001003000001101020110302012130211120102223103103202133113103021121123112031322223230203121332323133333
0010020110000100300000110102011030201213021112010222310310320213311310302112112311203132222323020312133233
00100201100001003000001101020110302012130211120102223103103202133113103021121123112031322223230203121333
0010020110000100300000110102011030201213021112010222310310320213311310302112112311203132222323020313
00100201100001003000001101020110302012130211120102223103103202133113103021121123112031322223230203223
0010020110000100300000110102011030201213021112010222310310320213311310302112112311203132222323020323
001002011000010030000011010201103020121302111201022231031032021331131030211211231120313222232302033
0010020110000100300000110102011030201213021112010222310310320213311310302112112311203132222323021
0010020110000100300000110102011030201213021112010222310310320213311310302112112311203132222323022
0010020110000100300000110102011030201213021112010222310310320213311310302112112311203132222323023
00100201100001003000001101020110302012130211120102223103103202133113103021121123112031322223230301
00100201100001003000001101020110302012130211120102223103103202133113103021121123112031322223230302
00100201100001003000001101020110302012130211120102223103103202133113103021121123112031322223230303
00100201100001003000001101020110302012130211120102223103103202133113103021121123112031322223230311
00100201100001003000001101020110302012130211120102223103103202133113103021121123112031322223230312
00100201100001003000001101020110302012130211120102223103103202133113103021121123112031322223230313
00100201100001003000001101020110302012130211120102223103103202133113103021121123112031322223230321
00100201100001003000001101020110302012130211120102223103103202133113103021121123112031322223230322
00100201100001003000001101020110302012130211120102223103103202133113103021121123112031322223230323
00100201100001003000001101020110302012130211120102223103103202133113103021121123112031322223230332
00100201100001003000001101020110302012130211120102223103103202133113103021121123112031322223230333
001002011000010030000011010201103020121302111201022231031032021331131030211211231120313222233
00100201100001003000001101020110302012130211120102223103103202133113103021121123113
001002011000010030000011010201103020121302111201022231031032021331131030212
001002011000010030000011010201103020121302111201022231031032021331131030213
0010020110000100300000110102011030201213021112011
0010020110000100300000110102011030201213021112012
0010020110000100300000110102011030201213021112013
001002011000010030001
001002011000010030002
001002011000010030003
100011000010020120300000110102011030200
100011000010020120300000110102011030201300
100011000010020120300000110102011030201301
1000110000100201203000001101020110302013021112010221
10001100001002012030000011010201103020130211120102223103102
1000110000100201203000001101020110302013021112010222310310320210
1000110000100201203000001101020110302013021112010222310310320211
1000110000100201203000001101020110302013021112010222310310320212
1000110000100201203000001101020110302013021112010222310310320213301
1000110000100201203000001101020110302013021112010222310310320213302
1000110000100201203000001101020110302013021112010222310310320213303
1000110000100201203000001101020110302013021112010222310310320213311303
100011000010020120300000110102011030201302111201022231031032021331131030211210
100011000010020120300000110102011030201302111201022231031032021331131030211211220
100011000010020120300000110102011030201302111201022231031032021331131030211211221
100011000010020120300000110102011030201302111201022231031032021331131030211211222
100011000010020120300000110102011030201302111201022231031032021331131030211211223
100011000010020120300000110102011030201302111201022231031032021331131030211211230
10001100001002012030000011010201103020130211120102223103103202133113103021121123112031320
10001100001002012030000011010201103020130211120102223103103202133113103021121123112031321
100011000010020120300000110102011030201302111201022231031032021331131030211211231120313220
100011000010020120300000110102011030201302111201022231031032021331131030211211231120313221
10001100001002012030000011010201103020130211120102223103103202133113103021121123112031322223230203120
100011000010020120300000110102011030201302111201022231031032021331131030211211231120313222232302031212
10001100001002012030000011010201103020130211120102223103103202133113103021121123112031322223230203121330
100011000010020120300000110102011030201302111201022231031032021331131030211211231120313222232302031213313
1000110000100201203000001101020110302013021112010222310310320213311310302112112311203132222323020312133223
10001100001002012030000011010201103020130211120102223103103202133113103021121123112031322223230203121332321
10001100001002012030000011010201103020130211120102223103103202133113103021121123112031322223230203121332322
1000110000100201203000001101020110302013021112010222310310320213311310302112112311203132222323020312133232312
10001100001002012030000011010201103020130211120102223103103202133113103021121123112031322223230203121332323130
10001100001002012030000011010201103020130211120102223103103202133113103021121123112031322223230203121332323131
10001100001002012030000011010201103020130211120102223103103202133113103021121123112031322223230203121332323132
100011000010020120300000110102011030201302111201022231031032021331131030211211231120313222232302031213323231332
1000110000100201203000001101020110302013021112010222310310320213311310302112112311203132222323020312133232313332
10001100001002012030000011010201103020130211120102223103103202133113103021121123112031322223230203121332323133330
10001100001002012030000011010201103020130211120102223103103202133113103021121123112031322223230203121332323133331
10001100001002012030000011010201103020130211120102223103103202133113103021121123112031322223230203121332323133332
10001100001002012030000011010201103020130211120102223103103202133113103021121123112031322223230203121332323133333
1000110000100201203000001101020110302013021112010222310310320213311310302112112311203132222323020312133233
10001100001002012030000011010201103020130211120102223103103202133113103021121123112031322223230203121333
1000110000100201203000001101020110302013021112010222310310320213311310302112112311203132222323020313
10001100001002012030000011010201103020130211120102223103103202133113103021121123112031322223230203223
1000110000100201203000001101020110302013021112010222310310320213311310302112112311203132222323020323
100011000010020120300000110102011030201302111201022231031032021331131030211211231120313222232302033
1000110000100201203000001101020110302013021112010222310310320213311310302112112311203132222323021
1000110000100201203000001101020110302013021112010222310310320213311310302112112311203132222323022
1000110000100201203000001101020110302013021112010222310310320213311310302112112311203132222323023
10001100001002012030000011010201103020130211120102223103103202133113103021121123112031322223230301
10001100001002012030000011010201103020130211120102223103103202133113103021121123112031322223230302
10001100001002012030000011010201103020130211120102223103103202133113103021121123112031322223230303
10001100001002012030000011010201103020130211120102223103103202133113103021121123112031322223230311
10001100001002012030000011010201103020130211120102223103103202133113103021121123112031322223230312
10001100001002012030000011010201103020130211120102223103103202133113103021121123112031322223230313
10001100001002012030000011010201103020130211120102223103103202133113103021121123112031322223230321
10001100001002012030000011010201103020130211120102223103103202133113103021121123112031322223230322
10001100001002012030000011010201103020130211120102223103103202133113103021121123112031322223230323
10001100001002012030000011010201103020130211120102223103103202133113103021121123112031322223230332
10001100001002012030000011010201103020130211120102223103103202133113103021121123112031322223230333
100011000010020120300000110102011030201302111201022231031032021331131030211211231120313222233
10001100001002012030000011010201103020130211120102223103103202133113103021121123113
100011000010020120300000110102011030201302111201022231031032021331131030212
100011000010020120300000110102011030201302111201022231031032021331131030213
1000110000100201203000001101020110302013021112011
1000110000100201203000001101020110302013021112012
1000110000100201203000001101020110302013021112013
10001100001002012030001
10001100001002012030002
10001100001002012030003
20001011000010021101020011030200300001112010120
20001011000010021101020011030200300001112010121300
20001011000010021101020011030200300001112010121301
20001011000010021101020011030200300001112010121302223103102
2000101100001002110102001103020030000111201012130222310310320210
2000101100001002110102001103020030000111201012130222310310320211
2000101100001002110102001103020030000111201012130222310310320212
2000101100001002110102001103020030000111201012130222310310320213301
2000101100001002110102001103020030000111201012130222310310320213302
2000101100001002110102001103020030000111201012130222310310320213303
2000101100001002110102001103020030000111201012130222310310320213311302
2000101100001002110102001103020030000111201012130222310310320213311303
200010110000100211010200110302003000011120101213022231031032021331131030211210
200010110000100211010200110302003000011120101213022231031032021331131030211211220
200010110000100211010200110302003000011120101213022231031032021331131030211211221
200010110000100211010200110302003000011120101213022231031032021331131030211211222
200010110000100211010200110302003000011120101213022231031032021331131030211211223
200010110000100211010200110302003000011120101213022231031032021331131030211211230
20001011000010021101020011030200300001112010121302223103103202133113103021121123112031320
20001011000010021101020011030200300001112010121302223103103202133113103021121123112031321
200010110000100211010200110302003000011120101213022231031032021331131030211211231120313220
200010110000100211010200110302003000011120101213022231031032021331131030211211231120313221
20001011000010021101020011030200300001112010121302223103103202133113103021121123112031322223230203120
200010110000100211010200110302003000011120101213022231031032021331131030211211231120313222232302031212
20001011000010021101020011030200300001112010121302223103103202133113103021121123112031322223230203121330
200010110000100211010200110302003000011120101213022231031032021331131030211211231120313222232302031213313
2000101100001002110102001103020030000111201012130222310310320213311310302112112311203132222323020312133223
20001011000010021101020011030200300001112010121302223103103202133113103021121123112031322223230203121332321
20001011000010021101020011030200300001112010121302223103103202133113103021121123112031322223230203121332322
2000101100001002110102001103020030000111201012130222310310320213311310302112112311203132222323020312133232312
20001011000010021101020011030200300001112010121302223103103202133113103021121123112031322223230203121332323130
20001011000010021101020011030200300001112010121302223103103202133113103021121123112031322223230203121332323131
20001011000010021101020011030200300001112010121302223103103202133113103021121123112031322223230203121332323132
200010110000100211010200110302003000011120101213022231031032021331131030211211231120313222232302031213323231332
2000101100001002110102001103020030000111201012130222310310320213311310302112112311203132222323020312133232313332
20001011000010021101020011030200300001112010121302223103103202133113103021121123112031322223230203121332323133330
20001011000010021101020011030200300001112010121302223103103202133113103021121123112031322223230203121332323133331
20001011000010021101020011030200300001112010121302223103103202133113103021121123112031322223230203121332323133332
20001011000010021101020011030200300001112010121302223103103202133113103021121123112031322223230203121332323133333
2000101100001002110102001103020030000111201012130222310310320213311310302112112311203132222323020312133233
20001011000010021101020011030200300001112010121302223103103202133113103021121123112031322223230203121333
2000101100001002110102001103020030000111201012130222310310320213311310302112112311203132222323020313
20001011000010021101020011030200300001112010121302223103103202133113103021121123112031322223230203223
2000101100001002110102001103020030000111201012130222310310320213311310302112112311203132222323020323
200010110000100211010200110302003000011120101213022231031032021331131030211211231120313222232302033
2000101100001002110102001103020030000111201012130222310310320213311310302112112311203132222323021
2000101100001002110102001103020030000111201012130222310310320213311310302112112311203132222323022
2000101100001002110102001103020030000111201012130222310310320213311310302112112311203132222323023
20001011000010021101020011030200300001112010121302223103103202133113103021121123112031322223230301
20001011000010021101020011030200300001112010121302223103103202133113103021121123112031322223230302
20001011000010021101020011030200300001112010121302223103103202133113103021121123112031322223230303
20001011000010021101020011030200300001112010121302223103103202133113103021121123112031322223230311
20001011000010021101020011030200300001112010121302223103103202133113103021121123112031322223230312
20001011000010021101020011030200300001112010121302223103103202133113103021121123112031322223230313
20001011000010021101020011030200300001112010121302223103103202133113103021121123112031322223230321
20001011000010021101020011030200300001112010121302223103103202133113103021121123112031322223230322
20001011000010021101020011030200300001112010121302223103103202133113103021121123112031322223230323
20001011000010021101020011030200300001112010121302223103103202133113103021121123112031322223230332
20001011000010021101020011030200300001112010121302223103103202133113103021121123112031322223230333
200010110000100211010200110302003000011120101213022231031032021331131030211211231120313222233
20001011000010021101020011030200300001112010121302223103103202133113103021121123113
200010110000100211010200110302003000011120101213022231031032021331131030212
200010110000100211010200110302003000011120101213022231031032021331131030213
20001011000010021101020011030200300001112011
20001011000010021101020011030200300001112012
20001011000010021101020011030200300001112013
2000101100001002110102001103020030001
2000101100001002110102001103020030002
2000101100001002110102001103020030003
30000000100010020110011010201103020031021112010120
30000000100010020110011010201103020031021112010121300
30000000100010020110011010201103020031021112010121301
3000000010001002011001101020110302003102111201012130222310320210
3000000010001002011001101020110302003102111201012130222310320211
3000000010001002011001101020110302003102111201012130222310320212
3000000010001002011001101020110302003102111201012130222310320213301
3000000010001002011001101020110302003102111201012130222310320213302
3000000010001002011001101020110302003102111201012130222310320213303
3000000010001002011001101020110302003102111201012130222310320213311302
3000000010001002011001101020110302003102111201012130222310320213311303
300000001000100201100110102011030200310211120101213022231032021331131030211210
300000001000100201100110102011030200310211120101213022231032021331131030211211220
300000001000100201100110102011030200310211120101213022231032021331131030211211221
300000001000100201100110102011030200310211120101213022231032021331131030211211222
300000001000100201100110102011030200310211120101213022231032021331131030211211223
300000001000100201100110102011030200310211120101213022231032021331131030211211230
30000000100010020110011010201103020031021112010121302223103202133113103021121123112031320
30000000100010020110011010201103020031021112010121302223103202133113103021121123112031321
300000001000100201100110102011030200310211120101213022231032021331131030211211231120313220
300000001000100201100110102011030200310211120101213022231032021331131030211211231120313221
300000001000100201100110102011030200310211120101213022231032021331131030211211231120313222232302031203
300000001000100201100110102011030200310211120101213022231032021331131030211211231120313222232302031212
30000000100010020110011010201103020031021112010121302223103202133113103021121123112031322223230203121330
300000001000100201100110102011030200310211120101213022231032021331131030211211231120313222232302031213313
3000000010001002011001101020110302003102111201012130222310320213311310302112112311203132222323020312133223
30000000100010020110011010201103020031021112010121302223103202133113103021121123112031322223230203121332321
30000000100010020110011010201103020031021112010121302223103202133113103021121123112031322223230203121332322
3000000010001002011001101020110302003102111201012130222310320213311310302112112311203132222323020312133232312
30000000100010020110011010201103020031021112010121302223103202133113103021121123112031322223230203121332323130
30000000100010020110011010201103020031021112010121302223103202133113103021121123112031322223230203121332323131
30000000100010020110011010201103020031021112010121302223103202133113103021121123112031322223230203121332323132
300000001000100201100110102011030200310211120101213022231032021331131030211211231120313222232302031213323231332
3000000010001002011001101020110302003102111201012130222310320213311310302112112311203132222323020312133232313332
30000000100010020110011010201103020031021112010121302223103202133113103021121123112031322223230203121332323133330
30000000100010020110011010201103020031021112010121302223103202133113103021121123112031322223230203121332323133331
30000000100010020110011010201103020031021112010121302223103202133113103021121123112031322223230203121332323133332
30000000100010020110011010201103020031021112010121302223103202133113103021121123112031322223230203121332323133333
3000000010001002011001101020110302003102111201012130222310320213311310302112112311203132222323020312133233
30000000100010020110011010201103020031021112010121302223103202133113103021121123112031322223230203121333
3000000010001002011001101020110302003102111201012130222310320213311310302112112311203132222323020313
30000000100010020110011010201103020031021112010121302223103202133113103021121123112031322223230203223
3000000010001002011001101020110302003102111201012130222310320213311310302112112311203132222323020323
300000001000100201100110102011030200310211120101213022231032021331131030211211231120313222232302033
3000000010001002011001101020110302003102111201012130222310320213311310302112112311203132222323021
3000000010001002011001101020110302003102111201012130222310320213311310302112112311203132222323022
3000000010001002011001101020110302003102111201012130222310320213311310302112112311203132222323023
30000000100010020110011010201103020031021112010121302223103202133113103021121123112031322223230301
30000000100010020110011010201103020031021112010121302223103202133113103021121123112031322223230302
30000000100010020110011010201103020031021112010121302223103202133113103021121123112031322223230303
30000000100010020110011010201103020031021112010121302223103202133113103021121123112031322223230311
30000000100010020110011010201103020031021112010121302223103202133113103021121123112031322223230312
30000000100010020110011010201103020031021112010121302223103202133113103021121123112031322223230313
30000000100010020110011010201103020031021112010121302223103202133113103021121123112031322223230321
30000000100010020110011010201103020031021112010121302223103202133113103021121123112031322223230322
30000000100010020110011010201103020031021112010121302223103202133113103021121123112031322223230323
30000000100010020110011010201103020031021112010121302223103202133113103021121123112031322223230332
30000000100010020110011010201103020031021112010121302223103202133113103021121123112031322223230333
300000001000100201100110102011030200310211120101213022231032021331131030211211231120313222233
30000000100010020110011010201103020031021112010121302223103202133113103021121123113
300000001000100201100110102011030200310211120101213022231032021331131030212
300000001000100201100110102011030200310211120101213022231032021331131030213
30000000100010020110011010201103020031021112011
30000000100010020110011010201103020031021112012
30000000100010020110011010201103020031021112013
30001
30002
30003
