0000000
0100
020
03000
0010
00200000
0030000
00010
00020
00030
000010
000020
000030
0000010
0000020
0000030
0000001
0000002
0000003
0110
0120
0130
0101
0102
0103
021
022
023
0310
0320
03300
03010
03020
03030
030010
030020
0300300
0011
0012
0013
00210
00220
00230
002010
002020
002030
0020010
0020020
0020030
00200010
00200020
00200030
00200001
00200002
00200003
00310
00320
00330
003010
003020
003030
0030010
0030020
0030030
0030001
0030002
0030003
00011
00012
00013
00021
00022
00023
00031
00032
00033
000011
000012
000013
000021
000022
000023
000031
000032
000033
0000011
0000012
0000013
0000021
0000022
0000023
0000031
0000032
0000033
0111
0112
0113
0121
0122
0123
0131
0132
0133
0311
0312
0313
0321
0322
0323
03310
03320
03330
03301
03302
03303
03011
03012
03013
03021
03022
03023
03031
03032
03033
030011
030012
030013
030021
030022
030023
0300310
0300320
0300330
0300301
0300302
0300303
00211
00212
00213
00221
00222
00223
00231
00232
00233
002011
002012
002013
002021
002022
002023
002031
002032
002033
0020011
0020012
0020013
0020021
0020022
0020023
0020031
0020032
0020033
00200011
00200012
00200013
00200021
00200022
00200023
00200031
00200032
00200033
00311
00312
00313
00321
00322
00323
00331
00332
00333
003011
003012
003013
003021
003022
003023
003031
003032
003033
0030011
0030012
0030013
0030021
0030022
0030023
0030031
0030032
0030033
03311
03312
03313
03321
03322
03323
03331
03332
03333
0300311
0300312
0300313
0300321
0300322
0300323
0300331
0300332
0300333
20000
21000
220
2300000
20100
202000
2030
200100000
20020
20030
20001
20002
20003
2110
2120
2130
21010
21020
21030
21001
21002
21003
221
222
223
2310
2320
2330
23010
23020
23030
230010
2300200
230030
2300010
2300020
2300030
2300001
2300002
2300003
20110
2012
20130
20101
20102
20103
20210
20220
202300
202010
202020
202030
202001
202002
202003
2031
2032
2033
200110
200120
200130
2001010
2001020
2001030
20010010
20010020
20010030
200100010
200100020
200100030
200100001
200100002
200100003
20021
20022
20023
20031
20032
20033
2111
2112
2113
2121
2122
2123
2131
2132
2133
21011
21012
21013
21021
21022
21023
21031
21032
21033
2311
2312
2313
2321
2322
2323
2331
2332
2333
23011
23012
23013
23021
23022
23023
23031
23032
23033
230011
230012
230013
2300210
2300220
2300230
2300201
2300202
2300203
230031
230032
230033
2300011
2300012
2300013
2300021
2300022
2300023
2300031
2300032
2300033
20111
20112
20113
20131
20132
20133
20211
20212
20213
20221
20222
20223
202310
202320
202330
202301
202302
202303
202011
202012
202013
202021
202022
202023
202031
202032
202033
200111
200112
200113
200121
200122
200123
200131
200132
200133
2001011
2001012
2001013
2001021
2001022
2001023
2001031
2001032
2001033
20010011
20010012
20010013
20010021
20010022
20010023
20010031
20010032
20010033
200100011
200100012
200100013
200100021
200100022
200100023
200100031
200100032
200100033
2300211
2300212
2300213
2300221
2300222
2300223
2300231
2300232
2300233
202311
202312
202313
202321
202322
202323
202331
202332
202333
10000
11000
120
1300000
10100
102000
1030
100100000
10020
10030
10001
10002
10003
1110
1120
1130
11010
11020
11030
11001
11002
11003
121
122
123
1310
1320
1330
13010
13020
13030
130010
1300200
130030
1300010
1300020
1300030
1300001
1300002
1300003
1011
10120
10130
10101
10102
10103
10210
10220
102300
102010
102020
102030
102001
102002
102003
1031
1032
1033
100110
100120
100130
1001010
1001020
1001030
10010010
10010020
10010030
100100010
100100020
100100030
100100001
100100002
100100003
10021
10022
10023
10031
10032
10033
1111
1112
1113
1121
1122
1123
1131
1132
1133
11011
11012
11013
11021
11022
11023
11031
11032
11033
1311
1312
1313
1321
1322
1323
1331
1332
1333
13011
13012
13013
13021
13022
13023
13031
13032
13033
130011
130012
130013
1300210
1300220
1300230
1300201
1300202
1300203
130031
130032
130033
1300011
1300012
1300013
1300021
1300022
1300023
1300031
1300032
1300033
10121
10122
10123
10131
10132
10133
10211
10212
10213
10221
10222
10223
102310
102320
102330
102301
102302
102303
102011
102012
102013
102021
102022
102023
102031
102032
102033
100111
100112
100113
100121
100122
100123
100131
100132
100133
1001011
1001012
1001013
1001021
1001022
1001023
1001031
1001032
1001033
10010011
10010012
10010013
10010021
10010022
10010023
10010031
10010032
10010033
100100011
100100012
100100013
100100021
100100022
100100023
100100031
100100032
100100033
1300211
1300212
1300213
1300221
1300222
1300223
1300231
1300232
1300233
102311
102312
102313
102321
102322
102323
102331
102332
102333
3000000000
3100
320000
3300
3010
3020
30300
30010
30020
30030
300010
300020
300030
3000010
3000020
3000030
30000010
30000020
30000030
300000010
30000002000
3000000300
3000000010
3000000020
3000000030
3000000001
3000000002
3000000003
3110
3120
3130
3101
3102
3103
3210
3220
3230
32010
32020
32030
320010
320020
320030
320001
320002
320003
3310
3320
3330
3301
3302
3303
3011
3012
3013
3021
3022
3023
30310
30320
3033
30301
30302
30303
30011
30012
30013
30021
30022
30023
30031
30032
30033
300011
300012
300013
300021
300022
300023
300031
300032
300033
3000011
3000012
3000013
3000021
3000022
3000023
3000031
3000032
3000033
30000011
30000012
30000013
30000021
30000022
30000023
30000031
30000032
30000033
300000011
300000012
300000013
3000000210
3000000220
30000002300
30000002010
30000002020
30000002030
30000002001
30000002002
30000002003
3000000310
3000000320
3000000330
3000000301
3000000302
3000000303
3000000011
3000000012
3000000013
3000000021
3000000022
3000000023
3000000031
3000000032
3000000033
3111
3112
3113
3121
3122
3123
3131
3132
3133
3211
3212
3213
3221
3222
3223
3231
3232
3233
32011
32012
32013
32021
32022
32023
32031
32032
32033
320011
320012
320013
320021
320022
320023
320031
320032
320033
3311
3312
3313
3321
3322
3323
3331
3332
3333
30311
30312
30313
30321
30322
30323
3000000211
3000000212
3000000213
3000000221
3000000222
3000000223
30000002310
30000002320
30000002330
30000002301
30000002302
30000002303
30000002011
30000002012
30000002013
30000002021
30000002022
30000002023
30000002031
30000002032
30000002033
3000000311
3000000312
3000000313
3000000321
3000000322
3000000323
3000000331
3000000332
3000000333
30000002311
30000002312
30000002313
30000002321
30000002322
30000002323
30000002331
30000002332
30000002333
