1000001011010020202030
10000010110100202020312013030021
10000010110100202020312013030022310
10000010110100202020312013030022311101120
10000010110100202020312013030022311101121
10000010110100202020312013030022311101122
1000001011010020202031201303002231110112320112121
1000001011010020202031201303002231110112320112122
100000101101002020203120130300223111011232011212330
10000010110100202020312013030022311101123201121233130
10000010110100202020312013030022311101123201121233131
10000010110100202020312013030022311101123201121233132
10000010110100202020312013030022311101123201121233133
100000101101002020203120130300223111011232011212332
100000101101002020203120130300223111011232011212333021
100000101101002020203120130300223111011232011212333022
10000010110100202020312013030022311101123201121233302312
10000010110100202020312013030022311101123201121233302313211
100000101101002020203120130300223111011232011212333023132122
100000101101002020203120130300223111011232011212333023132123
10000010110100202020312013030022311101123201121233302313213
100000101101002020203120130300223111011232011212333023133
100000101101002020203120130300223111011232011212333032
100000101101002020203120130300223111011232011212333033
100000101101002020203120130300223111011232011213
10000010110100202020312013030022311101123201122
10000010110100202020312013030022311101123201123
10000010110100202020312013030022311101123201131
10000010110100202020312013030022311101123201132
10000010110100202020312013030022311101123201133
10000010110100202020312013030022311101123202
10000010110100202020312013030022311101123203
1000001011010020202031201303003
100000101101003
000100201002030
0001002010020311010020
00010020100203110100212013030021
00010020100203110100212013030022310
00010020100203110100212013030022311101120
00010020100203110100212013030022311101121
00010020100203110100212013030022311101122
0001002010020311010021201303002231110112320112122
000100201002031101002120130300223111011232011212330
00010020100203110100212013030022311101123201121233130
00010020100203110100212013030022311101123201121233131
00010020100203110100212013030022311101123201121233132
00010020100203110100212013030022311101123201121233133
000100201002031101002120130300223111011232011212332
000100201002031101002120130300223111011232011212333021
000100201002031101002120130300223111011232011212333022
00010020100203110100212013030022311101123201121233302312
00010020100203110100212013030022311101123201121233302313211
000100201002031101002120130300223111011232011212333023132122
000100201002031101002120130300223111011232011212333023132123
00010020100203110100212013030022311101123201121233302313213
000100201002031101002120130300223111011232011212333023133
000100201002031101002120130300223111011232011212333032
000100201002031101002120130300223111011232011212333033
000100201002031101002120130300223111011232011213
00010020100203110100212013030022311101123201122
00010020100203110100212013030022311101123201123
00010020100203110100212013030022311101123201131
00010020100203110100212013030022311101123201132
00010020100203110100212013030022311101123201133
00010020100203110100212013030022311101123202
00010020100203110100212013030022311101123203
0001002010020311010021201303003
000100201002031101003
20001002010021101002030
200010020100211010020312013030022310
200010020100211010020312013030022311101120
200010020100211010020312013030022311101121
200010020100211010020312013030022311101122
20001002010021101002031201303002231110112320112121
20001002010021101002031201303002231110112320112122
2000100201002110100203120130300223111011232011212330
200010020100211010020312013030022311101123201121233130
200010020100211010020312013030022311101123201121233131
200010020100211010020312013030022311101123201121233132
200010020100211010020312013030022311101123201121233133
2000100201002110100203120130300223111011232011212332
2000100201002110100203120130300223111011232011212333021
2000100201002110100203120130300223111011232011212333022
200010020100211010020312013030022311101123201121233302312
200010020100211010020312013030022311101123201121233302313211
2000100201002110100203120130300223111011232011212333023132122
2000100201002110100203120130300223111011232011212333023132123
200010020100211010020312013030022311101123201121233302313213
2000100201002110100203120130300223111011232011212333023133
2000100201002110100203120130300223111011232011212333032
2000100201002110100203120130300223111011232011212333033
2000100201002110100203120130300223111011232011213
200010020100211010020312013030022311101123201122
200010020100211010020312013030022311101123201123
200010020100211010020312013030022311101123201131
200010020100211010020312013030022311101123201132
200010020100211010020312013030022311101123201133
200010020100211010020312013030022311101123202
200010020100211010020312013030022311101123203
20001002010021101002031201303003
20001002010021101003
3000010001011010020202030
3000010001011010020202031202130310
3000010001011010020202031202130311101120
3000010001011010020202031202130311101121
30000100010110100202020312021303111011222320112121
30000100010110100202020312021303111011222320112122
3000010001011010020202031202130311101122232011212330
300001000101101002020203120213031110112223201121233130
300001000101101002020203120213031110112223201121233131
300001000101101002020203120213031110112223201121233132
300001000101101002020203120213031110112223201121233133
3000010001011010020202031202130311101122232011212332
3000010001011010020202031202130311101122232011212333021
3000010001011010020202031202130311101122232011212333022
300001000101101002020203120213031110112223201121233302312
300001000101101002020203120213031110112223201121233302313211
30000100010110100202020312021303111011222320112123330231321223
3000010001011010020202031202130311101122232011212333023132123
300001000101101002020203120213031110112223201121233302313213
3000010001011010020202031202130311101122232011212333023133
3000010001011010020202031202130311101122232011212333032
3000010001011010020202031202130311101122232011212333033
3000010001011010020202031202130311101122232011213
300001000101101002020203120213031110112223201122
300001000101101002020203120213031110112223201123
300001000101101002020203120213031110112223201131
300001000101101002020203120213031110112223201132
300001000101101002020203120213031110112223201133
300001000101101002020203120213031110112223202
300001000101101002020203120213031110112223203
3000010001011010020202031203
300001000101101003
