0000010010200020100000100300101030101011121002111002020203020300
0000010010200020100000100300101030101011121002111002020203020301220302010302013110
0000010010200020100000100300101030101011121002111002020203020301220302010302013111320
00000100102000201000001003001010301010111210021110020202030203012203020103020131113212122110
00000100102000201000001003001010301010111210021110020202030203012203020103020131113212122111
00000100102000201000001003001010301010111210021110020202030203012203020103020131113212122112220120
00000100102000201000001003001010301010111210021110020202030203012203020103020131113212122112220121
000001001020002010000010030010103010101112100211100202020302030122030201030201311132121221122201223100
000001001020002010000010030010103010101112100211100202020302030122030201030201311132121221122201223101131123010
000001001020002010000010030010103010101112100211100202020302030122030201030201311132121221122201223101131123011
000001001020002010000010030010103010101112100211100202020302030122030201030201311132121221122201223101131123012
000001001020002010000010030010103010101112100211100202020302030122030201030201311132121221122201223101131123013121321
000001001020002010000010030010103010101112100211100202020302030122030201030201311132121221122201223101131123013121322
000001001020002010000010030010103010101112100211100202020302030122030201030201311132121221122201223101131123013121323301320230030212
000001001020002010000010030010103010101112100211100202020302030122030201030201311132121221122201223101131123013121323301320230030213
000001001020002010000010030010103010101112100211100202020302030122030201030201311132121221122201223101131123013121323301320230030220
000001001020002010000010030010103010101112100211100202020302030122030201030201311132121221122201223101131123013121323301320230030221
000001001020002010000010030010103010101112100211100202020302030122030201030201311132121221122201223101131123013121323301320230030222
00000100102000201000001003001010301010111210021110020202030203012203020103020131113212122112220122310113112301312132330132023003022330
00000100102000201000001003001010301010111210021110020202030203012203020103020131113212122112220122310113112301312132330132023003022331
00000100102000201000001003001010301010111210021110020202030203012203020103020131113212122112220122310113112301312132330132023003022332
00000100102000201000001003001010301010111210021110020202030203012203020103020131113212122112220122310113112301312132330132023003022333
0000010010200020100000100300101030101011121002111002020203020301220302010302013111321212211222012231011311230131213233013202300302303
0000010010200020100000100300101030101011121002111002020203020301220302010302013111321212211222012231011311230131213233013202300302312
000001001020002010000010030010103010101112100211100202020302030122030201030201311132121221122201223101131123013121323301320230030231323
000001001020002010000010030010103010101112100211100202020302030122030201030201311132121221122201223101131123013121323301320230030231330
000001001020002010000010030010103010101112100211100202020302030122030201030201311132121221122201223101131123013121323301320230030231331
000001001020002010000010030010103010101112100211100202020302030122030201030201311132121221122201223101131123013121323301320230030231332
0000010010200020100000100300101030101011121002111002020203020301220302010302013111321212211222012231011311230131213233013202300302313333
00000100102000201000001003001010301010111210021110020202030203012203020103020131113212122112220122310113112301312132330132023003031102
000001001020002010000010030010103010101112100211100202020302030122030201030201311132121221122201223101131123013121323301320230030311032131
000001001020002010000010030010103010101112100211100202020302030122030201030201311132121221122201223101131123013121323301320230030311032132
000001001020002010000010030010103010101112100211100202020302030122030201030201311132121221122201223101131123013121323301320230030311032133
0000010010200020100000100300101030101011121002111002020203020301220302010302013111321212211222012231011311230131213233013202300303110322
00000100102000201000001003001010301010111210021110020202030203012203020103020131113212122112220122310113112301312132330132023003031103231
000001001020002010000010030010103010101112100211100202020302030122030201030201311132121221122201223101131123013121323301320230030311032320
000001001020002010000010030010103010101112100211100202020302030122030201030201311132121221122201223101131123013121323301320230030311032321
000001001020002010000010030010103010101112100211100202020302030122030201030201311132121221122201223101131123013121323301320230030311032322
000001001020002010000010030010103010101112100211100202020302030122030201030201311132121221122201223101131123013121323301320230030311032323
0000010010200020100000100300101030101011121002111002020203020301220302010302013111321212211222012231011311230131213233013202300303110323302
0000010010200020100000100300101030101011121002111002020203020301220302010302013111321212211222012231011311230131213233013202300303110323303120
000001001020002010000010030010103010101112100211100202020302030122030201030201311132121221122201223101131123013121323301320230030311032330312130
000001001020002010000010030010103010101112100211100202020302030122030201030201311132121221122201223101131123013121323301320230030311032330312131
000001001020002010000010030010103010101112100211100202020302030122030201030201311132121221122201223101131123013121323301320230030311032330312132
000001001020002010000010030010103010101112100211100202020302030122030201030201311132121221122201223101131123013121323301320230030311032330312133
0000010010200020100000100300101030101011121002111002020203020301220302010302013111321212211222012231011311230131213233013202300303110323303122
00000100102000201000001003001010301010111210021110020202030203012203020103020131113212122112220122310113112301312132330132023003031103233031233102
00000100102000201000001003001010301010111210021110020202030203012203020103020131113212122112220122310113112301312132330132023003031103233031233103
000001001020002010000010030010103010101112100211100202020302030122030201030201311132121221122201223101131123013121323301320230030311032330312331110
000001001020002010000010030010103010101112100211100202020302030122030201030201311132121221122201223101131123013121323301320230030311032330312331111
000001001020002010000010030010103010101112100211100202020302030122030201030201311132121221122201223101131123013121323301320230030311032330312331112
000001001020002010000010030010103010101112100211100202020302030122030201030201311132121221122201223101131123013121323301320230030311032330312331113
000001001020002010000010030010103010101112100211100202020302030122030201030201311132121221122201223101131123013121323301320230030311032330312331120
000001001020002010000010030010103010101112100211100202020302030122030201030201311132121221122201223101131123013121323301320230030311032330312331121
000001001020002010000010030010103010101112100211100202020302030122030201030201311132121221122201223101131123013121323301320230030311032330312331122
000001001020002010000010030010103010101112100211100202020302030122030201030201311132121221122201223101131123013121323301320230030311032330312331123
000001001020002010000010030010103010101112100211100202020302030122030201030201311132121221122201223101131123013121323301320230030311032330312331130
000001001020002010000010030010103010101112100211100202020302030122030201030201311132121221122201223101131123013121323301320230030311032330312331131
00000100102000201000001003001010301010111210021110020202030203012203020103020131113212122112220122310113112301312132330132023003031103233031233113223
0000010010200020100000100300101030101011121002111002020203020301220302010302013111321212211222012231011311230131213233013202300303110323303123311323
000001001020002010000010030010103010101112100211100202020302030122030201030201311132121221122201223101131123013121323301320230030311032330312331133
00000100102000201000001003001010301010111210021110020202030203012203020103020131113212122112220122310113112301312132330132023003031103233031233121
00000100102000201000001003001010301010111210021110020202030203012203020103020131113212122112220122310113112301312132330132023003031103233031233122
00000100102000201000001003001010301010111210021110020202030203012203020103020131113212122112220122310113112301312132330132023003031103233031233123
0000010010200020100000100300101030101011121002111002020203020301220302010302013111321212211222012231011311230131213233013202300303110323303123313
0000010010200020100000100300101030101011121002111002020203020301220302010302013111321212211222012231011311230131213233013202300303110323303123320
0000010010200020100000100300101030101011121002111002020203020301220302010302013111321212211222012231011311230131213233013202300303110323303123321
0000010010200020100000100300101030101011121002111002020203020301220302010302013111321212211222012231011311230131213233013202300303110323303123322
0000010010200020100000100300101030101011121002111002020203020301220302010302013111321212211222012231011311230131213233013202300303110323303123323
0000010010200020100000100300101030101011121002111002020203020301220302010302013111321212211222012231011311230131213233013202300303110323303123330
000001001020002010000010030010103010101112100211100202020302030122030201030201311132121221122201223101131123013121323301320230030311032330312333130
00000100102000201000001003001010301010111210021110020202030203012203020103020131113212122112220122310113112301312132330132023003031103233031233313111
00000100102000201000001003001010301010111210021110020202030203012203020103020131113212122112220122310113112301312132330132023003031103233031233313112
00000100102000201000001003001010301010111210021110020202030203012203020103020131113212122112220122310113112301312132330132023003031103233031233313113
00000100102000201000001003001010301010111210021110020202030203012203020103020131113212122112220122310113112301312132330132023003031103233031233313121
00000100102000201000001003001010301010111210021110020202030203012203020103020131113212122112220122310113112301312132330132023003031103233031233313122
00000100102000201000001003001010301010111210021110020202030203012203020103020131113212122112220122310113112301312132330132023003031103233031233313123
00000100102000201000001003001010301010111210021110020202030203012203020103020131113212122112220122310113112301312132330132023003031103233031233313131
00000100102000201000001003001010301010111210021110020202030203012203020103020131113212122112220122310113112301312132330132023003031103233031233313132
00000100102000201000001003001010301010111210021110020202030203012203020103020131113212122112220122310113112301312132330132023003031103233031233313133
0000010010200020100000100300101030101011121002111002020203020301220302010302013111321212211222012231011311230131213233013202300303110323303123331321
000001001020002010000010030010103010101112100211100202020302030122030201030201311132121221122201223101131123013121323301320230030311032330312333132231
000001001020002010000010030010103010101112100211100202020302030122030201030201311132121221122201223101131123013121323301320230030311032330312333132232
000001001020002010000010030010103010101112100211100202020302030122030201030201311132121221122201223101131123013121323301320230030311032330312333132233
000001001020002010000010030010103010101112100211100202020302030122030201030201311132121221122201223101131123013121323301320230030311032330312333133
0000010010200020100000100300101030101011121002111002020203020301220302010302013111321212211222012231011311230131213233013202300303110323303123332
0000010010200020100000100300101030101011121002111002020203020301220302010302013111321212211222012231011311230131213233013202300303110323303123333
00000100102000201000001003001010301010111210021110020202030203012203020103020131113212122112220122310113112301312132330132023003031103233032
00000100102000201000001003001010301010111210021110020202030203012203020103020131113212122112220122310113112301312132330132023003031103233033
0000010010200020100000100300101030101011121002111002020203020301220302010302013111321212211222012231011311230131213233013202300303111
0000010010200020100000100300101030101011121002111002020203020301220302010302013111321212211222012231011311230131213233013202300303112
0000010010200020100000100300101030101011121002111002020203020301220302010302013111321212211222012231011311230131213233013202300303113
0000010010200020100000100300101030101011121002111002020203020301220302010302013111321212211222012231011311230131213233013202301
0000010010200020100000100300101030101011121002111002020203020301220302010302013111321212211222012231011311230131213233013202302
0000010010200020100000100300101030101011121002111002020203020301220302010302013111321212211222012231011311230131213233013202303
0000010010200020100000100300101030101011121002111002020203020301220302010302013111321212211222012231011311230131213233013203
000001001020002010000010030010103010101112100211100202020302030122030201030201311132121221122201223101131123013121323302
000001001020002010000010030010103010101112100211100202020302030122030201030201311132121221122201223101131123013121323303
000001001020002010000010030010103010101112100211100202020302030122030201030201311132121221122201223101132
000001001020002010000010030010103010101112100211100202020302030122030201030201311132121221122201223101133
000001001020002010000010030010103010101112100211100202020302030122030201030201311132121221122201223102
000001001020002010000010030010103010101112100211100202020302030122030201030201311132121221122201223103
0000010010200020100000100300101030101011121002111002020203020301220302010302013111321213
0000010010200020100000100300101030101011121002111002020203020301220302010302013111321223
000001001020002010000010030010103010101112100211100203
000001001020002010000010030010103010101112101
000001001020002010000010030010103010101112102
000001001020002010000010030010103010101112103
20001020000000103001000001020101011210011310010211110202020300
20001020000000103001000001020101011210011310010211110202020301220103020
20001020000000103001000001020101011210011310010211110202020301220103021320201030210
20001020000000103001000001020101011210011310010211110202020301220103021320201030211
200010200000001030010000010201010112100113100102111102020203012201030213202010302122113030
20001020000000103001000001020101011210011310010211110202020301220103021320201030212211303121213111
2000102000000010300100000102010101121001131001021111020202030122010302132020103021221130312121311220120
2000102000000010300100000102010101121001131001021111020202030122010302132020103021221130312121311220121
200010200000001030010000010201010112100113100102111102020203012201030213202010302122113031212131122012231003122321
200010200000001030010000010201010112100113100102111102020203012201030213202010302122113031212131122012231003122322
200010200000001030010000010201010112100113100102111102020203012201030213202010302122113031212131122012231003122323301320230030211
200010200000001030010000010201010112100113100102111102020203012201030213202010302122113031212131122012231003122323301320230030212
200010200000001030010000010201010112100113100102111102020203012201030213202010302122113031212131122012231003122323301320230030213
200010200000001030010000010201010112100113100102111102020203012201030213202010302122113031212131122012231003122323301320230030220
200010200000001030010000010201010112100113100102111102020203012201030213202010302122113031212131122012231003122323301320230030221
2000102000000010300100000102010101121001131001021111020202030122010302132020103021221130312121311220122310031223233013202300302223010
2000102000000010300100000102010101121001131001021111020202030122010302132020103021221130312121311220122310031223233013202300302223011
2000102000000010300100000102010101121001131001021111020202030122010302132020103021221130312121311220122310031223233013202300302223012
2000102000000010300100000102010101121001131001021111020202030122010302132020103021221130312121311220122310031223233013202300302223013
20001020000000103001000001020101011210011310010211110202020301220103021320201030212211303121213112201223100312232330132023003022230203
20001020000000103001000001020101011210011310010211110202020301220103021320201030212211303121213112201223100312232330132023003022230212330
20001020000000103001000001020101011210011310010211110202020301220103021320201030212211303121213112201223100312232330132023003022230212331
20001020000000103001000001020101011210011310010211110202020301220103021320201030212211303121213112201223100312232330132023003022230212332
20001020000000103001000001020101011210011310010211110202020301220103021320201030212211303121213112201223100312232330132023003022230212333
200010200000001030010000010201010112100113100102111102020203012201030213202010302122113031212131122012231003122323301320230030222302130
200010200000001030010000010201010112100113100102111102020203012201030213202010302122113031212131122012231003122323301320230030222302131
2000102000000010300100000102010101121001131001021111020202030122010302132020103021221130312121311220122310031223233013202300302223021322
2000102000000010300100000102010101121001131001021111020202030122010302132020103021221130312121311220122310031223233013202300302223021323
2000102000000010300100000102010101121001131001021111020202030122010302132020103021221130312121311220122310031223233013202300302223021330
2000102000000010300100000102010101121001131001021111020202030122010302132020103021221130312121311220122310031223233013202300302223021331
2000102000000010300100000102010101121001131001021111020202030122010302132020103021221130312121311220122310031223233013202300302223021332
20001020000000103001000001020101011210011310010211110202020301220103021320201030212211303121213112201223100312232330132023003022230213333
2000102000000010300100000102010101121001131001021111020202030122010302132020103021221130312121311220122310031223233013202300302223022
2000102000000010300100000102010101121001131001021111020202030122010302132020103021221130312121311220122310031223233013202300302223023
2000102000000010300100000102010101121001131001021111020202030122010302132020103021221130312121311220122310031223233013202300302223030
20001020000000103001000001020101011210011310010211110202020301220103021320201030212211303121213112201223100312232330132023003022230311023
2000102000000010300100000102010101121001131001021111020202030122010302132020103021221130312121311220122310031223233013202300302223031103120
200010200000001030010000010201010112100113100102111102020203012201030213202010302122113031212131122012231003122323301320230030222303110312130
200010200000001030010000010201010112100113100102111102020203012201030213202010302122113031212131122012231003122323301320230030222303110312131
200010200000001030010000010201010112100113100102111102020203012201030213202010302122113031212131122012231003122323301320230030222303110312132
200010200000001030010000010201010112100113100102111102020203012201030213202010302122113031212131122012231003122323301320230030222303110312133
2000102000000010300100000102010101121001131001021111020202030122010302132020103021221130312121311220122310031223233013202300302223031103122
20001020000000103001000001020101011210011310010211110202020301220103021320201030212211303121213112201223100312232330132023003022230311031232131
20001020000000103001000001020101011210011310010211110202020301220103021320201030212211303121213112201223100312232330132023003022230311031232132
20001020000000103001000001020101011210011310010211110202020301220103021320201030212211303121213112201223100312232330132023003022230311031232133
200010200000001030010000010201010112100113100102111102020203012201030213202010302122113031212131122012231003122323301320230030222303110312322
2000102000000010300100000102010101121001131001021111020202030122010302132020103021221130312121311220122310031223233013202300302223031103123231
2000102000000010300100000102010101121001131001021111020202030122010302132020103021221130312121311220122310031223233013202300302223031103123232
20001020000000103001000001020101011210011310010211110202020301220103021320201030212211303121213112201223100312232330132023003022230311031232332
20001020000000103001000001020101011210011310010211110202020301220103021320201030212211303121213112201223100312232330132023003022230311031232333102
20001020000000103001000001020101011210011310010211110202020301220103021320201030212211303121213112201223100312232330132023003022230311031232333103
200010200000001030010000010201010112100113100102111102020203012201030213202010302122113031212131122012231003122323301320230030222303110312323331110
200010200000001030010000010201010112100113100102111102020203012201030213202010302122113031212131122012231003122323301320230030222303110312323331111
200010200000001030010000010201010112100113100102111102020203012201030213202010302122113031212131122012231003122323301320230030222303110312323331112
200010200000001030010000010201010112100113100102111102020203012201030213202010302122113031212131122012231003122323301320230030222303110312323331113320
200010200000001030010000010201010112100113100102111102020203012201030213202010302122113031212131122012231003122323301320230030222303110312323331113321
200010200000001030010000010201010112100113100102111102020203012201030213202010302122113031212131122012231003122323301320230030222303110312323331113322
200010200000001030010000010201010112100113100102111102020203012201030213202010302122113031212131122012231003122323301320230030222303110312323331113323
200010200000001030010000010201010112100113100102111102020203012201030213202010302122113031212131122012231003122323301320230030222303110312323331113330
20001020000000103001000001020101011210011310010211110202020301220103021320201030212211303121213112201223100312232330132023003022230311031232333111333130
2000102000000010300100000102010101121001131001021111020202030122010302132020103021221130312121311220122310031223233013202300302223031103123233311133313111
2000102000000010300100000102010101121001131001021111020202030122010302132020103021221130312121311220122310031223233013202300302223031103123233311133313112
2000102000000010300100000102010101121001131001021111020202030122010302132020103021221130312121311220122310031223233013202300302223031103123233311133313113
2000102000000010300100000102010101121001131001021111020202030122010302132020103021221130312121311220122310031223233013202300302223031103123233311133313122
2000102000000010300100000102010101121001131001021111020202030122010302132020103021221130312121311220122310031223233013202300302223031103123233311133313123
2000102000000010300100000102010101121001131001021111020202030122010302132020103021221130312121311220122310031223233013202300302223031103123233311133313132
2000102000000010300100000102010101121001131001021111020202030122010302132020103021221130312121311220122310031223233013202300302223031103123233311133313133
200010200000001030010000010201010112100113100102111102020203012201030213202010302122113031212131122012231003122323301320230030222303110312323331113331321
20001020000000103001000001020101011210011310010211110202020301220103021320201030212211303121213112201223100312232330132023003022230311031232333111333132231
20001020000000103001000001020101011210011310010211110202020301220103021320201030212211303121213112201223100312232330132023003022230311031232333111333132232
20001020000000103001000001020101011210011310010211110202020301220103021320201030212211303121213112201223100312232330132023003022230311031232333111333132233
20001020000000103001000001020101011210011310010211110202020301220103021320201030212211303121213112201223100312232330132023003022230311031232333111333133
200010200000001030010000010201010112100113100102111102020203012201030213202010302122113031212131122012231003122323301320230030222303110312323331113332
200010200000001030010000010201010112100113100102111102020203012201030213202010302122113031212131122012231003122323301320230030222303110312323331113333
2000102000000010300100000102010101121001131001021111020202030122010302132020103021221130312121311220122310031223233013202300302223031103123233311203
200010200000001030010000010201010112100113100102111102020203012201030213202010302122113031212131122012231003122323301320230030222303110312323331121
200010200000001030010000010201010112100113100102111102020203012201030213202010302122113031212131122012231003122323301320230030222303110312323331122
200010200000001030010000010201010112100113100102111102020203012201030213202010302122113031212131122012231003122323301320230030222303110312323331123
200010200000001030010000010201010112100113100102111102020203012201030213202010302122113031212131122012231003122323301320230030222303110312323331130
200010200000001030010000010201010112100113100102111102020203012201030213202010302122113031212131122012231003122323301320230030222303110312323331131
2000102000000010300100000102010101121001131001021111020202030122010302132020103021221130312121311220122310031223233013202300302223031103123233311323
200010200000001030010000010201010112100113100102111102020203012201030213202010302122113031212131122012231003122323301320230030222303110312323331133
20001020000000103001000001020101011210011310010211110202020301220103021320201030212211303121213112201223100312232330132023003022230311031232333121
20001020000000103001000001020101011210011310010211110202020301220103021320201030212211303121213112201223100312232330132023003022230311031232333122
20001020000000103001000001020101011210011310010211110202020301220103021320201030212211303121213112201223100312232330132023003022230311031232333123
2000102000000010300100000102010101121001131001021111020202030122010302132020103021221130312121311220122310031223233013202300302223031103123233313
200010200000001030010000010201010112100113100102111102020203012201030213202010302122113031212131122012231003122323301320230030222303111
200010200000001030010000010201010112100113100102111102020203012201030213202010302122113031212131122012231003122323301320230030222303112
200010200000001030010000010201010112100113100102111102020203012201030213202010302122113031212131122012231003122323301320230030222303113
2000102000000010300100000102010101121001131001021111020202030122010302132020103021221130312121311220122310031223233013202301
2000102000000010300100000102010101121001131001021111020202030122010302132020103021221130312121311220122310031223233013202302
2000102000000010300100000102010101121001131001021111020202030122010302132020103021221130312121311220122310031223233013202303
2000102000000010300100000102010101121001131001021111020202030122010302132020103021221130312121311220122310031223233013203
200010200000001030010000010201010112100113100102111102020203012201030213202010302122113031212131122012231003122323302
200010200000001030010000010201010112100113100102111102020203012201030213202010302122113031212131122012231003122323303
20001020000000103001000001020101011210011310010211110202020301220103021320201030212211303121213112201223101
20001020000000103001000001020101011210011310010211110202020301220103021320201030212211303121213112201223102
20001020000000103001000001020101011210011310010211110202020301220103021320201030212211303121213112201223103
200010200000001030010000010201010112100113100102111102020203012201030213202010302122113031212132
200010200000001030010000010201010112100113100102111102020203012201030213202010302122113031212133
200010200000001030010000010201010112100113100102111102020203012201030213202010302122113031213
200010200000001030010000010201010112100113100102111102020203012201030213202010302122113031223
2000102000000010300100000102010101121001131001021111020203
200010200000001030010000010201010112101
200010200000001030010000010201010112102
200010200000001030010000010201010112103
10000010000010001020001030010102020111011121002120202011002120302013110300
10000010000010001020001030010102020111011121002120202011002120302013110301220103020
100000100000100010200010300101020201110111210021202020110021203020131103012201030213213112110
100000100000100010200010300101020201110111210021202020110021203020131103012201030213213112111
100000100000100010200010300101020201110111210021202020110021203020131103012201030213213112112220120
100000100000100010200010300101020201110111210021202020110021203020131103012201030213213112112220121
10000010000010001020001030010102020111011121002120202011002120302013110301220103021321311211222012231003030
10000010000010001020001030010102020111011121002120202011002120302013110301220103021321311211222012231003031
100000100000100010200010300101020201110111210021202020110021203020131103012201030213213112112220122310030323010
100000100000100010200010300101020201110111210021202020110021203020131103012201030213213112112220122310030323011
100000100000100010200010300101020201110111210021202020110021203020131103012201030213213112112220122310030323012
100000100000100010200010300101020201110111210021202020110021203020131103012201030213213112112220122310030323013121321
100000100000100010200010300101020201110111210021202020110021203020131103012201030213213112112220122310030323013121322
100000100000100010200010300101020201110111210021202020110021203020131103012201030213213112112220122310030323013121323301320230030211
100000100000100010200010300101020201110111210021202020110021203020131103012201030213213112112220122310030323013121323301320230030212
100000100000100010200010300101020201110111210021202020110021203020131103012201030213213112112220122310030323013121323301320230030213
100000100000100010200010300101020201110111210021202020110021203020131103012201030213213112112220122310030323013121323301320230030220
100000100000100010200010300101020201110111210021202020110021203020131103012201030213213112112220122310030323013121323301320230030221
100000100000100010200010300101020201110111210021202020110021203020131103012201030213213112112220122310030323013121323301320230030222
10000010000010001020001030010102020111011121002120202011002120302013110301220103021321311211222012231003032301312132330132023003022330
10000010000010001020001030010102020111011121002120202011002120302013110301220103021321311211222012231003032301312132330132023003022331
10000010000010001020001030010102020111011121002120202011002120302013110301220103021321311211222012231003032301312132330132023003022332
10000010000010001020001030010102020111011121002120202011002120302013110301220103021321311211222012231003032301312132330132023003022333
1000001000001000102000103001010202011101112100212020201100212030201311030122010302132131121122201223100303230131213233013202300302303
1000001000001000102000103001010202011101112100212020201100212030201311030122010302132131121122201223100303230131213233013202300302312
100000100000100010200010300101020201110111210021202020110021203020131103012201030213213112112220122310030323013121323301320230030231322
100000100000100010200010300101020201110111210021202020110021203020131103012201030213213112112220122310030323013121323301320230030231323
100000100000100010200010300101020201110111210021202020110021203020131103012201030213213112112220122310030323013121323301320230030231330
100000100000100010200010300101020201110111210021202020110021203020131103012201030213213112112220122310030323013121323301320230030231331
100000100000100010200010300101020201110111210021202020110021203020131103012201030213213112112220122310030323013121323301320230030231332
1000001000001000102000103001010202011101112100212020201100212030201311030122010302132131121122201223100303230131213233013202300302313333
10000010000010001020001030010102020111011121002120202011002120302013110301220103021321311211222012231003032301312132330132023003031102
100000100000100010200010300101020201110111210021202020110021203020131103012201030213213112112220122310030323013121323301320230030311032131
100000100000100010200010300101020201110111210021202020110021203020131103012201030213213112112220122310030323013121323301320230030311032132
100000100000100010200010300101020201110111210021202020110021203020131103012201030213213112112220122310030323013121323301320230030311032133
1000001000001000102000103001010202011101112100212020201100212030201311030122010302132131121122201223100303230131213233013202300303110322
10000010000010001020001030010102020111011121002120202011002120302013110301220103021321311211222012231003032301312132330132023003031103231
100000100000100010200010300101020201110111210021202020110021203020131103012201030213213112112220122310030323013121323301320230030311032320
100000100000100010200010300101020201110111210021202020110021203020131103012201030213213112112220122310030323013121323301320230030311032321
100000100000100010200010300101020201110111210021202020110021203020131103012201030213213112112220122310030323013121323301320230030311032322
100000100000100010200010300101020201110111210021202020110021203020131103012201030213213112112220122310030323013121323301320230030311032323
1000001000001000102000103001010202011101112100212020201100212030201311030122010302132131121122201223100303230131213233013202300303110323302
1000001000001000102000103001010202011101112100212020201100212030201311030122010302132131121122201223100303230131213233013202300303110323303120
100000100000100010200010300101020201110111210021202020110021203020131103012201030213213112112220122310030323013121323301320230030311032330312130
100000100000100010200010300101020201110111210021202020110021203020131103012201030213213112112220122310030323013121323301320230030311032330312131
100000100000100010200010300101020201110111210021202020110021203020131103012201030213213112112220122310030323013121323301320230030311032330312132
100000100000100010200010300101020201110111210021202020110021203020131103012201030213213112112220122310030323013121323301320230030311032330312133
1000001000001000102000103001010202011101112100212020201100212030201311030122010302132131121122201223100303230131213233013202300303110323303122
10000010000010001020001030010102020111011121002120202011002120302013110301220103021321311211222012231003032301312132330132023003031103233031233102
10000010000010001020001030010102020111011121002120202011002120302013110301220103021321311211222012231003032301312132330132023003031103233031233103
100000100000100010200010300101020201110111210021202020110021203020131103012201030213213112112220122310030323013121323301320230030311032330312331110
100000100000100010200010300101020201110111210021202020110021203020131103012201030213213112112220122310030323013121323301320230030311032330312331111
100000100000100010200010300101020201110111210021202020110021203020131103012201030213213112112220122310030323013121323301320230030311032330312331112
100000100000100010200010300101020201110111210021202020110021203020131103012201030213213112112220122310030323013121323301320230030311032330312331113
100000100000100010200010300101020201110111210021202020110021203020131103012201030213213112112220122310030323013121323301320230030311032330312331120
100000100000100010200010300101020201110111210021202020110021203020131103012201030213213112112220122310030323013121323301320230030311032330312331121
100000100000100010200010300101020201110111210021202020110021203020131103012201030213213112112220122310030323013121323301320230030311032330312331122
100000100000100010200010300101020201110111210021202020110021203020131103012201030213213112112220122310030323013121323301320230030311032330312331123
100000100000100010200010300101020201110111210021202020110021203020131103012201030213213112112220122310030323013121323301320230030311032330312331130
100000100000100010200010300101020201110111210021202020110021203020131103012201030213213112112220122310030323013121323301320230030311032330312331131
10000010000010001020001030010102020111011121002120202011002120302013110301220103021321311211222012231003032301312132330132023003031103233031233113223
1000001000001000102000103001010202011101112100212020201100212030201311030122010302132131121122201223100303230131213233013202300303110323303123311323
100000100000100010200010300101020201110111210021202020110021203020131103012201030213213112112220122310030323013121323301320230030311032330312331133
10000010000010001020001030010102020111011121002120202011002120302013110301220103021321311211222012231003032301312132330132023003031103233031233121
10000010000010001020001030010102020111011121002120202011002120302013110301220103021321311211222012231003032301312132330132023003031103233031233122
10000010000010001020001030010102020111011121002120202011002120302013110301220103021321311211222012231003032301312132330132023003031103233031233123
1000001000001000102000103001010202011101112100212020201100212030201311030122010302132131121122201223100303230131213233013202300303110323303123313
1000001000001000102000103001010202011101112100212020201100212030201311030122010302132131121122201223100303230131213233013202300303110323303123320
1000001000001000102000103001010202011101112100212020201100212030201311030122010302132131121122201223100303230131213233013202300303110323303123321
1000001000001000102000103001010202011101112100212020201100212030201311030122010302132131121122201223100303230131213233013202300303110323303123322
1000001000001000102000103001010202011101112100212020201100212030201311030122010302132131121122201223100303230131213233013202300303110323303123323
1000001000001000102000103001010202011101112100212020201100212030201311030122010302132131121122201223100303230131213233013202300303110323303123330
100000100000100010200010300101020201110111210021202020110021203020131103012201030213213112112220122310030323013121323301320230030311032330312333130
10000010000010001020001030010102020111011121002120202011002120302013110301220103021321311211222012231003032301312132330132023003031103233031233313111
10000010000010001020001030010102020111011121002120202011002120302013110301220103021321311211222012231003032301312132330132023003031103233031233313112
10000010000010001020001030010102020111011121002120202011002120302013110301220103021321311211222012231003032301312132330132023003031103233031233313113
10000010000010001020001030010102020111011121002120202011002120302013110301220103021321311211222012231003032301312132330132023003031103233031233313122
10000010000010001020001030010102020111011121002120202011002120302013110301220103021321311211222012231003032301312132330132023003031103233031233313123
10000010000010001020001030010102020111011121002120202011002120302013110301220103021321311211222012231003032301312132330132023003031103233031233313133
1000001000001000102000103001010202011101112100212020201100212030201311030122010302132131121122201223100303230131213233013202300303110323303123331321
100000100000100010200010300101020201110111210021202020110021203020131103012201030213213112112220122310030323013121323301320230030311032330312333132231
100000100000100010200010300101020201110111210021202020110021203020131103012201030213213112112220122310030323013121323301320230030311032330312333132232
100000100000100010200010300101020201110111210021202020110021203020131103012201030213213112112220122310030323013121323301320230030311032330312333132233
100000100000100010200010300101020201110111210021202020110021203020131103012201030213213112112220122310030323013121323301320230030311032330312333133
1000001000001000102000103001010202011101112100212020201100212030201311030122010302132131121122201223100303230131213233013202300303110323303123332
1000001000001000102000103001010202011101112100212020201100212030201311030122010302132131121122201223100303230131213233013202300303110323303123333
10000010000010001020001030010102020111011121002120202011002120302013110301220103021321311211222012231003032301312132330132023003031103233032
10000010000010001020001030010102020111011121002120202011002120302013110301220103021321311211222012231003032301312132330132023003031103233033
1000001000001000102000103001010202011101112100212020201100212030201311030122010302132131121122201223100303230131213233013202300303111
1000001000001000102000103001010202011101112100212020201100212030201311030122010302132131121122201223100303230131213233013202300303112
1000001000001000102000103001010202011101112100212020201100212030201311030122010302132131121122201223100303230131213233013202300303113
1000001000001000102000103001010202011101112100212020201100212030201311030122010302132131121122201223100303230131213233013202301
1000001000001000102000103001010202011101112100212020201100212030201311030122010302132131121122201223100303230131213233013202302
1000001000001000102000103001010202011101112100212020201100212030201311030122010302132131121122201223100303230131213233013202303
1000001000001000102000103001010202011101112100212020201100212030201311030122010302132131121122201223100303230131213233013203
100000100000100010200010300101020201110111210021202020110021203020131103012201030213213112112220122310030323013121323302
100000100000100010200010300101020201110111210021202020110021203020131103012201030213213112112220122310030323013121323303
1000001000001000102000103001010202011101112100212020201100212030201311030122010302132131121122201223101
1000001000001000102000103001010202011101112100212020201100212030201311030122010302132131121122201223102
1000001000001000102000103001010202011101112100212020201100212030201311030122010302132131121122201223103
1000001000001000102000103001010202011101112100212020201100212030201311030122010302132132
1000001000001000102000103001010202011101112100212020201100212030201311030122010302132133
1000001000001000102000103001010202011101112100212020201100213
1000001000001000102000103001010202011101112100212020201100223
100000100000100010200010300101020201110111210021203
1000001000001000102000103001010202011101112101
1000001000001000102000103001010202011101112102
1000001000001000102000103001010202011101112103
300000010000001010100102000201010030111210021110110202020300
300000010000001010100102000201010030111210021110110202020301220103020
3000000100000010101001020002010100301112100211101102020203012201030213110
3000000100000010101001020002010100301112100211101102020203012201030213111
30000001000000101010010200020101003011121002111011020202030122010302131122120
30000001000000101010010200020101003011121002111011020202030122010302131122121
3000000100000010101001020002010100301112100211101102020203012201030213112212231003030201030201320
300000010000001010100102000201010030111210021110110202020301220103021311221223100303020103020132121222021311131211
300000010000001010100102000201010030111210021110110202020301220103021311221223100303020103020132121222021311131212
30000001000000101010010200020101003011121002111011020202030122010302131122122310030302010302013212122202131113121321
30000001000000101010010200020101003011121002111011020202030122010302131122122310030302010302013212122202131113121322
3000000100000010101001020002010100301112100211101102020203012201030213112212231003030201030201321212220213111312132330123010
3000000100000010101001020002010100301112100211101102020203012201030213112212231003030201030201321212220213111312132330123011
3000000100000010101001020002010100301112100211101102020203012201030213112212231003030201030201321212220213111312132330123012
3000000100000010101001020002010100301112100211101102020203012201030213112212231003030201030201321212220213111312132330123013
30000001000000101010010200020101003011121002111011020202030122010302131122122310030302010302013212122202131113121323301230203
300000010000001010100102000201010030111210021110110202020301220103021311221223100303020103020132121222021311131213233012302120
300000010000001010100102000201010030111210021110110202020301220103021311221223100303020103020132121222021311131213233012302121
300000010000001010100102000201010030111210021110110202020301220103021311221223100303020103020132121222021311131213233012302122
30000001000000101010010200020101003011121002111011020202030122010302131122122310030302010302013212122202131113121323301230212320230031
30000001000000101010010200020101003011121002111011020202030122010302131122122310030302010302013212122202131113121323301230212320230032
300000010000001010100102000201010030111210021110110202020301220103021311221223100303020103020132121222021311131213233012302123202300330
30000001000000101010010200020101003011121002111011020202030122010302131122122310030302010302013212122202131113121323301230212320230033132330
30000001000000101010010200020101003011121002111011020202030122010302131122122310030302010302013212122202131113121323301230212320230033132331
30000001000000101010010200020101003011121002111011020202030122010302131122122310030302010302013212122202131113121323301230212320230033132332
30000001000000101010010200020101003011121002111011020202030122010302131122122310030302010302013212122202131113121323301230212320230033132333
300000010000001010100102000201010030111210021110110202020301220103021311221223100303020103020132121222021311131213233012302123202300331330
300000010000001010100102000201010030111210021110110202020301220103021311221223100303020103020132121222021311131213233012302123202300331331
300000010000001010100102000201010030111210021110110202020301220103021311221223100303020103020132121222021311131213233012302123202300331332
3000000100000010101001020002010100301112100211101102020203012201030213112212231003030201030201321212220213111312132330123021232023003313333
3000000100000010101001020002010100301112100211101102020203012201030213112212231003030201030201321212220213111312132330123021232023011130
3000000100000010101001020002010100301112100211101102020203012201030213112212231003030201030201321212220213111312132330123021232023011131
3000000100000010101001020002010100301112100211101102020203012201030213112212231003030201030201321212220213111312132330123021232023011132
3000000100000010101001020002010100301112100211101102020203012201030213112212231003030201030201321212220213111312132330123021232023011133
300000010000001010100102000201010030111210021110110202020301220103021311221223100303020103020132121222021311131213233012302123202301122
300000010000001010100102000201010030111210021110110202020301220103021311221223100303020103020132121222021311131213233012302123202301123
300000010000001010100102000201010030111210021110110202020301220103021311221223100303020103020132121222021311131213233012302123202301131102
300000010000001010100102000201010030111210021110110202020301220103021311221223100303020103020132121222021311131213233012302123202301131103213
30000001000000101010010200020101003011121002111011020202030122010302131122122310030302010302013212122202131113121323301230212320230113110322
300000010000001010100102000201010030111210021110110202020301220103021311221223100303020103020132121222021311131213233012302123202301131103231
3000000100000010101001020002010100301112100211101102020203012201030213112212231003030201030201321212220213111312132330123021232023011311032322
3000000100000010101001020002010100301112100211101102020203012201030213112212231003030201030201321212220213111312132330123021232023011311032323
30000001000000101010010200020101003011121002111011020202030122010302131122122310030302010302013212122202131113121323301230212320230113110323303120
30000001000000101010010200020101003011121002111011020202030122010302131122122310030302010302013212122202131113121323301230212320230113110323303121
30000001000000101010010200020101003011121002111011020202030122010302131122122310030302010302013212122202131113121323301230212320230113110323303122
300000010000001010100102000201010030111210021110110202020301220103021311221223100303020103020132121222021311131213233012302123202301131103233031233102
300000010000001010100102000201010030111210021110110202020301220103021311221223100303020103020132121222021311131213233012302123202301131103233031233103
3000000100000010101001020002010100301112100211101102020203012201030213112212231003030201030201321212220213111312132330123021232023011311032330312331110
3000000100000010101001020002010100301112100211101102020203012201030213112212231003030201030201321212220213111312132330123021232023011311032330312331111
3000000100000010101001020002010100301112100211101102020203012201030213112212231003030201030201321212220213111312132330123021232023011311032330312331112
3000000100000010101001020002010100301112100211101102020203012201030213112212231003030201030201321212220213111312132330123021232023011311032330312331113
30000001000000101010010200020101003011121002111011020202030122010302131122122310030302010302013212122202131113121323301230212320230113110323303123311203
3000000100000010101001020002010100301112100211101102020203012201030213112212231003030201030201321212220213111312132330123021232023011311032330312331121
3000000100000010101001020002010100301112100211101102020203012201030213112212231003030201030201321212220213111312132330123021232023011311032330312331122
3000000100000010101001020002010100301112100211101102020203012201030213112212231003030201030201321212220213111312132330123021232023011311032330312331123
3000000100000010101001020002010100301112100211101102020203012201030213112212231003030201030201321212220213111312132330123021232023011311032330312331130
30000001000000101010010200020101003011121002111011020202030122010302131122122310030302010302013212122202131113121323301230212320230113110323303123311313
300000010000001010100102000201010030111210021110110202020301220103021311221223100303020103020132121222021311131213233012302123202301131103233031233113223
30000001000000101010010200020101003011121002111011020202030122010302131122122310030302010302013212122202131113121323301230212320230113110323303123311323
3000000100000010101001020002010100301112100211101102020203012201030213112212231003030201030201321212220213111312132330123021232023011311032330312331133
300000010000001010100102000201010030111210021110110202020301220103021311221223100303020103020132121222021311131213233012302123202301131103233031233121
300000010000001010100102000201010030111210021110110202020301220103021311221223100303020103020132121222021311131213233012302123202301131103233031233122
300000010000001010100102000201010030111210021110110202020301220103021311221223100303020103020132121222021311131213233012302123202301131103233031233123
30000001000000101010010200020101003011121002111011020202030122010302131122122310030302010302013212122202131113121323301230212320230113110323303123313
30000001000000101010010200020101003011121002111011020202030122010302131122122310030302010302013212122202131113121323301230212320230113110323303123320
30000001000000101010010200020101003011121002111011020202030122010302131122122310030302010302013212122202131113121323301230212320230113110323303123321
30000001000000101010010200020101003011121002111011020202030122010302131122122310030302010302013212122202131113121323301230212320230113110323303123322
30000001000000101010010200020101003011121002111011020202030122010302131122122310030302010302013212122202131113121323301230212320230113110323303123323
30000001000000101010010200020101003011121002111011020202030122010302131122122310030302010302013212122202131113121323301230212320230113110323303123330
3000000100000010101001020002010100301112100211101102020203012201030213112212231003030201030201321212220213111312132330123021232023011311032330312333130
300000010000001010100102000201010030111210021110110202020301220103021311221223100303020103020132121222021311131213233012302123202301131103233031233313122
300000010000001010100102000201010030111210021110110202020301220103021311221223100303020103020132121222021311131213233012302123202301131103233031233313123
300000010000001010100102000201010030111210021110110202020301220103021311221223100303020103020132121222021311131213233012302123202301131103233031233313131
300000010000001010100102000201010030111210021110110202020301220103021311221223100303020103020132121222021311131213233012302123202301131103233031233313132
300000010000001010100102000201010030111210021110110202020301220103021311221223100303020103020132121222021311131213233012302123202301131103233031233313133
30000001000000101010010200020101003011121002111011020202030122010302131122122310030302010302013212122202131113121323301230212320230113110323303123331321
3000000100000010101001020002010100301112100211101102020203012201030213112212231003030201030201321212220213111312132330123021232023011311032330312333132231
3000000100000010101001020002010100301112100211101102020203012201030213112212231003030201030201321212220213111312132330123021232023011311032330312333132232
3000000100000010101001020002010100301112100211101102020203012201030213112212231003030201030201321212220213111312132330123021232023011311032330312333132233
3000000100000010101001020002010100301112100211101102020203012201030213112212231003030201030201321212220213111312132330123021232023011311032330312333133
30000001000000101010010200020101003011121002111011020202030122010302131122122310030302010302013212122202131113121323301230212320230113110323303123332
30000001000000101010010200020101003011121002111011020202030122010302131122122310030302010302013212122202131113121323301230212320230113110323303123333
300000010000001010100102000201010030111210021110110202020301220103021311221223100303020103020132121222021311131213233012302123202301131103233032
300000010000001010100102000201010030111210021110110202020301220103021311221223100303020103020132121222021311131213233012302123202301131103233033
30000001000000101010010200020101003011121002111011020202030122010302131122122310030302010302013212122202131113121323301230212320230113111
30000001000000101010010200020101003011121002111011020202030122010302131122122310030302010302013212122202131113121323301230212320230113112
30000001000000101010010200020101003011121002111011020202030122010302131122122310030302010302013212122202131113121323301230212320230113113
300000010000001010100102000201010030111210021110110202020301220103021311221223100303020103020132121222021311131213233012302123202302
300000010000001010100102000201010030111210021110110202020301220103021311221223100303020103020132121222021311131213233012302123202303
300000010000001010100102000201010030111210021110110202020301220103021311221223100303020103020132121222021311131213233012302123203
30000001000000101010010200020101003011121002111011020202030122010302131122122310030302010302013212122202131113121323302
30000001000000101010010200020101003011121002111011020202030122010302131122122310030302010302013212122202131113121323303
300000010000001010100102000201010030111210021110110202020301220103021311221223100303020103020132121222021311132
300000010000001010100102000201010030111210021110110202020301220103021311221223100303020103020132121222021311133
3000000100000010101001020002010100301112100211101102020203012201030213112212231003030201030201321213
3000000100000010101001020002010100301112100211101102020203012201030213112212231003030201030201321223
300000010000001010100102000201010030111210021110110202020301220103021311221223101
300000010000001010100102000201010030111210021110110202020301220103021311221223102
300000010000001010100102000201010030111210021110110202020301220103021311221223103
30000001000000101010010200020101003011121002111011020203
3000000100000010101001020002010100301112101
3000000100000010101001020002010100301112102
3000000100000010101001020002010100301112103
