100100001010203020200303011112121013120021011
10010000101020302020030301111212101312002101220
100100001010203020200303011112121013120021012213130
100100001010203020200303011112121013120021012213131
100100001010203020200303011112121013120021012213132230
100100001010203020200303011112121013120021012213132231
100100001010203020200303011112121013120021012213132232
100100001010203020200303011112121013120021012213132233323
10010000101020302020030301111212101312002101221313223333
10010000101020302020030301111212101312002101222203
10010000101020302020030301111212101312002101222213
10010000101020302020030301111212101312002101222221
1001000010102030202003030111121210131200210122222230
1001000010102030202003030111121210131200210122222231
100100001010203020200303011112121013120021012222223232
100100001010203020200303011112121013120021012222223233
100100001010203020200303011112121013120021012222223311
100100001010203020200303011112121013120021012222223312
100100001010203020200303011112121013120021012222223313233
10010000101020302020030301111212101312002101223
10010000101020302020030301111212101312002102
10010000101020302020030301111212101312002103
10010000101020302020030301111212101312002112
10010000101020302020030301111212101312002113
10010000101020302020030302
10010000101020302020030303
000010203010
00001020301100102020030301111212101312002101220
000010203011001020200303011112121013120021012213130
000010203011001020200303011112121013120021012213131
000010203011001020200303011112121013120021012213132230
000010203011001020200303011112121013120021012213132231
000010203011001020200303011112121013120021012213132232
000010203011001020200303011112121013120021012213132233323
00001020301100102020030301111212101312002101221313223333
00001020301100102020030301111212101312002101222203
00001020301100102020030301111212101312002101222213
00001020301100102020030301111212101312002101222221
0000102030110010202003030111121210131200210122222230
0000102030110010202003030111121210131200210122222231
000010203011001020200303011112121013120021012222223232
000010203011001020200303011112121013120021012222223233
000010203011001020200303011112121013120021012222223311
000010203011001020200303011112121013120021012222223312
000010203011001020200303011112121013120021012222223313233
00001020301100102020030301111212101312002101223
00001020301100102020030301111212101312002102
00001020301100102020030301111212101312002103
00001020301100102020030301111212101312002112
00001020301100102020030301111212101312002113
00001020301100102020030302
00001020301100102020030303
20000010010101020302020030301111212102101131220
200000100101010203020200303011112121021011312213130
200000100101010203020200303011112121021011312213131
200000100101010203020200303011112121021011312213132230
200000100101010203020200303011112121021011312213132231
200000100101010203020200303011112121021011312213132232
200000100101010203020200303011112121021011312213132233323
20000010010101020302020030301111212102101131221313223333
20000010010101020302020030301111212102101131222203
20000010010101020302020030301111212102101131222212
20000010010101020302020030301111212102101131222213
20000010010101020302020030301111212102101131222221
2000001001010102030202003030111121210210113122222230
2000001001010102030202003030111121210210113122222231
200000100101010203020200303011112121021011312222223232
200000100101010203020200303011112121021011312222223233
200000100101010203020200303011112121021011312222223311
200000100101010203020200303011112121021011312222223312
200000100101010203020200303011112121021011312222223313233
20000010010101020302020030301111212102101131223
20000010010101020302020030301111212102102
20000010010101020302020030301111212102103
20000010010101020302020030301111212102112
20000010010101020302020030301111212102113
20000010010101020302020030302
20000010010101020302020030303
30000101020302001030020111030
3000010102030200103002011103120011212102101132220
30000101020302001030020111031200112121021011322213131
30000101020302001030020111031200112121021011322213132332
30000101020302001030020111031200112121021011322213132333
3000010102030200103002011103120011212102101132222203
300001010203020010300201110312001121210210113222221230
300001010203020010300201110312001121210210113222221231
300001010203020010300201110312001121210210113222221232
300001010203020010300201110312001121210210113222221233
3000010102030200103002011103120011212102101132222213
3000010102030200103002011103120011212102101132222221
300001010203020010300201110312001121210210113222222230
300001010203020010300201110312001121210210113222222231
30000101020302001030020111031200112121021011322222223233
30000101020302001030020111031200112121021011322222223311
30000101020302001030020111031200112121021011322222223312
30000101020302001030020111031200112121021011322222223313233
3000010102030200103002011103120011212102101132223
3000010102030200103002011103120011212102102
3000010102030200103002011103120011212102103
3000010102030200103002011103120011212102112
3000010102030200103002011103120011212102113
300001010203020010300202
300001010203020010300203
