200010110001002110003012000130200201001000010010020110030120210030130
200010110001002110003012000130200201001000010010020110030120210030131
2000101100010021100030120001302002010010000100100201100301202100301322023020303110102103102220
2000101100010021100030120001302002010010000100100201100301202100301322023020303110102103102221
200010110001002110003012000130200201001000010010020110030120210030132202302030311010210310222230
200010110001002110003012000130200201001000010010020110030120210030132202302030311010210310222231
200010110001002110003012000130200201001000010010020110030120210030132202302030311010210310222232
20001011000100211000301200013020020100100001001002011003012021003013220230203031101021031022223320
20001011000100211000301200013020020100100001001002011003012021003013220230203031101021031022223321120302211010120120
20001011000100211000301200013020020100100001001002011003012021003013220230203031101021031022223321120302211010120121
20001011000100211000301200013020020100100001001002011003012021003013220230203031101021031022223321120302211010120122
200010110001002110003012000130200201001000010010020110030120210030132202302030311010210310222233211203022110101201232020
20001011000100211000301200013020020100100001001002011003012021003013220230203031101021031022223321120302211010120123202130330
20001011000100211000301200013020020100100001001002011003012021003013220230203031101021031022223321120302211010120123202130331303230
20001011000100211000301200013020020100100001001002011003012021003013220230203031101021031022223321120302211010120123202130331303231
2000101100010021100030120001302002010010000100100201100301202100301322023020303110102103102222332112030221101012012320213033130323211020302
2000101100010021100030120001302002010010000100100201100301202100301322023020303110102103102222332112030221101012012320213033130323211020303
20001011000100211000301200013020020100100001001002011003012021003013220230203031101021031022223321120302211010120123202130331303232110203112
200010110001002110003012000130200201001000010010020110030120210030132202302030311010210310222233211203022110101201232021303313032321102031133031
200010110001002110003012000130200201001000010010020110030120210030132202302030311010210310222233211203022110101201232021303313032321102031133032
2000101100010021100030120001302002010010000100100201100301202100301322023020303110102103102222332112030221101012012320213033130323211020311330333
2000101100010021100030120001302002010010000100100201100301202100301322023020303110102103102222332112030221101012012320213033130323211020311331
20001011000100211000301200013020020100100001001002011003012021003013220230203031101021031022223321120302211010120123202130331303232110203113323
2000101100010021100030120001302002010010000100100201100301202100301322023020303110102103102222332112030221101012012320213033130323211020311333
2000101100010021100030120001302002010010000100100201100301202100301322023020303110102103102222332112030221101012012320213033130323211020312
2000101100010021100030120001302002010010000100100201100301202100301322023020303110102103102222332112030221101012012320213033130323211020313
200010110001002110003012000130200201001000010010020110030120210030132202302030311010210310222233211203022110101201232021303313032321102032111011
20001011000100211000301200013020020100100001001002011003012021003013220230203031101021031022223321120302211010120123202130331303232110203211101220
20001011000100211000301200013020020100100001001002011003012021003013220230203031101021031022223321120302211010120123202130331303232110203211101221
200010110001002110003012000130200201001000010010020110030120210030132202302030311010210310222233211203022110101201232021303313032321102032111012222113313
20001011000100211000301200013020020100100001001002011003012021003013220230203031101021031022223321120302211010120123202130331303232110203211101222211332122311
20001011000100211000301200013020020100100001001002011003012021003013220230203031101021031022223321120302211010120123202130331303232110203211101222211332122312333
20001011000100211000301200013020020100100001001002011003012021003013220230203031101021031022223321120302211010120123202130331303232110203211101222211332122313
20001011000100211000301200013020020100100001001002011003012021003013220230203031101021031022223321120302211010120123202130331303232110203211101222211332122321202
20001011000100211000301200013020020100100001001002011003012021003013220230203031101021031022223321120302211010120123202130331303232110203211101222211332122321203
20001011000100211000301200013020020100100001001002011003012021003013220230203031101021031022223321120302211010120123202130331303232110203211101222211332122321211121
20001011000100211000301200013020020100100001001002011003012021003013220230203031101021031022223321120302211010120123202130331303232110203211101222211332122321211122231
2000101100010021100030120001302002010010000100100201100301202100301322023020303110102103102222332112030221101012012320213033130323211020321110122221133212232121112223231
2000101100010021100030120001302002010010000100100201100301202100301322023020303110102103102222332112030221101012012320213033130323211020321110122221133212232121112223232
2000101100010021100030120001302002010010000100100201100301202100301322023020303110102103102222332112030221101012012320213033130323211020321110122221133212232121112223233
20001011000100211000301200013020020100100001001002011003012021003013220230203031101021031022223321120302211010120123202130331303232110203211101222211332122321211122233
2000101100010021100030120001302002010010000100100201100301202100301322023020303110102103102222332112030221101012012320213033130323211020321110122221133212232121113
2000101100010021100030120001302002010010000100100201100301202100301322023020303110102103102222332112030221101012012320213033130323211020321110122221133212232121123
2000101100010021100030120001302002010010000100100201100301202100301322023020303110102103102222332112030221101012012320213033130323211020321110122221133212232121130
2000101100010021100030120001302002010010000100100201100301202100301322023020303110102103102222332112030221101012012320213033130323211020321110122221133212232121131
200010110001002110003012000130200201001000010010020110030120210030132202302030311010210310222233211203022110101201232021303313032321102032111012222113321223212113223
20001011000100211000301200013020020100100001001002011003012021003013220230203031101021031022223321120302211010120123202130331303232110203211101222211332122321211323
2000101100010021100030120001302002010010000100100201100301202100301322023020303110102103102222332112030221101012012320213033130323211020321110122221133212232121133
20001011000100211000301200013020020100100001001002011003012021003013220230203031101021031022223321120302211010120123202130331303232110203211101222211332122321212
2000101100010021100030120001302002010010000100100201100301202100301322023020303110102103102222332112030221101012012320213033130323211020321110122221133212232121313
200010110001002110003012000130200201001000010010020110030120210030132202302030311010210310222233211203022110101201232021303313032321102032111012222113321223212132
200010110001002110003012000130200201001000010010020110030120210030132202302030311010210310222233211203022110101201232021303313032321102032111012222113321223212133
200010110001002110003012000130200201001000010010020110030120210030132202302030311010210310222233211203022110101201232021303313032321102032111012222113321223212230
200010110001002110003012000130200201001000010010020110030120210030132202302030311010210310222233211203022110101201232021303313032321102032111012222113321223212231
200010110001002110003012000130200201001000010010020110030120210030132202302030311010210310222233211203022110101201232021303313032321102032111012222113321223212232
200010110001002110003012000130200201001000010010020110030120210030132202302030311010210310222233211203022110101201232021303313032321102032111012222113321223212233
200010110001002110003012000130200201001000010010020110030120210030132202302030311010210310222233211203022110101201232021303313032321102032111012222113321223213
2000101100010021100030120001302002010010000100100201100301202100301322023020303110102103102222332112030221101012012320213033130323211020321110122221133212233
2000101100010021100030120001302002010010000100100201100301202100301322023020303110102103102222332112030221101012012320213033130323211020321110122222
2000101100010021100030120001302002010010000100100201100301202100301322023020303110102103102222332112030221101012012320213033130323211020321110122223
2000101100010021100030120001302002010010000100100201100301202100301322023020303110102103102222332112030221101012012320213033130323211020321110123
20001011000100211000301200013020020100100001001002011003012021003013220230203031101021031022223321120302211010120123202130331303232110203211102
20001011000100211000301200013020020100100001001002011003012021003013220230203031101021031022223321120302211010120123202130331303232110203211103
200010110001002110003012000130200201001000010010020110030120210030132202302030311010210310222233211203022110101201232021303313032321102033
2000101100010021100030120001302002010010000100100201100301202100301322023020303110102103102222332112030221101012012320213033130323211021
2000101100010021100030120001302002010010000100100201100301202100301322023020303110102103102222332112030221101012012320213033130323211022
2000101100010021100030120001302002010010000100100201100301202100301322023020303110102103102222332112030221101012012320213033130323211023
20001011000100211000301200013020020100100001001002011003012021003013220230203031101021031022223321120302211010120123202130331303232110302
20001011000100211000301200013020020100100001001002011003012021003013220230203031101021031022223321120302211010120123202130331303232110303
20001011000100211000301200013020020100100001001002011003012021003013220230203031101021031022223321120302211010120123202130331303232110311
20001011000100211000301200013020020100100001001002011003012021003013220230203031101021031022223321120302211010120123202130331303232110312
20001011000100211000301200013020020100100001001002011003012021003013220230203031101021031022223321120302211010120123202130331303232110313
20001011000100211000301200013020020100100001001002011003012021003013220230203031101021031022223321120302211010120123202130331303232110322
20001011000100211000301200013020020100100001001002011003012021003013220230203031101021031022223321120302211010120123202130331303232110323
2000101100010021100030120001302002010010000100100201100301202100301322023020303110102103102222332112030221101012012320213033130323211033
2000101100010021100030120001302002010010000100100201100301202100301322023020303110102103102222332112030221101012012320213033130323212
2000101100010021100030120001302002010010000100100201100301202100301322023020303110102103102222332112030221101012012320213033130323213
2000101100010021100030120001302002010010000100100201100301202100301322023020303110102103102222332112030221101012012320213033131
2000101100010021100030120001302002010010000100100201100301202100301322023020303110102103102222332112030221101012012320213033132
2000101100010021100030120001302002010010000100100201100301202100301322023020303110102103102222332112030221101012012320213033133
20001011000100211000301200013020020100100001001002011003012021003013220230203031101021031022223321120302211010121
20001011000100211000301200013020020100100001001002011003012021003013220230203031101021031022223321120302211010122
20001011000100211000301200013020020100100001001002011003012021003013220230203031101021031022223321120302211010123
20001011000100211000301200013020020100100001001002011003012021003013220230203031102
20001011000100211000301200013020020100100001001002011003012021003013220230203031103
20001011000100211000301200013020020100100001001002011003012021003013220230203031111
20001011000100211000301200013020020100100001001002011003012021003013220230203031112
20001011000100211000301200013020020100100001001002011003012021003013220230203031113
2000101100010021100030120001302002010010000100100201100301202100301322023020303112
2000101100010021100030120001302002010010000100100201100301202100301322023020303113
2000101100010021100030120001302002010010000100101
2000101100010021100030120001302002010010000100102
2000101100010021100030120001302002010010000100103
0010020110001002110003012000130200201001000010010020110030120210030130
0010020110001002110003012000130200201001000010010020110030120210030131
001002011000100211000301200013020020100100001001002011003012021003013220230203031101021031031201101013020
0010020110001002110003012000130200201001000010010020110030120210030132202302030311010210310312011010130211203030
0010020110001002110003012000130200201001000010010020110030120210030132202302030311010210310312011010130211203031
00100201100010021100030120001302002010010000100100201100301202100301322023020303110102103103120110101302112030322120
00100201100010021100030120001302002010010000100100201100301202100301322023020303110102103103120110101302112030322121
0010020110001002110003012000130200201001000010010020110030120210030132202302030311010210310312011010130211203032212220
0010020110001002110003012000130200201001000010010020110030120210030132202302030311010210310312011010130211203032212221
001002011000100211000301200013020020100100001001002011003012021003013220230203031101021031031201101013021120303221222230
001002011000100211000301200013020020100100001001002011003012021003013220230203031101021031031201101013021120303221222231
001002011000100211000301200013020020100100001001002011003012021003013220230203031101021031031201101013021120303221222232
001002011000100211000301200013020020100100001001002011003012021003013220230203031101021031031201101013021120303221222233230
00100201100010021100030120001302002010010000100100201100301202100301322023020303110102103103120110101302112030322122223323130333
001002011000100211000301200013020020100100001001002011003012021003013220230203031101021031031201101013021120303221222233231311321102020
001002011000100211000301200013020020100100001001002011003012021003013220230203031101021031031201101013021120303221222233231311321102021
0010020110001002110003012000130200201001000010010020110030120210030132202302030311010210310312011010130211203032212222332313113211020222122311
001002011000100211000301200013020020100100001001002011003012021003013220230203031101021031031201101013021120303221222233231311321102022212231231112
00100201100010021100030120001302002010010000100100201100301202100301322023020303110102103103120110101302112030322122223323131132110202221223123111320302
00100201100010021100030120001302002010010000100100201100301202100301322023020303110102103103120110101302112030322122223323131132110202221223123111320303
001002011000100211000301200013020020100100001001002011003012021003013220230203031101021031031201101013021120303221222233231311321102022212231231113203122
00100201100010021100030120001302002010010000100100201100301202100301322023020303110102103103120110101302112030322122223323131132110202221223123111320312330
00100201100010021100030120001302002010010000100100201100301202100301322023020303110102103103120110101302112030322122223323131132110202221223123111320312331
00100201100010021100030120001302002010010000100100201100301202100301322023020303110102103103120110101302112030322122223323131132110202221223123111320312332
001002011000100211000301200013020020100100001001002011003012021003013220230203031101021031031201101013021120303221222233231311321102022212231231113203123332
001002011000100211000301200013020020100100001001002011003012021003013220230203031101021031031201101013021120303221222233231311321102022212231231113203123333
00100201100010021100030120001302002010010000100100201100301202100301322023020303110102103103120110101302112030322122223323131132110202221223123111320313
001002011000100211000301200013020020100100001001002011003012021003013220230203031101021031031201101013021120303221222233231311321102022212231231113203211101220
001002011000100211000301200013020020100100001001002011003012021003013220230203031101021031031201101013021120303221222233231311321102022212231231113203211101221
001002011000100211000301200013020020100100001001002011003012021003013220230203031101021031031201101013021120303221222233231311321102022212231231113203211101222
001002011000100211000301200013020020100100001001002011003012021003013220230203031101021031031201101013021120303221222233231311321102022212231231113203211101223213333
001002011000100211000301200013020020100100001001002011003012021003013220230203031101021031031201101013021120303221222233231311321102022212231231113203211101223223
00100201100010021100030120001302002010010000100100201100301202100301322023020303110102103103120110101302112030322122223323131132110202221223123111320321110122323
001002011000100211000301200013020020100100001001002011003012021003013220230203031101021031031201101013021120303221222233231311321102022212231231113203211101230
0010020110001002110003012000130200201001000010010020110030120210030132202302030311010210310312011010130211203032212222332313113211020222122312311132032111012313
001002011000100211000301200013020020100100001001002011003012021003013220230203031101021031031201101013021120303221222233231311321102022212231231113203211101232
001002011000100211000301200013020020100100001001002011003012021003013220230203031101021031031201101013021120303221222233231311321102022212231231113203211101233
001002011000100211000301200013020020100100001001002011003012021003013220230203031101021031031201101013021120303221222233231311321102022212231231113203211102
001002011000100211000301200013020020100100001001002011003012021003013220230203031101021031031201101013021120303221222233231311321102022212231231113203211103
001002011000100211000301200013020020100100001001002011003012021003013220230203031101021031031201101013021120303221222233231311321102022212231231113203211111213
001002011000100211000301200013020020100100001001002011003012021003013220230203031101021031031201101013021120303221222233231311321102022212231231113203211111221202
001002011000100211000301200013020020100100001001002011003012021003013220230203031101021031031201101013021120303221222233231311321102022212231231113203211111221203
0010020110001002110003012000130200201001000010010020110030120210030132202302030311010210310312011010130211203032212222332313113211020222122312311132032111112212123
0010020110001002110003012000130200201001000010010020110030120210030132202302030311010210310312011010130211203032212222332313113211020222122312311132032111112212132
0010020110001002110003012000130200201001000010010020110030120210030132202302030311010210310312011010130211203032212222332313113211020222122312311132032111112212133
0010020110001002110003012000130200201001000010010020110030120210030132202302030311010210310312011010130211203032212222332313113211020222122312311132032111112212230
0010020110001002110003012000130200201001000010010020110030120210030132202302030311010210310312011010130211203032212222332313113211020222122312311132032111112212231
0010020110001002110003012000130200201001000010010020110030120210030132202302030311010210310312011010130211203032212222332313113211020222122312311132032111112212232
0010020110001002110003012000130200201001000010010020110030120210030132202302030311010210310312011010130211203032212222332313113211020222122312311132032111112212233
0010020110001002110003012000130200201001000010010020110030120210030132202302030311010210310312011010130211203032212222332313113211020222122312311132032111112213
00100201100010021100030120001302002010010000100100201100301202100301322023020303110102103103120110101302112030322122223323131132110202221223123111320321111122231
0010020110001002110003012000130200201001000010010020110030120210030132202302030311010210310312011010130211203032212222332313113211020222122312311132032111112223231
0010020110001002110003012000130200201001000010010020110030120210030132202302030311010210310312011010130211203032212222332313113211020222122312311132032111112223232
0010020110001002110003012000130200201001000010010020110030120210030132202302030311010210310312011010130211203032212222332313113211020222122312311132032111112223233
00100201100010021100030120001302002010010000100100201100301202100301322023020303110102103103120110101302112030322122223323131132110202221223123111320321111122233
0010020110001002110003012000130200201001000010010020110030120210030132202302030311010210310312011010130211203032212222332313113211020222122312311132032111113
001002011000100211000301200013020020100100001001002011003012021003013220230203031101021031031201101013021120303221222233231311321102022212231231113203211112
001002011000100211000301200013020020100100001001002011003012021003013220230203031101021031031201101013021120303221222233231311321102022212231231113203211113
0010020110001002110003012000130200201001000010010020110030120210030132202302030311010210310312011010130211203032212222332313113211020222122312311132033
001002011000100211000301200013020020100100001001002011003012021003013220230203031101021031031201101013021120303221222233231311321102022212232
001002011000100211000301200013020020100100001001002011003012021003013220230203031101021031031201101013021120303221222233231311321102022212233
00100201100010021100030120001302002010010000100100201100301202100301322023020303110102103103120110101302112030322122223323131132110202222
00100201100010021100030120001302002010010000100100201100301202100301322023020303110102103103120110101302112030322122223323131132110202223
001002011000100211000301200013020020100100001001002011003012021003013220230203031101021031031201101013021120303221222233231311321102023
0010020110001002110003012000130200201001000010010020110030120210030132202302030311010210310312011010130211203032212222332313113211021
0010020110001002110003012000130200201001000010010020110030120210030132202302030311010210310312011010130211203032212222332313113211022
0010020110001002110003012000130200201001000010010020110030120210030132202302030311010210310312011010130211203032212222332313113211023
00100201100010021100030120001302002010010000100100201100301202100301322023020303110102103103120110101302112030322122223323131132110302
00100201100010021100030120001302002010010000100100201100301202100301322023020303110102103103120110101302112030322122223323131132110303
00100201100010021100030120001302002010010000100100201100301202100301322023020303110102103103120110101302112030322122223323131132110311
00100201100010021100030120001302002010010000100100201100301202100301322023020303110102103103120110101302112030322122223323131132110312
00100201100010021100030120001302002010010000100100201100301202100301322023020303110102103103120110101302112030322122223323131132110313
0010020110001002110003012000130200201001000010010020110030120210030132202302030311010210310312011010130211203032212222332313113211032
0010020110001002110003012000130200201001000010010020110030120210030132202302030311010210310312011010130211203032212222332313113211033
0010020110001002110003012000130200201001000010010020110030120210030132202302030311010210310312011010130211203032212222332313113212
0010020110001002110003012000130200201001000010010020110030120210030132202302030311010210310312011010130211203032212222332313113213
0010020110001002110003012000130200201001000010010020110030120210030132202302030311010210310312011010131
0010020110001002110003012000130200201001000010010020110030120210030132202302030311010210310312011010132
0010020110001002110003012000130200201001000010010020110030120210030132202302030311010210310312011010133
00100201100010021100030120001302002010010000100100201100301202100301322023020303110102103103121
00100201100010021100030120001302002010010000100100201100301202100301322023020303110102103103122
00100201100010021100030120001302002010010000100100201100301202100301322023020303110102103103123
001002011000100211000301200013020020100100001001002011003012021003013220230203031102
001002011000100211000301200013020020100100001001002011003012021003013220230203031103
001002011000100211000301200013020020100100001001002011003012021003013220230203031111
001002011000100211000301200013020020100100001001002011003012021003013220230203031112
001002011000100211000301200013020020100100001001002011003012021003013220230203031113
00100201100010021100030120001302002010010000100100201100301202100301322023020303112
00100201100010021100030120001302002010010000100100201100301202100301322023020303113
00100201100010021100030120001302002010010000100101
00100201100010021100030120001302002010010000100102
00100201100010021100030120001302002010010000100103
1000110001001200200011000203012010010000100100201100301202100210220
10001100010012002000110002030120100100001001002011003012021002102213030130
10001100010012002000110002030120100100001001002011003012021002102213030131
1000110001001200200011000203012010010000100100201100301202100210221303013220230203031101031021
100011000100120020001100020301201001000010010020110030120210021022130301322023020303110103102230
100011000100120020001100020301201001000010010020110030120210021022130301322023020303110103102231
100011000100120020001100020301201001000010010020110030120210021022130301322023020303110103102232
10001100010012002000110002030120100100001001002011003012021002102213030132202302030311010310223320
10001100010012002000110002030120100100001001002011003012021002102213030132202302030311010310223321120302211010120120
10001100010012002000110002030120100100001001002011003012021002102213030132202302030311010310223321120302211010120121
10001100010012002000110002030120100100001001002011003012021002102213030132202302030311010310223321120302211010120122
100011000100120020001100020301201001000010010020110030120210021022130301322023020303110103102233211203022110101201232020
10001100010012002000110002030120100100001001002011003012021002102213030132202302030311010310223321120302211010120123202130330
10001100010012002000110002030120100100001001002011003012021002102213030132202302030311010310223321120302211010120123202130331303230
10001100010012002000110002030120100100001001002011003012021002102213030132202302030311010310223321120302211010120123202130331303231
1000110001001200200011000203012010010000100100201100301202100210221303013220230203031101031022332112030221101012012320213033130323211020302
1000110001001200200011000203012010010000100100201100301202100210221303013220230203031101031022332112030221101012012320213033130323211020303
100011000100120020001100020301201001000010010020110030120210021022130301322023020303110103102233211203022110101201232021303313032321102031133031
100011000100120020001100020301201001000010010020110030120210021022130301322023020303110103102233211203022110101201232021303313032321102031133032
1000110001001200200011000203012010010000100100201100301202100210221303013220230203031101031022332112030221101012012320213033130323211020311330333
1000110001001200200011000203012010010000100100201100301202100210221303013220230203031101031022332112030221101012012320213033130323211020311331
10001100010012002000110002030120100100001001002011003012021002102213030132202302030311010310223321120302211010120123202130331303232110203113323
1000110001001200200011000203012010010000100100201100301202100210221303013220230203031101031022332112030221101012012320213033130323211020311333
1000110001001200200011000203012010010000100100201100301202100210221303013220230203031101031022332112030221101012012320213033130323211020312
1000110001001200200011000203012010010000100100201100301202100210221303013220230203031101031022332112030221101012012320213033130323211020313
100011000100120020001100020301201001000010010020110030120210021022130301322023020303110103102233211203022110101201232021303313032321102032111011
10001100010012002000110002030120100100001001002011003012021002102213030132202302030311010310223321120302211010120123202130331303232110203211101220
10001100010012002000110002030120100100001001002011003012021002102213030132202302030311010310223321120302211010120123202130331303232110203211101221
100011000100120020001100020301201001000010010020110030120210021022130301322023020303110103102233211203022110101201232021303313032321102032111012222113313
10001100010012002000110002030120100100001001002011003012021002102213030132202302030311010310223321120302211010120123202130331303232110203211101222211332122311
10001100010012002000110002030120100100001001002011003012021002102213030132202302030311010310223321120302211010120123202130331303232110203211101222211332122312333
10001100010012002000110002030120100100001001002011003012021002102213030132202302030311010310223321120302211010120123202130331303232110203211101222211332122313
10001100010012002000110002030120100100001001002011003012021002102213030132202302030311010310223321120302211010120123202130331303232110203211101222211332122321202
10001100010012002000110002030120100100001001002011003012021002102213030132202302030311010310223321120302211010120123202130331303232110203211101222211332122321203
10001100010012002000110002030120100100001001002011003012021002102213030132202302030311010310223321120302211010120123202130331303232110203211101222211332122321211121
10001100010012002000110002030120100100001001002011003012021002102213030132202302030311010310223321120302211010120123202130331303232110203211101222211332122321211122231
1000110001001200200011000203012010010000100100201100301202100210221303013220230203031101031022332112030221101012012320213033130323211020321110122221133212232121112223231
1000110001001200200011000203012010010000100100201100301202100210221303013220230203031101031022332112030221101012012320213033130323211020321110122221133212232121112223232
1000110001001200200011000203012010010000100100201100301202100210221303013220230203031101031022332112030221101012012320213033130323211020321110122221133212232121112223233
10001100010012002000110002030120100100001001002011003012021002102213030132202302030311010310223321120302211010120123202130331303232110203211101222211332122321211122233
1000110001001200200011000203012010010000100100201100301202100210221303013220230203031101031022332112030221101012012320213033130323211020321110122221133212232121113
1000110001001200200011000203012010010000100100201100301202100210221303013220230203031101031022332112030221101012012320213033130323211020321110122221133212232121123
1000110001001200200011000203012010010000100100201100301202100210221303013220230203031101031022332112030221101012012320213033130323211020321110122221133212232121130
1000110001001200200011000203012010010000100100201100301202100210221303013220230203031101031022332112030221101012012320213033130323211020321110122221133212232121131
100011000100120020001100020301201001000010010020110030120210021022130301322023020303110103102233211203022110101201232021303313032321102032111012222113321223212113222
100011000100120020001100020301201001000010010020110030120210021022130301322023020303110103102233211203022110101201232021303313032321102032111012222113321223212113223
10001100010012002000110002030120100100001001002011003012021002102213030132202302030311010310223321120302211010120123202130331303232110203211101222211332122321211323
1000110001001200200011000203012010010000100100201100301202100210221303013220230203031101031022332112030221101012012320213033130323211020321110122221133212232121133
10001100010012002000110002030120100100001001002011003012021002102213030132202302030311010310223321120302211010120123202130331303232110203211101222211332122321212
1000110001001200200011000203012010010000100100201100301202100210221303013220230203031101031022332112030221101012012320213033130323211020321110122221133212232121313
100011000100120020001100020301201001000010010020110030120210021022130301322023020303110103102233211203022110101201232021303313032321102032111012222113321223212132
100011000100120020001100020301201001000010010020110030120210021022130301322023020303110103102233211203022110101201232021303313032321102032111012222113321223212133
100011000100120020001100020301201001000010010020110030120210021022130301322023020303110103102233211203022110101201232021303313032321102032111012222113321223212230
100011000100120020001100020301201001000010010020110030120210021022130301322023020303110103102233211203022110101201232021303313032321102032111012222113321223212231
100011000100120020001100020301201001000010010020110030120210021022130301322023020303110103102233211203022110101201232021303313032321102032111012222113321223212232
100011000100120020001100020301201001000010010020110030120210021022130301322023020303110103102233211203022110101201232021303313032321102032111012222113321223212233
100011000100120020001100020301201001000010010020110030120210021022130301322023020303110103102233211203022110101201232021303313032321102032111012222113321223213
1000110001001200200011000203012010010000100100201100301202100210221303013220230203031101031022332112030221101012012320213033130323211020321110122221133212233
1000110001001200200011000203012010010000100100201100301202100210221303013220230203031101031022332112030221101012012320213033130323211020321110122222
1000110001001200200011000203012010010000100100201100301202100210221303013220230203031101031022332112030221101012012320213033130323211020321110122223
1000110001001200200011000203012010010000100100201100301202100210221303013220230203031101031022332112030221101012012320213033130323211020321110123
10001100010012002000110002030120100100001001002011003012021002102213030132202302030311010310223321120302211010120123202130331303232110203211102
10001100010012002000110002030120100100001001002011003012021002102213030132202302030311010310223321120302211010120123202130331303232110203211103
100011000100120020001100020301201001000010010020110030120210021022130301322023020303110103102233211203022110101201232021303313032321102033
1000110001001200200011000203012010010000100100201100301202100210221303013220230203031101031022332112030221101012012320213033130323211021
1000110001001200200011000203012010010000100100201100301202100210221303013220230203031101031022332112030221101012012320213033130323211022
1000110001001200200011000203012010010000100100201100301202100210221303013220230203031101031022332112030221101012012320213033130323211023
10001100010012002000110002030120100100001001002011003012021002102213030132202302030311010310223321120302211010120123202130331303232110302
10001100010012002000110002030120100100001001002011003012021002102213030132202302030311010310223321120302211010120123202130331303232110303
10001100010012002000110002030120100100001001002011003012021002102213030132202302030311010310223321120302211010120123202130331303232110311
10001100010012002000110002030120100100001001002011003012021002102213030132202302030311010310223321120302211010120123202130331303232110312
10001100010012002000110002030120100100001001002011003012021002102213030132202302030311010310223321120302211010120123202130331303232110313
10001100010012002000110002030120100100001001002011003012021002102213030132202302030311010310223321120302211010120123202130331303232110322
10001100010012002000110002030120100100001001002011003012021002102213030132202302030311010310223321120302211010120123202130331303232110323
1000110001001200200011000203012010010000100100201100301202100210221303013220230203031101031022332112030221101012012320213033130323211033
1000110001001200200011000203012010010000100100201100301202100210221303013220230203031101031022332112030221101012012320213033130323212
1000110001001200200011000203012010010000100100201100301202100210221303013220230203031101031022332112030221101012012320213033130323213
1000110001001200200011000203012010010000100100201100301202100210221303013220230203031101031022332112030221101012012320213033131
1000110001001200200011000203012010010000100100201100301202100210221303013220230203031101031022332112030221101012012320213033132
1000110001001200200011000203012010010000100100201100301202100210221303013220230203031101031022332112030221101012012320213033133
10001100010012002000110002030120100100001001002011003012021002102213030132202302030311010310223321120302211010121
10001100010012002000110002030120100100001001002011003012021002102213030132202302030311010310223321120302211010122
10001100010012002000110002030120100100001001002011003012021002102213030132202302030311010310223321120302211010123
1000110001001200200011000203012010010000100100201100301202100210221303013220230203031102
1000110001001200200011000203012010010000100100201100301202100210221303013220230203031103
1000110001001200200011000203012010010000100100201100301202100210221303013220230203031111
1000110001001200200011000203012010010000100100201100301202100210221303013220230203031112
1000110001001200200011000203012010010000100100201100301202100210221303013220230203031113
100011000100120020001100020301201001000010010020110030120210021022130301322023020303112
100011000100120020001100020301201001000010010020110030120210021022130301322023020303113
1000110001001200200011000203012010010000100101
1000110001001200200011000203012010010000100102
1000110001001200200011000203012010010000100103
30000101100010020310001000010001101100120010200201020110030120210021030130
30000101100010020310001000010001101100120010200201020110030120210021030131
30000101100010020310001000010001101100120010200201020110030120210021030132202302030303102131201101013020
300001011000100203100010000100011011001200102002010201100301202100210301322023020303031021312011010130211203030
300001011000100203100010000100011011001200102002010201100301202100210301322023020303031021312011010130211203031
3000010110001002031000100001000110110012001020020102011003012021002103013220230203030310213120110101302112030322120
3000010110001002031000100001000110110012001020020102011003012021002103013220230203030310213120110101302112030322121
300001011000100203100010000100011011001200102002010201100301202100210301322023020303031021312011010130211203032212220
300001011000100203100010000100011011001200102002010201100301202100210301322023020303031021312011010130211203032212221
30000101100010020310001000010001101100120010200201020110030120210021030132202302030303102131201101013021120303221222230
30000101100010020310001000010001101100120010200201020110030120210021030132202302030303102131201101013021120303221222231
30000101100010020310001000010001101100120010200201020110030120210021030132202302030303102131201101013021120303221222232
30000101100010020310001000010001101100120010200201020110030120210021030132202302030303102131201101013021120303221222233230
3000010110001002031000100001000110110012001020020102011003012021002103013220230203030310213120110101302112030322122223323130333
30000101100010020310001000010001101100120010200201020110030120210021030132202302030303102131201101013021120303221222233231311321102020
30000101100010020310001000010001101100120010200201020110030120210021030132202302030303102131201101013021120303221222233231311321102021
300001011000100203100010000100011011001200102002010201100301202100210301322023020303031021312011010130211203032212222332313113211020222122311
30000101100010020310001000010001101100120010200201020110030120210021030132202302030303102131201101013021120303221222233231311321102022212231231112
3000010110001002031000100001000110110012001020020102011003012021002103013220230203030310213120110101302112030322122223323131132110202221223123111320302
3000010110001002031000100001000110110012001020020102011003012021002103013220230203030310213120110101302112030322122223323131132110202221223123111320303
30000101100010020310001000010001101100120010200201020110030120210021030132202302030303102131201101013021120303221222233231311321102022212231231113203122
300001011000100203100010000100011011001200102002010201100301202100210301322023020303031021312011010130211203032212222332313113211020222122312311132031233032
300001011000100203100010000100011011001200102002010201100301202100210301322023020303031021312011010130211203032212222332313113211020222122312311132031233033
3000010110001002031000100001000110110012001020020102011003012021002103013220230203030310213120110101302112030322122223323131132110202221223123111320312331
3000010110001002031000100001000110110012001020020102011003012021002103013220230203030310213120110101302112030322122223323131132110202221223123111320312332
3000010110001002031000100001000110110012001020020102011003012021002103013220230203030310213120110101302112030322122223323131132110202221223123111320312333
3000010110001002031000100001000110110012001020020102011003012021002103013220230203030310213120110101302112030322122223323131132110202221223123111320313
30000101100010020310001000010001101100120010200201020110030120210021030132202302030303102131201101013021120303221222233231311321102022212231231113203211101220
30000101100010020310001000010001101100120010200201020110030120210021030132202302030303102131201101013021120303221222233231311321102022212231231113203211101221
30000101100010020310001000010001101100120010200201020110030120210021030132202302030303102131201101013021120303221222233231311321102022212231231113203211101222
30000101100010020310001000010001101100120010200201020110030120210021030132202302030303102131201101013021120303221222233231311321102022212231231113203211101223213333
30000101100010020310001000010001101100120010200201020110030120210021030132202302030303102131201101013021120303221222233231311321102022212231231113203211101223223
3000010110001002031000100001000110110012001020020102011003012021002103013220230203030310213120110101302112030322122223323131132110202221223123111320321110122323
30000101100010020310001000010001101100120010200201020110030120210021030132202302030303102131201101013021120303221222233231311321102022212231231113203211101230
300001011000100203100010000100011011001200102002010201100301202100210301322023020303031021312011010130211203032212222332313113211020222122312311132032111012313
30000101100010020310001000010001101100120010200201020110030120210021030132202302030303102131201101013021120303221222233231311321102022212231231113203211101232
30000101100010020310001000010001101100120010200201020110030120210021030132202302030303102131201101013021120303221222233231311321102022212231231113203211101233
30000101100010020310001000010001101100120010200201020110030120210021030132202302030303102131201101013021120303221222233231311321102022212231231113203211102
30000101100010020310001000010001101100120010200201020110030120210021030132202302030303102131201101013021120303221222233231311321102022212231231113203211103
30000101100010020310001000010001101100120010200201020110030120210021030132202302030303102131201101013021120303221222233231311321102022212231231113203211111213
30000101100010020310001000010001101100120010200201020110030120210021030132202302030303102131201101013021120303221222233231311321102022212231231113203211111221202
30000101100010020310001000010001101100120010200201020110030120210021030132202302030303102131201101013021120303221222233231311321102022212231231113203211111221203
300001011000100203100010000100011011001200102002010201100301202100210301322023020303031021312011010130211203032212222332313113211020222122312311132032111112212123
300001011000100203100010000100011011001200102002010201100301202100210301322023020303031021312011010130211203032212222332313113211020222122312311132032111112212132
300001011000100203100010000100011011001200102002010201100301202100210301322023020303031021312011010130211203032212222332313113211020222122312311132032111112212133
300001011000100203100010000100011011001200102002010201100301202100210301322023020303031021312011010130211203032212222332313113211020222122312311132032111112212230
300001011000100203100010000100011011001200102002010201100301202100210301322023020303031021312011010130211203032212222332313113211020222122312311132032111112212231
300001011000100203100010000100011011001200102002010201100301202100210301322023020303031021312011010130211203032212222332313113211020222122312311132032111112212232
300001011000100203100010000100011011001200102002010201100301202100210301322023020303031021312011010130211203032212222332313113211020222122312311132032111112212233
300001011000100203100010000100011011001200102002010201100301202100210301322023020303031021312011010130211203032212222332313113211020222122312311132032111112213
3000010110001002031000100001000110110012001020020102011003012021002103013220230203030310213120110101302112030322122223323131132110202221223123111320321111122231
300001011000100203100010000100011011001200102002010201100301202100210301322023020303031021312011010130211203032212222332313113211020222122312311132032111112223231
300001011000100203100010000100011011001200102002010201100301202100210301322023020303031021312011010130211203032212222332313113211020222122312311132032111112223232
300001011000100203100010000100011011001200102002010201100301202100210301322023020303031021312011010130211203032212222332313113211020222122312311132032111112223233
3000010110001002031000100001000110110012001020020102011003012021002103013220230203030310213120110101302112030322122223323131132110202221223123111320321111122233
300001011000100203100010000100011011001200102002010201100301202100210301322023020303031021312011010130211203032212222332313113211020222122312311132032111113
30000101100010020310001000010001101100120010200201020110030120210021030132202302030303102131201101013021120303221222233231311321102022212231231113203211112
30000101100010020310001000010001101100120010200201020110030120210021030132202302030303102131201101013021120303221222233231311321102022212231231113203211113
300001011000100203100010000100011011001200102002010201100301202100210301322023020303031021312011010130211203032212222332313113211020222122312311132033
30000101100010020310001000010001101100120010200201020110030120210021030132202302030303102131201101013021120303221222233231311321102022212232
30000101100010020310001000010001101100120010200201020110030120210021030132202302030303102131201101013021120303221222233231311321102022212233
3000010110001002031000100001000110110012001020020102011003012021002103013220230203030310213120110101302112030322122223323131132110202222
3000010110001002031000100001000110110012001020020102011003012021002103013220230203030310213120110101302112030322122223323131132110202223
30000101100010020310001000010001101100120010200201020110030120210021030132202302030303102131201101013021120303221222233231311321102023
300001011000100203100010000100011011001200102002010201100301202100210301322023020303031021312011010130211203032212222332313113211021
300001011000100203100010000100011011001200102002010201100301202100210301322023020303031021312011010130211203032212222332313113211022
300001011000100203100010000100011011001200102002010201100301202100210301322023020303031021312011010130211203032212222332313113211023
3000010110001002031000100001000110110012001020020102011003012021002103013220230203030310213120110101302112030322122223323131132110302
3000010110001002031000100001000110110012001020020102011003012021002103013220230203030310213120110101302112030322122223323131132110303
3000010110001002031000100001000110110012001020020102011003012021002103013220230203030310213120110101302112030322122223323131132110311
3000010110001002031000100001000110110012001020020102011003012021002103013220230203030310213120110101302112030322122223323131132110312
3000010110001002031000100001000110110012001020020102011003012021002103013220230203030310213120110101302112030322122223323131132110313
300001011000100203100010000100011011001200102002010201100301202100210301322023020303031021312011010130211203032212222332313113211032
300001011000100203100010000100011011001200102002010201100301202100210301322023020303031021312011010130211203032212222332313113211033
300001011000100203100010000100011011001200102002010201100301202100210301322023020303031021312011010130211203032212222332313113212
300001011000100203100010000100011011001200102002010201100301202100210301322023020303031021312011010130211203032212222332313113213
300001011000100203100010000100011011001200102002010201100301202100210301322023020303031021312011010131
300001011000100203100010000100011011001200102002010201100301202100210301322023020303031021312011010132
300001011000100203100010000100011011001200102002010201100301202100210301322023020303031021312011010133
3000010110001002031000100001000110110012001020020102011003012021002103013220230203030310213121
3000010110001002031000100001000110110012001020020102011003012021002103013220230203030310213122
3000010110001002031000100001000110110012001020020102011003012021002103013220230203030310213123
300001011000100203100010000100011011001200102002011
300001011000100203100010000100011011001200102002012
300001011000100203100010000100011011001200102002013
3000010110001002031000100001000110110012002
3000010110001002031000100001000110110012003
3000010110001002031000100001000110111
3000010110001002031000100001000110112
3000010110001002031000100001000110113
300001011000100203101
300001011000100203102
300001011000100203103
