100
1100000
120
13000
101
102
103
1110
1120
1130
1101
11020
11030
110010
110020
110030
1100010
1100020
110003000
1100001
1100002
1100003
121
122
123
1310
13200
1330
13010
13020
130300
13001
13002
13003
1111
1112
1113
1121
1122
1123
1131
1132
1133
11021
11022
11023
11031
11032
11033
110011
110012
110013
110021
110022
110023
110031
110032
110033
1100011
1100012
1100013
1100021
1100022
1100023
11000310
11000320
11000330
110003010
110003020
110003030
110003001
110003002
110003003
1311
1312
1313
13210
13220
13230
13201
13202
13203
1331
1332
1333
13011
13012
13013
13021
13022
13023
1303100
130320
130330
130301
130302
130303
11000311
11000312
11000313
11000321
11000322
11000323
11000331
11000332
11000333
110003011
110003012
110003013
110003021
110003022
110003023
110003031
110003032
110003033
13211
13212
13213
13221
13222
13223
13231
13232
13233
1303110
1303120
1303130
1303101
1303102
1303103
130321
130322
130323
130331
130332
130333
1303111
1303112
1303113
1303121
1303122
1303123
1303131
1303132
1303133
00000
010
0200
030
0010
0020
003000
00010
00020
0003000
00001
00002
00003
011
012
013
0210
0220
0230
02010
02020
02030
031
032
033
0011
0012
0013
0021
0022
0023
00310
00320
00330
003010
0030200
003030
003001
003002
003003
00011
00012
00013
00021
00022
00023
000310
0003200
000330
0003010
0003020
0003030
0003001
0003002
0003003
0211
0212
0213
0221
0222
0223
0231
0232
0233
02011
02012
02013
02021
02022
02023
02031
02032
02033
00311
00312
00313
00321
00322
00323
00331
00332
00333
003011
003012
003013
00302100
0030220
0030230
0030201
0030202
0030203
003031
003032
003033
000311
000312
000313
0003210
0003220
0003230
0003201
0003202
0003203
000331
000332
000333
0003011
0003012
0003013
0003021
0003022
0003023
0003031
0003032
0003033
00302110
00302120
00302130
00302101
00302102
00302103
0030221
0030222
0030223
0030231
0030232
0030233
0003211
0003212
0003213
0003221
0003222
0003223
0003231
0003232
0003233
00302111
00302112
00302113
00302121
00302122
00302123
00302131
00302132
00302133
2000
210000
220
23000
2010
2020
203000
2001
2002
2003
2110
2120
2130
21010
2102
21030
210010
210020
210030
210001
210002
210003
221
222
223
2310
2320
2330
23010
230200
23030
23001
23002
23003
2011
2012
2013
2021
2022
2023
20310
203200
20330
203010
203020
203030
203001
203002
203003
2111
2112
2113
2121
2122
2123
2131
2132
2133
21011
21012
21013
21031
21032
21033
210011
210012
210013
210021
210022
210023
210031
210032
210033
2311
2312
2313
2321
2322
2323
2331
2332
2333
23011
23012
23013
2302100
230220
230230
230201
230202
230203
23031
23032
23033
20311
20312
20313
203210
203220
203230
203201
203202
203203
20331
20332
20333
203011
203012
203013
203021
203022
203023
203031
203032
203033
2302110
2302120
2302130
2302101
2302102
2302103
230221
230222
230223
230231
230232
230233
203211
203212
203213
203221
203222
203223
203231
203232
203233
2302111
2302112
2302113
2302121
2302122
2302123
2302131
2302132
2302133
300000
310
320
33
3010
30200
3030
30010
30020
3003000
300010
300020
30003000
300001
300002
300003
311
312
313
321
322
323
3011
3012
3013
30210
30220
30230
30201
30202
30203
3031
3032
3033
30011
30012
30013
30021
30022
30023
300310
300320
300330
3003010
30030200
3003030
3003001
3003002
3003003
300011
300012
300013
300021
300022
300023
3000310
30003200
3000330
30003010
30003020
30003030
30003001
30003002
30003003
30211
30212
30213
30221
30222
30223
30231
30232
30233
300311
300312
300313
300321
300322
300323
300331
300332
300333
3003011
3003012
3003013
300302100
30030220
30030230
30030201
30030202
30030203
3003031
3003032
3003033
3000311
3000312
3000313
30003210
30003220
30003230
30003201
30003202
30003203
3000331
3000332
3000333
30003011
30003012
30003013
30003021
30003022
30003023
30003031
30003032
30003033
300302110
300302120
300302130
300302101
300302102
300302103
30030221
30030222
30030223
30030231
30030232
30030233
30003211
30003212
30003213
30003221
30003222
30003223
30003231
30003232
30003233
300302111
300302112
300302113
300302121
300302122
300302123
300302131
300302132
300302133
