0,8,11,6,6,2,0,6,6,5,10,2,0,11,2,5,8,6
0,8,11,6,6,2,0,6,6,5,10,2,0,11,2,5,8,2,8,6
0,8,11,6,6,2,0,6,6,5,10,2,0,11,2,5,7,2
0,8,11,6,6,2,0,6,6,5,10,2,0,11,2,5,7,3,11,2
0,8,11,6,6,2,0,6,6,5,10,2,0,11,2,5,7,3,11,9,3,8
0,8,11,6,6,2,0,6,6,5,10,2,0,11,2,5,7,3,11,9,3,4,9,5,11
0,8,11,6,6,2,0,6,6,5,10,2,0,11,2,5,7,3,11,9,3,4,9,0,0
0,8,11,6,6,2,0,6,6,5,10,2,0,11,2,5,7,3,11,9,3,4,9,3,4,1,10,3
0,8,11,6,6,2,0,6,6,5,10,2,0,11,2,5,7,3,11,9,3,4,9,3,4,1,10,7,5
0,8,11,6,6,2,0,6,6,5,10,2,0,11,2,5,7,3,11,9,3,4,9,3,4,1,10,7,4,4,1,7
0,8,11,6,6,2,0,6,6,5,10,2,0,11,2,5,7,3,11,9,3,4,9,3,4,1,10,7,4,4,1,8
0,8,11,6,6,2,0,6,6,5,10,2,0,11,2,5,7,3,11,9,3,4,9,3,4,1,10,4
