0100000201030
0100000201031121
0100000201031122200
01000002010311222011331230220110
01000002010311222011331230220111
0100000201031122201133123022011210
01000002010311222011331230220112113
010000020103112220113312302201121212
010000020103112220113312302201121213222330
010000020103112220113312302201121213222331
0100000201031122201133123022011212132223323
010000020103112220113312302201121213222333
01000002010311222011331230220112121323
01000002010311222011331230220112132
01000002010311222011331230220112133
01000002010311222011331230220113
010000020103112220113313
0101
0102
0103
