00100000020010010000300
0010000002001001000030110
00100000020010010000301112020100
00100000020010010000301112020101302102030220101
00100000020010010000301112020101302102030220102302030
00100000020010010000301112020101302102030220102302031
00100000020010010000301112020101302102030220102302032
001000000200100100003011120201013021020302201023020331032010110
0010000002001001000030111202010130210203022010230203310320101112030330
00100000020010010000301112020101302102030220102302033103201011120303310
0010000002001001000030111202010130210203022010230203310320101112030331110
0010000002001001000030111202010130210203022010230203310320101112030331111212
0010000002001001000030111202010130210203022010230203310320101112030331111213
0010000002001001000030111202010130210203022010230203310320101112030331111221302020
0010000002001001000030111202010130210203022010230203310320101112030331111221302021
00100000020010010000301112020101302102030220102302033103201011120303311112213020221120030101
00100000020010010000301112020101302102030220102302033103201011120303311112213020221120030102
00100000020010010000301112020101302102030220102302033103201011120303311112213020221120030103
001000000200100100003011120201013021020302201023020331032010111203033111122130202211200301111
0010000002001001000030111202010130210203022010230203310320101112030331111221302022112003011122212123100
00100000020010010000301112020101302102030220102302033103201011120303311112213020221120030111222121231013130231
00100000020010010000301112020101302102030220102302033103201011120303311112213020221120030111222121231013130232
001000000200100100003011120201013021020302201023020331032010111203033111122130202211200301112221212310131302332023
0010000002001001000030111202010130210203022010230203310320101112030331111221302022112003011122212123101313023320320330
0010000002001001000030111202010130210203022010230203310320101112030331111221302022112003011122212123101313023320320331
0010000002001001000030111202010130210203022010230203310320101112030331111221302022112003011122212123101313023320320332
0010000002001001000030111202010130210203022010230203310320101112030331111221302022112003011122212123101313023320320333
00100000020010010000301112020101302102030220102302033103201011120303311112213020221120030111222121231013130233203210
00100000020010010000301112020101302102030220102302033103201011120303311112213020221120030111222121231013130233203211
0010000002001001000030111202010130210203022010230203310320101112030331111221302022112003011122212123101313023320321213
0010000002001001000030111202010130210203022010230203310320101112030331111221302022112003011122212123101313023320321221311
0010000002001001000030111202010130210203022010230203310320101112030331111221302022112003011122212123101313023320321221312
0010000002001001000030111202010130210203022010230203310320101112030331111221302022112003011122212123101313023320321221313
00100000020010010000301112020101302102030220102302033103201011120303311112213020221120030111222121231013130233203212213212231
0010000002001001000030111202010130210203022010230203310320101112030331111221302022112003011122212123101313023320321221321223203
001000000200100100003011120201013021020302201023020331032010111203033111122130202211200301112221212310131302332032122132122321
0010000002001001000030111202010130210203022010230203310320101112030331111221302022112003011122212123101313023320321221321223222232
001000000200100100003011120201013021020302201023020331032010111203033111122130202211200301112221212310131302332032122132122322223300
001000000200100100003011120201013021020302201023020331032010111203033111122130202211200301112221212310131302332032122132122322223301
001000000200100100003011120201013021020302201023020331032010111203033111122130202211200301112221212310131302332032122132122322223302
001000000200100100003011120201013021020302201023020331032010111203033111122130202211200301112221212310131302332032122132122322223303
001000000200100100003011120201013021020302201023020331032010111203033111122130202211200301112221212310131302332032122132122322223310
001000000200100100003011120201013021020302201023020331032010111203033111122130202211200301112221212310131302332032122132122322223311
001000000200100100003011120201013021020302201023020331032010111203033111122130202211200301112221212310131302332032122132122322223312330
001000000200100100003011120201013021020302201023020331032010111203033111122130202211200301112221212310131302332032122132122322223312331
001000000200100100003011120201013021020302201023020331032010111203033111122130202211200301112221212310131302332032122132122322223312332
001000000200100100003011120201013021020302201023020331032010111203033111122130202211200301112221212310131302332032122132122322223312333
001000000200100100003011120201013021020302201023020331032010111203033111122130202211200301112221212310131302332032122132122322223313
001000000200100100003011120201013021020302201023020331032010111203033111122130202211200301112221212310131302332032122132122322223320
001000000200100100003011120201013021020302201023020331032010111203033111122130202211200301112221212310131302332032122132122322223321
0010000002001001000030111202010130210203022010230203310320101112030331111221302022112003011122212123101313023320321221321223222233222
001000000200100100003011120201013021020302201023020331032010111203033111122130202211200301112221212310131302332032122132122322223322330
001000000200100100003011120201013021020302201023020331032010111203033111122130202211200301112221212310131302332032122132122322223322331
001000000200100100003011120201013021020302201023020331032010111203033111122130202211200301112221212310131302332032122132122322223322332
001000000200100100003011120201013021020302201023020331032010111203033111122130202211200301112221212310131302332032122132122322223322333
0010000002001001000030111202010130210203022010230203310320101112030331111221302022112003011122212123101313023320321221321223222233233
00100000020010010000301112020101302102030220102302033103201011120303311112213020221120030111222121231013130233203212213212232223
0010000002001001000030111202010130210203022010230203310320101112030331111221302022112003011122212123101313023320321221321223223
001000000200100100003011120201013021020302201023020331032010111203033111122130202211200301112221212310131302332032122132123
001000000200100100003011120201013021020302201023020331032010111203033111122130202211200301112221212310131302332032122132133
00100000020010010000301112020101302102030220102302033103201011120303311112213020221120030111222121231013130233203213
00100000020010010000301112020101302102030220102302033103201011120303311112213020221120030111222121231013130233203220
00100000020010010000301112020101302102030220102302033103201011120303311112213020221120030111222121231013130233203221
00100000020010010000301112020101302102030220102302033103201011120303311112213020221120030111222121231013130233203222
00100000020010010000301112020101302102030220102302033103201011120303311112213020221120030111222121231013130233203223
001000000200100100003011120201013021020302201023020331032010111203033111122130202211200301112221212310131302332032302
001000000200100100003011120201013021020302201023020331032010111203033111122130202211200301112221212310131302332032303
001000000200100100003011120201013021020302201023020331032010111203033111122130202211200301112221212310131302332032311
001000000200100100003011120201013021020302201023020331032010111203033111122130202211200301112221212310131302332032312
0010000002001001000030111202010130210203022010230203310320101112030331111221302022112003011122212123101313023320323132
0010000002001001000030111202010130210203022010230203310320101112030331111221302022112003011122212123101313023320323133
00100000020010010000301112020101302102030220102302033103201011120303311112213020221120030111222121231013131
00100000020010010000301112020101302102030220102302033103201011120303311112213020221120030111222121231013132
00100000020010010000301112020101302102030220102302033103201011120303311112213020221120030111222121231013133
00100000020010010000301112020101302102030220102302033103201011120303311112213020221120030112
00100000020010010000301112020101302102030220102302033103201011120303311112213020221120030113
00100000020010010000301112020101302102030220102302033103201011120303311112213020221121
00100000020010010000301112020101302102030220102302033103201011120303311112213020221122
00100000020010010000301112020101302102030220102302033103201011120303311112213020221123
00100000020010010000301112020101302102030220102302033103201011120303311112213020221130
00100000020010010000301112020101302102030220102302033103201011120303311112213020221131
00100000020010010000301112020101302102030220102302033103201011120303311112213020221132
00100000020010010000301112020101302102030220102302033103201011120303311112213020221133
001000000200100100003011120201013021020302201023020331032010111203033111122130203
0010000002001001000030111202010130210203022010230203310320101112030331112
0010000002001001000030111202010130210203022010230203310320101112030331113
0010000002001001000030111202010130210203022010230203310320101112031
0010000002001001000030111202010130210203022010230203310320101112032
0010000002001001000030111202010130210203022010230203310320101112033
001000000200100100003011120201013021021
001000000200100100003011120201013021022
001000000200100100003011120201013021023
00100000020010011
00100000020010012
00100000020010013
001000000200101
001000000200102
001000000200103
001001
001002
001003
20000010000100100002102020100300
2000001000010010000210202010030110
20000010000100100002102020100301112030220101301
20000010000100100002102020100301112030220101302302030
20000010000100100002102020100301112030220101302302031
20000010000100100002102020100301112030220101302302032
200000100001001000021020201003011120302201013023020331032010110
20000010000100100002102020100301112030220101302302033103201011120302
2000001000010010000210202010030111203022010130230203310320101112030330
20000010000100100002102020100301112030220101302302033103201011120303310
2000001000010010000210202010030111203022010130230203310320101112030331110
2000001000010010000210202010030111203022010130230203310320101112030331111212
2000001000010010000210202010030111203022010130230203310320101112030331111213
2000001000010010000210202010030111203022010130230203310320101112030331111221302020
2000001000010010000210202010030111203022010130230203310320101112030331111221302021
20000010000100100002102020100301112030220101302302033103201011120303311112213020221120030101
20000010000100100002102020100301112030220101302302033103201011120303311112213020221120030102
20000010000100100002102020100301112030220101302302033103201011120303311112213020221120030103
200000100001001000021020201003011120302201013023020331032010111203033111122130202211200301111
2000001000010010000210202010030111203022010130230203310320101112030331111221302022112003011122212123100
20000010000100100002102020100301112030220101302302033103201011120303311112213020221120030111222121231013130231
20000010000100100002102020100301112030220101302302033103201011120303311112213020221120030111222121231013130232
200000100001001000021020201003011120302201013023020331032010111203033111122130202211200301112221212310131302332023
2000001000010010000210202010030111203022010130230203310320101112030331111221302022112003011122212123101313023320320330
2000001000010010000210202010030111203022010130230203310320101112030331111221302022112003011122212123101313023320320331
2000001000010010000210202010030111203022010130230203310320101112030331111221302022112003011122212123101313023320320332
2000001000010010000210202010030111203022010130230203310320101112030331111221302022112003011122212123101313023320320333
20000010000100100002102020100301112030220101302302033103201011120303311112213020221120030111222121231013130233203210
20000010000100100002102020100301112030220101302302033103201011120303311112213020221120030111222121231013130233203211
2000001000010010000210202010030111203022010130230203310320101112030331111221302022112003011122212123101313023320321213
2000001000010010000210202010030111203022010130230203310320101112030331111221302022112003011122212123101313023320321221311
2000001000010010000210202010030111203022010130230203310320101112030331111221302022112003011122212123101313023320321221312
2000001000010010000210202010030111203022010130230203310320101112030331111221302022112003011122212123101313023320321221313
20000010000100100002102020100301112030220101302302033103201011120303311112213020221120030111222121231013130233203212213212231
2000001000010010000210202010030111203022010130230203310320101112030331111221302022112003011122212123101313023320321221321223203
200000100001001000021020201003011120302201013023020331032010111203033111122130202211200301112221212310131302332032122132122321
2000001000010010000210202010030111203022010130230203310320101112030331111221302022112003011122212123101313023320321221321223222232
200000100001001000021020201003011120302201013023020331032010111203033111122130202211200301112221212310131302332032122132122322223300
200000100001001000021020201003011120302201013023020331032010111203033111122130202211200301112221212310131302332032122132122322223301
200000100001001000021020201003011120302201013023020331032010111203033111122130202211200301112221212310131302332032122132122322223302
200000100001001000021020201003011120302201013023020331032010111203033111122130202211200301112221212310131302332032122132122322223303
200000100001001000021020201003011120302201013023020331032010111203033111122130202211200301112221212310131302332032122132122322223310
200000100001001000021020201003011120302201013023020331032010111203033111122130202211200301112221212310131302332032122132122322223311
200000100001001000021020201003011120302201013023020331032010111203033111122130202211200301112221212310131302332032122132122322223312330
200000100001001000021020201003011120302201013023020331032010111203033111122130202211200301112221212310131302332032122132122322223312331
200000100001001000021020201003011120302201013023020331032010111203033111122130202211200301112221212310131302332032122132122322223312332
200000100001001000021020201003011120302201013023020331032010111203033111122130202211200301112221212310131302332032122132122322223312333
200000100001001000021020201003011120302201013023020331032010111203033111122130202211200301112221212310131302332032122132122322223313
200000100001001000021020201003011120302201013023020331032010111203033111122130202211200301112221212310131302332032122132122322223320
200000100001001000021020201003011120302201013023020331032010111203033111122130202211200301112221212310131302332032122132122322223321
2000001000010010000210202010030111203022010130230203310320101112030331111221302022112003011122212123101313023320321221321223222233222
200000100001001000021020201003011120302201013023020331032010111203033111122130202211200301112221212310131302332032122132122322223322330
200000100001001000021020201003011120302201013023020331032010111203033111122130202211200301112221212310131302332032122132122322223322331
200000100001001000021020201003011120302201013023020331032010111203033111122130202211200301112221212310131302332032122132122322223322332
200000100001001000021020201003011120302201013023020331032010111203033111122130202211200301112221212310131302332032122132122322223322333
2000001000010010000210202010030111203022010130230203310320101112030331111221302022112003011122212123101313023320321221321223222233233
20000010000100100002102020100301112030220101302302033103201011120303311112213020221120030111222121231013130233203212213212232223
2000001000010010000210202010030111203022010130230203310320101112030331111221302022112003011122212123101313023320321221321223223
200000100001001000021020201003011120302201013023020331032010111203033111122130202211200301112221212310131302332032122132123
200000100001001000021020201003011120302201013023020331032010111203033111122130202211200301112221212310131302332032122132133
20000010000100100002102020100301112030220101302302033103201011120303311112213020221120030111222121231013130233203213
20000010000100100002102020100301112030220101302302033103201011120303311112213020221120030111222121231013130233203220
20000010000100100002102020100301112030220101302302033103201011120303311112213020221120030111222121231013130233203221
20000010000100100002102020100301112030220101302302033103201011120303311112213020221120030111222121231013130233203222
20000010000100100002102020100301112030220101302302033103201011120303311112213020221120030111222121231013130233203223
200000100001001000021020201003011120302201013023020331032010111203033111122130202211200301112221212310131302332032302
200000100001001000021020201003011120302201013023020331032010111203033111122130202211200301112221212310131302332032303
200000100001001000021020201003011120302201013023020331032010111203033111122130202211200301112221212310131302332032311
200000100001001000021020201003011120302201013023020331032010111203033111122130202211200301112221212310131302332032312
2000001000010010000210202010030111203022010130230203310320101112030331111221302022112003011122212123101313023320323132
2000001000010010000210202010030111203022010130230203310320101112030331111221302022112003011122212123101313023320323133
20000010000100100002102020100301112030220101302302033103201011120303311112213020221120030111222121231013131
20000010000100100002102020100301112030220101302302033103201011120303311112213020221120030111222121231013132
20000010000100100002102020100301112030220101302302033103201011120303311112213020221120030111222121231013133
20000010000100100002102020100301112030220101302302033103201011120303311112213020221120030112
20000010000100100002102020100301112030220101302302033103201011120303311112213020221120030113
20000010000100100002102020100301112030220101302302033103201011120303311112213020221121
20000010000100100002102020100301112030220101302302033103201011120303311112213020221122
20000010000100100002102020100301112030220101302302033103201011120303311112213020221123
20000010000100100002102020100301112030220101302302033103201011120303311112213020221130
20000010000100100002102020100301112030220101302302033103201011120303311112213020221131
20000010000100100002102020100301112030220101302302033103201011120303311112213020221132
20000010000100100002102020100301112030220101302302033103201011120303311112213020221133
200000100001001000021020201003011120302201013023020331032010111203033111122130203
2000001000010010000210202010030111203022010130230203310320101112030331112
2000001000010010000210202010030111203022010130230203310320101112030331113
2000001000010010000210202010030111203022010130230203310320101112031
2000001000010010000210202010030111203022010130230203310320101112032
2000001000010010000210202010030111203022010130230203310320101112033
200000100001001000021021
200000100001001000021022
200000100001001000021023
2000001000010011
2000001000010012
2000001000010013
20000010000101
20000010000102
20000010000103
2000001001
2000001002
2000001003
30001000000200100100003100
3000100000020010010000310110
3000100000020010010000310111202010210203013032010110
300010000002001001000031011120201021020301303201011120301
30001000000200100100003101112020102102030130320101112030220103302030
30001000000200100100003101112020102102030130320101112030220103302031
3000100000020010010000310111202010210203013032010111203022010330203230
30001000000200100100003101112020102102030130320101112030220103302032310
3000100000020010010000310111202010210203013032010111203022010330203231110
3000100000020010010000310111202010210203013032010111203022010330203231111212
3000100000020010010000310111202010210203013032010111203022010330203231111213
3000100000020010010000310111202010210203013032010111203022010330203231111221302020
3000100000020010010000310111202010210203013032010111203022010330203231111221302021
30001000000200100100003101112020102102030130320101112030220103302032311112213020221120030101
30001000000200100100003101112020102102030130320101112030220103302032311112213020221120030102
30001000000200100100003101112020102102030130320101112030220103302032311112213020221120030103
300010000002001001000031011120201021020301303201011120302201033020323111122130202211200301111
3000100000020010010000310111202010210203013032010111203022010330203231111221302022112003011122212123100
30001000000200100100003101112020102102030130320101112030220103302032311112213020221120030111222121231013130231
30001000000200100100003101112020102102030130320101112030220103302032311112213020221120030111222121231013130232
3000100000020010010000310111202010210203013032010111203022010330203231111221302022112003011122212123101313023320233
3000100000020010010000310111202010210203013032010111203022010330203231111221302022112003011122212123101313023320320330
3000100000020010010000310111202010210203013032010111203022010330203231111221302022112003011122212123101313023320320331
3000100000020010010000310111202010210203013032010111203022010330203231111221302022112003011122212123101313023320320332
3000100000020010010000310111202010210203013032010111203022010330203231111221302022112003011122212123101313023320320333
30001000000200100100003101112020102102030130320101112030220103302032311112213020221120030111222121231013130233203210
30001000000200100100003101112020102102030130320101112030220103302032311112213020221120030111222121231013130233203211
3000100000020010010000310111202010210203013032010111203022010330203231111221302022112003011122212123101313023320321213
3000100000020010010000310111202010210203013032010111203022010330203231111221302022112003011122212123101313023320321221311
3000100000020010010000310111202010210203013032010111203022010330203231111221302022112003011122212123101313023320321221312
3000100000020010010000310111202010210203013032010111203022010330203231111221302022112003011122212123101313023320321221313
3000100000020010010000310111202010210203013032010111203022010330203231111221302022112003011122212123101313023320321221321223202
3000100000020010010000310111202010210203013032010111203022010330203231111221302022112003011122212123101313023320321221321223203
300010000002001001000031011120201021020301303201011120302201033020323111122130202211200301112221212310131302332032122132122321
3000100000020010010000310111202010210203013032010111203022010330203231111221302022112003011122212123101313023320321221321223222231
3000100000020010010000310111202010210203013032010111203022010330203231111221302022112003011122212123101313023320321221321223222232
300010000002001001000031011120201021020301303201011120302201033020323111122130202211200301112221212310131302332032122132122322223300
300010000002001001000031011120201021020301303201011120302201033020323111122130202211200301112221212310131302332032122132122322223301
300010000002001001000031011120201021020301303201011120302201033020323111122130202211200301112221212310131302332032122132122322223302
300010000002001001000031011120201021020301303201011120302201033020323111122130202211200301112221212310131302332032122132122322223303
300010000002001001000031011120201021020301303201011120302201033020323111122130202211200301112221212310131302332032122132122322223310
300010000002001001000031011120201021020301303201011120302201033020323111122130202211200301112221212310131302332032122132122322223311
300010000002001001000031011120201021020301303201011120302201033020323111122130202211200301112221212310131302332032122132122322223312330
300010000002001001000031011120201021020301303201011120302201033020323111122130202211200301112221212310131302332032122132122322223312331
300010000002001001000031011120201021020301303201011120302201033020323111122130202211200301112221212310131302332032122132122322223312332
300010000002001001000031011120201021020301303201011120302201033020323111122130202211200301112221212310131302332032122132122322223312333
300010000002001001000031011120201021020301303201011120302201033020323111122130202211200301112221212310131302332032122132122322223313
300010000002001001000031011120201021020301303201011120302201033020323111122130202211200301112221212310131302332032122132122322223320
300010000002001001000031011120201021020301303201011120302201033020323111122130202211200301112221212310131302332032122132122322223321
3000100000020010010000310111202010210203013032010111203022010330203231111221302022112003011122212123101313023320321221321223222233222
300010000002001001000031011120201021020301303201011120302201033020323111122130202211200301112221212310131302332032122132122322223322330
300010000002001001000031011120201021020301303201011120302201033020323111122130202211200301112221212310131302332032122132122322223322331
300010000002001001000031011120201021020301303201011120302201033020323111122130202211200301112221212310131302332032122132122322223322332
300010000002001001000031011120201021020301303201011120302201033020323111122130202211200301112221212310131302332032122132122322223322333
3000100000020010010000310111202010210203013032010111203022010330203231111221302022112003011122212123101313023320321221321223222233233
30001000000200100100003101112020102102030130320101112030220103302032311112213020221120030111222121231013130233203212213212232223
3000100000020010010000310111202010210203013032010111203022010330203231111221302022112003011122212123101313023320321221321223223
300010000002001001000031011120201021020301303201011120302201033020323111122130202211200301112221212310131302332032122132123
300010000002001001000031011120201021020301303201011120302201033020323111122130202211200301112221212310131302332032122132133
30001000000200100100003101112020102102030130320101112030220103302032311112213020221120030111222121231013130233203213
30001000000200100100003101112020102102030130320101112030220103302032311112213020221120030111222121231013130233203220
30001000000200100100003101112020102102030130320101112030220103302032311112213020221120030111222121231013130233203221
30001000000200100100003101112020102102030130320101112030220103302032311112213020221120030111222121231013130233203222
30001000000200100100003101112020102102030130320101112030220103302032311112213020221120030111222121231013130233203223
300010000002001001000031011120201021020301303201011120302201033020323111122130202211200301112221212310131302332032302
300010000002001001000031011120201021020301303201011120302201033020323111122130202211200301112221212310131302332032303
300010000002001001000031011120201021020301303201011120302201033020323111122130202211200301112221212310131302332032311
300010000002001001000031011120201021020301303201011120302201033020323111122130202211200301112221212310131302332032312
3000100000020010010000310111202010210203013032010111203022010330203231111221302022112003011122212123101313023320323132
3000100000020010010000310111202010210203013032010111203022010330203231111221302022112003011122212123101313023320323133
30001000000200100100003101112020102102030130320101112030220103302032311112213020221120030111222121231013131
30001000000200100100003101112020102102030130320101112030220103302032311112213020221120030111222121231013132
30001000000200100100003101112020102102030130320101112030220103302032311112213020221120030111222121231013133
30001000000200100100003101112020102102030130320101112030220103302032311112213020221120030112
30001000000200100100003101112020102102030130320101112030220103302032311112213020221120030113
30001000000200100100003101112020102102030130320101112030220103302032311112213020221121
30001000000200100100003101112020102102030130320101112030220103302032311112213020221122
30001000000200100100003101112020102102030130320101112030220103302032311112213020221123
30001000000200100100003101112020102102030130320101112030220103302032311112213020221130
30001000000200100100003101112020102102030130320101112030220103302032311112213020221131
30001000000200100100003101112020102102030130320101112030220103302032311112213020221132
30001000000200100100003101112020102102030130320101112030220103302032311112213020221133
300010000002001001000031011120201021020301303201011120302201033020323111122130203
3000100000020010010000310111202010210203013032010111203022010330203231112
3000100000020010010000310111202010210203013032010111203022010330203231113
30001000000200100100003101112020102102030130320101112031
30001000000200100100003101112020102102030130320101112032
30001000000200100100003101112020102102030130320101112033
300010000002001001000031011120201021021
300010000002001001000031011120201021022
300010000002001001000031011120201021023
3000100000020010011
3000100000020010012
3000100000020010013
30001000000200101
30001000000200102
30001000000200103
30001001
30001002
30001003
1000000011020010010000300
10000000110200100100003012020100
10000000110200100100003012020101302102030220101
10000000110200100100003012020101302102030220102302030
10000000110200100100003012020101302102030220102302031
10000000110200100100003012020101302102030220102302032
100000001102001001000030120201013021020302201023020331032010110
1000000011020010010000301202010130210203022010230203310320101112030330
10000000110200100100003012020101302102030220102302033103201011120303310
1000000011020010010000301202010130210203022010230203310320101112030331110
1000000011020010010000301202010130210203022010230203310320101112030331111211
1000000011020010010000301202010130210203022010230203310320101112030331111212
1000000011020010010000301202010130210203022010230203310320101112030331111213
1000000011020010010000301202010130210203022010230203310320101112030331111221302020
1000000011020010010000301202010130210203022010230203310320101112030331111221302021
10000000110200100100003012020101302102030220102302033103201011120303311112213020221120030101
10000000110200100100003012020101302102030220102302033103201011120303311112213020221120030102
10000000110200100100003012020101302102030220102302033103201011120303311112213020221120030103
100000001102001001000030120201013021020302201023020331032010111203033111122130202211200301111
1000000011020010010000301202010130210203022010230203310320101112030331111221302022112003011122212123100
10000000110200100100003012020101302102030220102302033103201011120303311112213020221120030111222121231013130231
10000000110200100100003012020101302102030220102302033103201011120303311112213020221120030111222121231013130232
100000001102001001000030120201013021020302201023020331032010111203033111122130202211200301112221212310131302332023
1000000011020010010000301202010130210203022010230203310320101112030331111221302022112003011122212123101313023320320330
1000000011020010010000301202010130210203022010230203310320101112030331111221302022112003011122212123101313023320320331
1000000011020010010000301202010130210203022010230203310320101112030331111221302022112003011122212123101313023320320332
1000000011020010010000301202010130210203022010230203310320101112030331111221302022112003011122212123101313023320320333
10000000110200100100003012020101302102030220102302033103201011120303311112213020221120030111222121231013130233203210
10000000110200100100003012020101302102030220102302033103201011120303311112213020221120030111222121231013130233203211
1000000011020010010000301202010130210203022010230203310320101112030331111221302022112003011122212123101313023320321213
1000000011020010010000301202010130210203022010230203310320101112030331111221302022112003011122212123101313023320321221311
1000000011020010010000301202010130210203022010230203310320101112030331111221302022112003011122212123101313023320321221312
1000000011020010010000301202010130210203022010230203310320101112030331111221302022112003011122212123101313023320321221313
10000000110200100100003012020101302102030220102302033103201011120303311112213020221120030111222121231013130233203212213212231
1000000011020010010000301202010130210203022010230203310320101112030331111221302022112003011122212123101313023320321221321223203
100000001102001001000030120201013021020302201023020331032010111203033111122130202211200301112221212310131302332032122132122321
1000000011020010010000301202010130210203022010230203310320101112030331111221302022112003011122212123101313023320321221321223222232
100000001102001001000030120201013021020302201023020331032010111203033111122130202211200301112221212310131302332032122132122322223300
100000001102001001000030120201013021020302201023020331032010111203033111122130202211200301112221212310131302332032122132122322223301
100000001102001001000030120201013021020302201023020331032010111203033111122130202211200301112221212310131302332032122132122322223302
100000001102001001000030120201013021020302201023020331032010111203033111122130202211200301112221212310131302332032122132122322223303
100000001102001001000030120201013021020302201023020331032010111203033111122130202211200301112221212310131302332032122132122322223310
100000001102001001000030120201013021020302201023020331032010111203033111122130202211200301112221212310131302332032122132122322223311
100000001102001001000030120201013021020302201023020331032010111203033111122130202211200301112221212310131302332032122132122322223312330
100000001102001001000030120201013021020302201023020331032010111203033111122130202211200301112221212310131302332032122132122322223312331
100000001102001001000030120201013021020302201023020331032010111203033111122130202211200301112221212310131302332032122132122322223312332
100000001102001001000030120201013021020302201023020331032010111203033111122130202211200301112221212310131302332032122132122322223312333
100000001102001001000030120201013021020302201023020331032010111203033111122130202211200301112221212310131302332032122132122322223313
100000001102001001000030120201013021020302201023020331032010111203033111122130202211200301112221212310131302332032122132122322223320
100000001102001001000030120201013021020302201023020331032010111203033111122130202211200301112221212310131302332032122132122322223321
1000000011020010010000301202010130210203022010230203310320101112030331111221302022112003011122212123101313023320321221321223222233222
100000001102001001000030120201013021020302201023020331032010111203033111122130202211200301112221212310131302332032122132122322223322330
100000001102001001000030120201013021020302201023020331032010111203033111122130202211200301112221212310131302332032122132122322223322331
100000001102001001000030120201013021020302201023020331032010111203033111122130202211200301112221212310131302332032122132122322223322332
100000001102001001000030120201013021020302201023020331032010111203033111122130202211200301112221212310131302332032122132122322223322333
1000000011020010010000301202010130210203022010230203310320101112030331111221302022112003011122212123101313023320321221321223222233233
10000000110200100100003012020101302102030220102302033103201011120303311112213020221120030111222121231013130233203212213212232223
1000000011020010010000301202010130210203022010230203310320101112030331111221302022112003011122212123101313023320321221321223223
100000001102001001000030120201013021020302201023020331032010111203033111122130202211200301112221212310131302332032122132123
100000001102001001000030120201013021020302201023020331032010111203033111122130202211200301112221212310131302332032122132133
10000000110200100100003012020101302102030220102302033103201011120303311112213020221120030111222121231013130233203213
10000000110200100100003012020101302102030220102302033103201011120303311112213020221120030111222121231013130233203220
10000000110200100100003012020101302102030220102302033103201011120303311112213020221120030111222121231013130233203221
10000000110200100100003012020101302102030220102302033103201011120303311112213020221120030111222121231013130233203222
10000000110200100100003012020101302102030220102302033103201011120303311112213020221120030111222121231013130233203223
100000001102001001000030120201013021020302201023020331032010111203033111122130202211200301112221212310131302332032302
100000001102001001000030120201013021020302201023020331032010111203033111122130202211200301112221212310131302332032303
100000001102001001000030120201013021020302201023020331032010111203033111122130202211200301112221212310131302332032311
100000001102001001000030120201013021020302201023020331032010111203033111122130202211200301112221212310131302332032312
1000000011020010010000301202010130210203022010230203310320101112030331111221302022112003011122212123101313023320323132
1000000011020010010000301202010130210203022010230203310320101112030331111221302022112003011122212123101313023320323133
10000000110200100100003012020101302102030220102302033103201011120303311112213020221120030111222121231013131
10000000110200100100003012020101302102030220102302033103201011120303311112213020221120030111222121231013132
10000000110200100100003012020101302102030220102302033103201011120303311112213020221120030111222121231013133
10000000110200100100003012020101302102030220102302033103201011120303311112213020221120030112
10000000110200100100003012020101302102030220102302033103201011120303311112213020221120030113
10000000110200100100003012020101302102030220102302033103201011120303311112213020221121
10000000110200100100003012020101302102030220102302033103201011120303311112213020221122
10000000110200100100003012020101302102030220102302033103201011120303311112213020221123
10000000110200100100003012020101302102030220102302033103201011120303311112213020221130
10000000110200100100003012020101302102030220102302033103201011120303311112213020221131
10000000110200100100003012020101302102030220102302033103201011120303311112213020221132
10000000110200100100003012020101302102030220102302033103201011120303311112213020221133
100000001102001001000030120201013021020302201023020331032010111203033111122130203
1000000011020010010000301202010130210203022010230203310320101112030331112
1000000011020010010000301202010130210203022010230203310320101112030331113
1000000011020010010000301202010130210203022010230203310320101112031
1000000011020010010000301202010130210203022010230203310320101112032
1000000011020010010000301202010130210203022010230203310320101112033
100000001102001001000030120201013021021
100000001102001001000030120201013021022
100000001102001001000030120201013021023
1000000011020010011
1000000011020010012
1000000011020010013
10000000110200101
10000000110200102
10000000110200103
1001
1002
1003
