00010000010011010200010020200301201011101110202111202030120
000100000100110102000100202003012010111011102021112020301213030102103030
000100000100110102000100202003012010111011102021112020301213030102103031
000100000100110102000100202003012010111011102021112020301213030102103032202130
0001000001001101020001002020030120101110111020211120203012130301021030322021312103112230
000100000100110102000100202003012010111011102021112020301213030102103032202131210311223130
000100000100110102000100202003012010111011102021112020301213030102103032202131210311223131
000100000100110102000100202003012010111011102021112020301213030102103032202131210311223132
0001000001001101020001002020030120101110111020211120203012130301021030322021312103112231333
00010000010011010200010020200301201011101110202111202030121303010210303220213121031122323
0001000001001101020001002020030120101110111020211120203012130301021030322021312103112233221
0001000001001101020001002020030120101110111020211120203012130301021030322021312103112233222
0001000001001101020001002020030120101110111020211120203012130301021030322021312103112233223
0001000001001101020001002020030120101110111020211120203012130301021030322021312103112233231121332113113
000100000100110102000100202003012010111011102021112020301213030102103032202131210311223323112133211312
000100000100110102000100202003012010111011102021112020301213030102103032202131210311223323112133211313212
0001000001001101020001002020030120101110111020211120203012130301021030322021312103112233231121332113132133
000100000100110102000100202003012010111011102021112020301213030102103032202131210311223323112133211313220
000100000100110102000100202003012010111011102021112020301213030102103032202131210311223323112133211313221
00010000010011010200010020200301201011101110202111202030121303010210303220213121031122332311213321131322223
000100000100110102000100202003012010111011102021112020301213030102103032202131210311223323112133211313223
00010000010011010200010020200301201011101110202111202030121303010210303220213121031122332311213321131323002
00010000010011010200010020200301201011101110202111202030121303010210303220213121031122332311213321131323003
0001000001001101020001002020030120101110111020211120203012130301021030322021312103112233231121332113132301
00010000010011010200010020200301201011101110202111202030121303010210303220213121031122332311213321131323020
00010000010011010200010020200301201011101110202111202030121303010210303220213121031122332311213321131323021
0001000001001101020001002020030120101110111020211120203012130301021030322021312103112233231121332113132302230
0001000001001101020001002020030120101110111020211120203012130301021030322021312103112233231121332113132302231
0001000001001101020001002020030120101110111020211120203012130301021030322021312103112233231121332113132302232
0001000001001101020001002020030120101110111020211120203012130301021030322021312103112233231121332113132302233
0001000001001101020001002020030120101110111020211120203012130301021030322021312103112233231121332113132303
0001000001001101020001002020030120101110111020211120203012130301021030322021312103112233231121332113132310
0001000001001101020001002020030120101110111020211120203012130301021030322021312103112233231121332113132311
0001000001001101020001002020030120101110111020211120203012130301021030322021312103112233231121332113132312
0001000001001101020001002020030120101110111020211120203012130301021030322021312103112233231121332113132313
00010000010011010200010020200301201011101110202111202030121303010210303220213121031122332311213321131323202231
00010000010011010200010020200301201011101110202111202030121303010210303220213121031122332311213321131323202232
00010000010011010200010020200301201011101110202111202030121303010210303220213121031122332311213321131323202233
00010000010011010200010020200301201011101110202111202030121303010210303220213121031122332311213321131323203
00010000010011010200010020200301201011101110202111202030121303010210303220213121031122332311213321131323212
0001000001001101020001002020030120101110111020211120203012130301021030322021312103112233231121332113132321331
0001000001001101020001002020030120101110111020211120203012130301021030322021312103112233231121332113132321332
0001000001001101020001002020030120101110111020211120203012130301021030322021312103112233231121332113132321333
0001000001001101020001002020030120101110111020211120203012130301021030322021312103112233231121332113132322
0001000001001101020001002020030120101110111020211120203012130301021030322021312103112233231121332113132323
0001000001001101020001002020030120101110111020211120203012130301021030322021312103112233231121332113132330
0001000001001101020001002020030120101110111020211120203012130301021030322021312103112233231121332113132331
0001000001001101020001002020030120101110111020211120203012130301021030322021312103112233231121332113132332
0001000001001101020001002020030120101110111020211120203012130301021030322021312103112233231121332113132333
00010000010011010200010020200301201011101110202111202030121303010210303220213121031122332311213321132
00010000010011010200010020200301201011101110202111202030121303010210303220213121031122332311213321133
00010000010011010200010020200301201011101110202111202030121303010210303220213121031122332311213322
00010000010011010200010020200301201011101110202111202030121303010210303220213121031122332311213323
000100000100110102000100202003012010111011102021112020301213030102103032202131210312
000100000100110102000100202003012010111011102021112020301213030102103032202131210313
00010000010011010200010020200301201011101110202111202030121303010210303220213122
00010000010011010200010020200301201011101110202111202030121303010210303220213123
000100000100110102000100202003012010111011102021112020301213030102103032203
0001000001001101020001002020030120101110111020211120203012130302
0001000001001101020001002020030120101110111020211120203012130303
000100000100110102000100202003012010112
000100000100110102000100202003012010113
000100000100110103
2000010002100100010110203000100203012010111011102111202030120
20000100021001000101102030001002030120101110111021112020301213031030201030
20000100021001000101102030001002030120101110111021112020301213031030201031
200001000210010001011020300010020301201011101110211120203012130310302010321122202130
200001000210010001011020300010020301201011101110211120203012130310302010321122202131220230
20000100021001000101102030001002030120101110111021112020301213031030201032112220213122023130
20000100021001000101102030001002030120101110111021112020301213031030201032112220213122023131
20000100021001000101102030001002030120101110111021112020301213031030201032112220213122023132
200001000210010001011020300010020301201011101110211120203012130310302010321122202131220231333
2000010002100100010110203000100203012010111011102111202030121303103020103211222021312202323
200001000210010001011020300010020301201011101110211120203012130310302010321122202131220233221
200001000210010001011020300010020301201011101110211120203012130310302010321122202131220233222
200001000210010001011020300010020301201011101110211120203012130310302010321122202131220233223
200001000210010001011020300010020301201011101110211120203012130310302010321122202131220233231121332113113
20000100021001000101102030001002030120101110111021112020301213031030201032112220213122023323112133211312
20000100021001000101102030001002030120101110111021112020301213031030201032112220213122023323112133211313212
200001000210010001011020300010020301201011101110211120203012130310302010321122202131220233231121332113132133
20000100021001000101102030001002030120101110111021112020301213031030201032112220213122023323112133211313220
20000100021001000101102030001002030120101110111021112020301213031030201032112220213122023323112133211313221
2000010002100100010110203000100203012010111011102111202030121303103020103211222021312202332311213321131322223
20000100021001000101102030001002030120101110111021112020301213031030201032112220213122023323112133211313223
2000010002100100010110203000100203012010111011102111202030121303103020103211222021312202332311213321131323003
200001000210010001011020300010020301201011101110211120203012130310302010321122202131220233231121332113132301
2000010002100100010110203000100203012010111011102111202030121303103020103211222021312202332311213321131323021
200001000210010001011020300010020301201011101110211120203012130310302010321122202131220233231121332113132302230
200001000210010001011020300010020301201011101110211120203012130310302010321122202131220233231121332113132302231
200001000210010001011020300010020301201011101110211120203012130310302010321122202131220233231121332113132302232
200001000210010001011020300010020301201011101110211120203012130310302010321122202131220233231121332113132302233
200001000210010001011020300010020301201011101110211120203012130310302010321122202131220233231121332113132303
200001000210010001011020300010020301201011101110211120203012130310302010321122202131220233231121332113132310
200001000210010001011020300010020301201011101110211120203012130310302010321122202131220233231121332113132311
200001000210010001011020300010020301201011101110211120203012130310302010321122202131220233231121332113132312
200001000210010001011020300010020301201011101110211120203012130310302010321122202131220233231121332113132313
2000010002100100010110203000100203012010111011102111202030121303103020103211222021312202332311213321131323202231
2000010002100100010110203000100203012010111011102111202030121303103020103211222021312202332311213321131323202232
2000010002100100010110203000100203012010111011102111202030121303103020103211222021312202332311213321131323202233
2000010002100100010110203000100203012010111011102111202030121303103020103211222021312202332311213321131323203
2000010002100100010110203000100203012010111011102111202030121303103020103211222021312202332311213321131323212
200001000210010001011020300010020301201011101110211120203012130310302010321122202131220233231121332113132321331
200001000210010001011020300010020301201011101110211120203012130310302010321122202131220233231121332113132321332
200001000210010001011020300010020301201011101110211120203012130310302010321122202131220233231121332113132321333
200001000210010001011020300010020301201011101110211120203012130310302010321122202131220233231121332113132322
200001000210010001011020300010020301201011101110211120203012130310302010321122202131220233231121332113132323
200001000210010001011020300010020301201011101110211120203012130310302010321122202131220233231121332113132330
200001000210010001011020300010020301201011101110211120203012130310302010321122202131220233231121332113132331
200001000210010001011020300010020301201011101110211120203012130310302010321122202131220233231121332113132332
200001000210010001011020300010020301201011101110211120203012130310302010321122202131220233231121332113132333
2000010002100100010110203000100203012010111011102111202030121303103020103211222021312202332311213321132
2000010002100100010110203000100203012010111011102111202030121303103020103211222021312202332311213321133
2000010002100100010110203000100203012010111011102111202030121303103020103211222021312202332311213322
2000010002100100010110203000100203012010111011102111202030121303103020103211222021312202332311213323
20000100021001000101102030001002030120101110111021112020301213031030201032112220213123
200001000210010001011020300010020301201011101110211120203012130310302010321122203
2000010002100100010110203000100203012010111011102111202030121303103020103212
2000010002100100010110203000100203012010111011102111202030121303103020103213
20000100021001000101102030001002030120101110111021112020301213031030202
20000100021001000101102030001002030120101110111021112020301213031030203
2000010002100100010110203000100203012010112
2000010002100100010110203000100203012010113
20000100021001000102
20000100021001000103
100000110000100101010110112020030120020
100000110000100101010110112020030120021302021103001111202030121
1000001100001001010101101120200301200213020211030011112020301220102103030
1000001100001001010101101120200301200213020211030011112020301220102103031
1000001100001001010101101120200301200213020211030011112020301220102103032202130
1000001100001001010101101120200301200213020211030011112020301220102103032202131210311233
1000001100001001010101101120200301200213020211030011112020301220102103032202131210311322230
100000110000100101010110112020030120021302021103001111202030122010210303220213121031132223130
100000110000100101010110112020030120021302021103001111202030122010210303220213121031132223131
100000110000100101010110112020030120021302021103001111202030122010210303220213121031132223132
100000110000100101010110112020030120021302021103001111202030122010210303220213121031132223133
1000001100001001010101101120200301200213020211030011112020301220102103032202131210311322232
1000001100001001010101101120200301200213020211030011112020301220102103032202131210311322233321131121
10000011000010010101011011202003012002130202110300111120203012201021030322021312103113222333211311223
100000110000100101010110112020030120021302021103001111202030122010210303220213121031132223332113113
100000110000100101010110112020030120021302021103001111202030122010210303220213121031132223332113123
1000001100001001010101101120200301200213020211030011112020301220102103032202131210311322233321131311
1000001100001001010101101120200301200213020211030011112020301220102103032202131210311322233321131312
1000001100001001010101101120200301200213020211030011112020301220102103032202131210311322233321131313212331
1000001100001001010101101120200301200213020211030011112020301220102103032202131210311322233321131313212332
1000001100001001010101101120200301200213020211030011112020301220102103032202131210311322233321131313212333
10000011000010010101011011202003012002130202110300111120203012201021030322021312103113222333211313132133
1000001100001001010101101120200301200213020211030011112020301220102103032202131210311322233321131313220
1000001100001001010101101120200301200213020211030011112020301220102103032202131210311322233321131313221
1000001100001001010101101120200301200213020211030011112020301220102103032202131210311322233321131313222
1000001100001001010101101120200301200213020211030011112020301220102103032202131210311322233321131313223
100000110000100101010110112020030120021302021103001111202030122010210303220213121031132223332113131323002
100000110000100101010110112020030120021302021103001111202030122010210303220213121031132223332113131323003
10000011000010010101011011202003012002130202110300111120203012201021030322021312103113222333211313132301
100000110000100101010110112020030120021302021103001111202030122010210303220213121031132223332113131323020
100000110000100101010110112020030120021302021103001111202030122010210303220213121031132223332113131323021
10000011000010010101011011202003012002130202110300111120203012201021030322021312103113222333211313132302230
10000011000010010101011011202003012002130202110300111120203012201021030322021312103113222333211313132302231
10000011000010010101011011202003012002130202110300111120203012201021030322021312103113222333211313132302232
10000011000010010101011011202003012002130202110300111120203012201021030322021312103113222333211313132302233
10000011000010010101011011202003012002130202110300111120203012201021030322021312103113222333211313132303
10000011000010010101011011202003012002130202110300111120203012201021030322021312103113222333211313132310
10000011000010010101011011202003012002130202110300111120203012201021030322021312103113222333211313132311
10000011000010010101011011202003012002130202110300111120203012201021030322021312103113222333211313132312
10000011000010010101011011202003012002130202110300111120203012201021030322021312103113222333211313132313
100000110000100101010110112020030120021302021103001111202030122010210303220213121031132223332113131323202231
100000110000100101010110112020030120021302021103001111202030122010210303220213121031132223332113131323202232
100000110000100101010110112020030120021302021103001111202030122010210303220213121031132223332113131323202233
100000110000100101010110112020030120021302021103001111202030122010210303220213121031132223332113131323203
10000011000010010101011011202003012002130202110300111120203012201021030322021312103113222333211313132321
10000011000010010101011011202003012002130202110300111120203012201021030322021312103113222333211313132322
10000011000010010101011011202003012002130202110300111120203012201021030322021312103113222333211313132323
10000011000010010101011011202003012002130202110300111120203012201021030322021312103113222333211313132330
10000011000010010101011011202003012002130202110300111120203012201021030322021312103113222333211313132331
10000011000010010101011011202003012002130202110300111120203012201021030322021312103113222333211313132332
10000011000010010101011011202003012002130202110300111120203012201021030322021312103113222333211313132333
1000001100001001010101101120200301200213020211030011112020301220102103032202131210311322233321132
1000001100001001010101101120200301200213020211030011112020301220102103032202131210311322233321133
1000001100001001010101101120200301200213020211030011112020301220102103032202131210311322233322
1000001100001001010101101120200301200213020211030011112020301220102103032202131210311322233323
1000001100001001010101101120200301200213020211030011112020301220102103032202131210312
1000001100001001010101101120200301200213020211030011112020301220102103032202131210313
100000110000100101010110112020030120021302021103001111202030122010210303220213122
100000110000100101010110112020030120021302021103001111202030122010210303220213123
1000001100001001010101101120200301200213020211030011112020301220102103032203
10000011000010010101011011202003012002130202110300111120203012202
10000011000010010101011011202003012002130202110300111120203012203
100000110000100101010110113
1000001100001001010102
1000001100001001010103
3000010002010000110101200100203102030010111011102111202030120
30000100020100001101012001002031020300101110111021112020301213031030201030
30000100020100001101012001002031020300101110111021112020301213031030201031
300001000201000011010120010020310203001011101110211120203012130310302010321122202130
300001000201000011010120010020310203001011101110211120203012130310302010321122202131211213221
30000100020100001101012001002031020300101110111021112020301213031030201032112220213121121322230
3000010002010000110101200100203102030010111011102111202030121303103020103211222021312112132223130
3000010002010000110101200100203102030010111011102111202030121303103020103211222021312112132223131
3000010002010000110101200100203102030010111011102111202030121303103020103211222021312112132223132
30000100020100001101012001002031020300101110111021112020301213031030201032112220213121121322231333
300001000201000011010120010020310203001011101110211120203012130310302010321122202131211213222323
3000010002010000110101200100203102030010111011102111202030121303103020103211222021312112132223332113202
3000010002010000110101200100203102030010111011102111202030121303103020103211222021312112132223332113203
30000100020100001101012001002031020300101110111021112020301213031030201032112220213121121322233321132123
3000010002010000110101200100203102030010111011102111202030121303103020103211222021312112132223332113213113
300001000201000011010120010020310203001011101110211120203012130310302010321122202131211213222333211321312
300001000201000011010120010020310203001011101110211120203012130310302010321122202131211213222333211321313212331
300001000201000011010120010020310203001011101110211120203012130310302010321122202131211213222333211321313212332
300001000201000011010120010020310203001011101110211120203012130310302010321122202131211213222333211321313212333
3000010002010000110101200100203102030010111011102111202030121303103020103211222021312112132223332113213132133
300001000201000011010120010020310203001011101110211120203012130310302010321122202131211213222333211321313220
300001000201000011010120010020310203001011101110211120203012130310302010321122202131211213222333211321313221
30000100020100001101012001002031020300101110111021112020301213031030201032112220213121121322233321132131322223
300001000201000011010120010020310203001011101110211120203012130310302010321122202131211213222333211321313223
3000010002010000110101200100203102030010111011102111202030121303103020103211222021312112132223332113213132300
3000010002010000110101200100203102030010111011102111202030121303103020103211222021312112132223332113213132301
3000010002010000110101200100203102030010111011102111202030121303103020103211222021312112132223332113213132302230
3000010002010000110101200100203102030010111011102111202030121303103020103211222021312112132223332113213132302231
3000010002010000110101200100203102030010111011102111202030121303103020103211222021312112132223332113213132302232
3000010002010000110101200100203102030010111011102111202030121303103020103211222021312112132223332113213132302233
3000010002010000110101200100203102030010111011102111202030121303103020103211222021312112132223332113213132303
3000010002010000110101200100203102030010111011102111202030121303103020103211222021312112132223332113213132310
3000010002010000110101200100203102030010111011102111202030121303103020103211222021312112132223332113213132311
3000010002010000110101200100203102030010111011102111202030121303103020103211222021312112132223332113213132312
3000010002010000110101200100203102030010111011102111202030121303103020103211222021312112132223332113213132313
30000100020100001101012001002031020300101110111021112020301213031030201032112220213121121322233321132131323202231
30000100020100001101012001002031020300101110111021112020301213031030201032112220213121121322233321132131323202232
30000100020100001101012001002031020300101110111021112020301213031030201032112220213121121322233321132131323202233
30000100020100001101012001002031020300101110111021112020301213031030201032112220213121121322233321132131323203
3000010002010000110101200100203102030010111011102111202030121303103020103211222021312112132223332113213132321
3000010002010000110101200100203102030010111011102111202030121303103020103211222021312112132223332113213132322
3000010002010000110101200100203102030010111011102111202030121303103020103211222021312112132223332113213132323
3000010002010000110101200100203102030010111011102111202030121303103020103211222021312112132223332113213132330
3000010002010000110101200100203102030010111011102111202030121303103020103211222021312112132223332113213132331
3000010002010000110101200100203102030010111011102111202030121303103020103211222021312112132223332113213132332
3000010002010000110101200100203102030010111011102111202030121303103020103211222021312112132223332113213132333
30000100020100001101012001002031020300101110111021112020301213031030201032112220213121121322233321133
30000100020100001101012001002031020300101110111021112020301213031030201032112220213121121322233322
30000100020100001101012001002031020300101110111021112020301213031030201032112220213121121322233323
30000100020100001101012001002031020300101110111021112020301213031030201032112220213122
30000100020100001101012001002031020300101110111021112020301213031030201032112220213123
300001000201000011010120010020310203001011101110211120203012130310302010321122203
3000010002010000110101200100203102030010111011102111202030121303103020103212
3000010002010000110101200100203102030010111011102111202030121303103020103213
30000100020100001101012001002031020300101110111021112020301213031030202
30000100020100001101012001002031020300101110111021112020301213031030203
3000010002010000110101200100203102030010112
3000010002010000110101200100203102030010113
3000010002010000110102
3000010002010000110103
