1000
110
12000
1300
101
1020
1030
1001
1002
1003
111
112
113
1210
1220
1230
12010
12020
12030
12001
12002
12003
1310
1320
13300
1301
1302
1303
1021
1022
1023
1031
1032
1033
1211
1212
1213
1221
1222
1223
1231
1232
1233
12011
12012
12013
12021
12022
12023
12031
12032
12033
1311
1312
1313
1321
1322
1323
13310
13320
13330
13301
13302
13303
13311
13312
13313
13321
13322
13323
13331
13332
13333
000
010
02000
0300
0010
0020
0030
011
012
013
0210
0220
0230
02010
02020
02030
02001
02002
02003
0310
0320
03300
0301
0302
0303
0011
0012
0013
0021
0022
0023
0031
0032
0033
0211
0212
0213
0221
0222
0223
0231
0232
0233
02011
02012
02013
02021
02022
02023
02031
02032
02033
0311
0312
0313
0321
0322
0323
03310
03320
03330
03301
03302
03303
03311
03312
03313
03321
03322
03323
03331
03332
03333
3000
310
32000
3300
3010
3020
303
3001
3002
3003
311
312
313
3210
3220
3230
32010
32020
32030
32001
32002
32003
3310
3320
33300
3301
3302
3303
3011
3012
3013
3021
3022
3023
3211
3212
3213
3221
3222
3223
3231
3232
3233
32011
32012
32013
32021
32022
32023
32031
32032
32033
3311
3312
3313
3321
3322
3323
33310
33320
33330
33301
33302
33303
33311
33312
33313
33321
33322
33323
33331
33332
33333
200
210000
220
230
201
202
203
2110
2120
21300
21010
210200
21030
210010
21002
210030
210001
210002
210003
221
222
223
231
232
233
2111
2112
2113
2121
2122
2123
21310
21320
21330
21301
21302
21303
21011
21012
21013
210210
210220
210230
210201
210202
210203
21031
21032
21033
210011
210012
210013
210031
210032
210033
21311
21312
21313
21321
21322
21323
21331
21332
21333
210211
210212
210213
210221
210222
210223
210231
210232
210233
