000000001010102010001000000101011010203020202030200020111021030
00000000101010201000100000010101101020302020203020002011102103112030101010102021111112021203020212130300
000000001010102010001000000101011010203020202030200020111021031120301010101020211111120212030202121303013030
0000000010101020100010000001010110102030202020302000201110210311203010101010202111111202120302021213030130312030321220
000000001010102010001000000101011010203020202030200020111021031120301010101020211111120212030202121303013031203032122130012130
00000000101010201000100000010101101020302020203020002011102103112030101010102021111112021203020212130301303120303212213001213131
000000001010102010001000000101011010203020202030200020111021031120301010101020211111120212030202121303013031203032122130012131322210
000000001010102010001000000101011010203020202030200020111021031120301010101020211111120212030202121303013031203032122130012131322211330
0000000010101020100010000001010110102030202020302000201110210311203010101010202111111202120302021213030130312030321221300121313222113311231220
0000000010101020100010000001010110102030202020302000201110210311203010101010202111111202120302021213030130312030321221300121313222113311231221
000000001010102010001000000101011010203020202030200020111021031120301010101020211111120212030202121303013031203032122130012131322211331123122230
000000001010102010001000000101011010203020202030200020111021031120301010101020211111120212030202121303013031203032122130012131322211331123122231
0000000010101020100010000001010110102030202020302000201110210311203010101010202111111202120302021213030130312030321221300121313222113311231222323101111
000000001010102010001000000101011010203020202030200020111021031120301010101020211111120212030202121303013031203032122130012131322211331123122232310111223212
0000000010101020100010000001010110102030202020302000201110210311203010101010202111111202120302021213030130312030321221300121313222113311231222323101112232133133
00000000101010201000100000010101101020302020203020002011102103112030101010102021111112021203020212130301303120303212213001213132221133112312223231011122321332121
00000000101010201000100000010101101020302020203020002011102103112030101010102021111112021203020212130301303120303212213001213132221133112312223231011122321332122301
00000000101010201000100000010101101020302020203020002011102103112030101010102021111112021203020212130301303120303212213001213132221133112312223231011122321332122302221
00000000101010201000100000010101101020302020203020002011102103112030101010102021111112021203020212130301303120303212213001213132221133112312223231011122321332122302222
00000000101010201000100000010101101020302020203020002011102103112030101010102021111112021203020212130301303120303212213001213132221133112312223231011122321332122302223
000000001010102010001000000101011010203020202030200020111021031120301010101020211111120212030202121303013031203032122130012131322211331123122232310111223213321223022312
00000000101010201000100000010101101020302020203020002011102103112030101010102021111112021203020212130301303120303212213001213132221133112312223231011122321332122302231323310
00000000101010201000100000010101101020302020203020002011102103112030101010102021111112021203020212130301303120303212213001213132221133112312223231011122321332122302231323311
00000000101010201000100000010101101020302020203020002011102103112030101010102021111112021203020212130301303120303212213001213132221133112312223231011122321332122302231323312
00000000101010201000100000010101101020302020203020002011102103112030101010102021111112021203020212130301303120303212213001213132221133112312223231011122321332122302231323313
000000001010102010001000000101011010203020202030200020111021031120301010101020211111120212030202121303013031203032122130012131322211331123122232310111223213321223022313233202
000000001010102010001000000101011010203020202030200020111021031120301010101020211111120212030202121303013031203032122130012131322211331123122232310111223213321223022313233203
000000001010102010001000000101011010203020202030200020111021031120301010101020211111120212030202121303013031203032122130012131322211331123122232310111223213321223022313233211
00000000101010201000100000010101101020302020203020002011102103112030101010102021111112021203020212130301303120303212213001213132221133112312223231011122321332122302231323321220322
0000000010101020100010000001010110102030202020302000201110210311203010101010202111111202120302021213030130312030321221300121313222113311231222323101112232133212230223132332122032330
0000000010101020100010000001010110102030202020302000201110210311203010101010202111111202120302021213030130312030321221300121313222113311231222323101112232133212230223132332122032331
0000000010101020100010000001010110102030202020302000201110210311203010101010202111111202120302021213030130312030321221300121313222113311231222323101112232133212230223132332122032332
0000000010101020100010000001010110102030202020302000201110210311203010101010202111111202120302021213030130312030321221300121313222113311231222323101112232133212230223132332122032333
00000000101010201000100000010101101020302020203020002011102103112030101010102021111112021203020212130301303120303212213001213132221133112312223231011122321332122302231323321220331
0000000010101020100010000001010110102030202020302000201110210311203010101010202111111202120302021213030130312030321221300121313222113311231222323101112232133212230223132332122033223
00000000101010201000100000010101101020302020203020002011102103112030101010102021111112021203020212130301303120303212213001213132221133112312223231011122321332122302231323321220332311
00000000101010201000100000010101101020302020203020002011102103112030101010102021111112021203020212130301303120303212213001213132221133112312223231011122321332122302231323321220332312
000000001010102010001000000101011010203020202030200020111021031120301010101020211111120212030202121303013031203032122130012131322211331123122232310111223213321223022313233212203323133
000000001010102010001000000101011010203020202030200020111021031120301010101020211111120212030202121303013031203032122130012131322211331123122232310111223213321223022313233212203323213
00000000101010201000100000010101101020302020203020002011102103112030101010102021111112021203020212130301303120303212213001213132221133112312223231011122321332122302231323321220332322321
00000000101010201000100000010101101020302020203020002011102103112030101010102021111112021203020212130301303120303212213001213132221133112312223231011122321332122302231323321220332322322
000000001010102010001000000101011010203020202030200020111021031120301010101020211111120212030202121303013031203032122130012131322211331123122232310111223213321223022313233212203323223232
00000000101010201000100000010101101020302020203020002011102103112030101010102021111112021203020212130301303120303212213001213132221133112312223231011122321332122302231323321220332322323330
00000000101010201000100000010101101020302020203020002011102103112030101010102021111112021203020212130301303120303212213001213132221133112312223231011122321332122302231323321220332322323331
00000000101010201000100000010101101020302020203020002011102103112030101010102021111112021203020212130301303120303212213001213132221133112312223231011122321332122302231323321220332322323332
00000000101010201000100000010101101020302020203020002011102103112030101010102021111112021203020212130301303120303212213001213132221133112312223231011122321332122302231323321220332322323333
00000000101010201000100000010101101020302020203020002011102103112030101010102021111112021203020212130301303120303212213001213132221133112312223231011122321332122302231323321220332323
000000001010102010001000000101011010203020202030200020111021031120301010101020211111120212030202121303013031203032122130012131322211331123122232310111223213321223022313233212203323311
000000001010102010001000000101011010203020202030200020111021031120301010101020211111120212030202121303013031203032122130012131322211331123122232310111223213321223022313233212203323312
000000001010102010001000000101011010203020202030200020111021031120301010101020211111120212030202121303013031203032122130012131322211331123122232310111223213321223022313233212203323313
000000001010102010001000000101011010203020202030200020111021031120301010101020211111120212030202121303013031203032122130012131322211331123122232310111223213321223022313233212203323322
000000001010102010001000000101011010203020202030200020111021031120301010101020211111120212030202121303013031203032122130012131322211331123122232310111223213321223022313233212203323323
000000001010102010001000000101011010203020202030200020111021031120301010101020211111120212030202121303013031203032122130012131322211331123122232310111223213321223022313233212203323333
00000000101010201000100000010101101020302020203020002011102103112030101010102021111112021203020212130301303120303212213001213132221133112312223231011122321332122302231323321220333
0000000010101020100010000001010110102030202020302000201110210311203010101010202111111202120302021213030130312030321221300121313222113311231222323101112232133212230223132332123
000000001010102010001000000101011010203020202030200020111021031120301010101020211111120212030202121303013031203032122130012131322211331123122232310111223213321223022313233213
00000000101010201000100000010101101020302020203020002011102103112030101010102021111112021203020212130301303120303212213001213132221133112312223231011122321332122302232
00000000101010201000100000010101101020302020203020002011102103112030101010102021111112021203020212130301303120303212213001213132221133112312223231011122321332122302233
00000000101010201000100000010101101020302020203020002011102103112030101010102021111112021203020212130301303120303212213001213132221133112312223231011122321332122303
0000000010101020100010000001010110102030202020302000201110210311203010101010202111111202120302021213030130312030321221300121313222113311231222323101112232133213
00000000101010201000100000010101101020302020203020002011102103112030101010102021111112021203020212130301303120303212213001213132221133112312223231012
00000000101010201000100000010101101020302020203020002011102103112030101010102021111112021203020212130301303120303212213001213132221133112312223231013
00000000101010201000100000010101101020302020203020002011102103112030101010102021111112021203020212130301303120303212213001213132221133112312223231020
00000000101010201000100000010101101020302020203020002011102103112030101010102021111112021203020212130301303120303212213001213132221133112312223231021
00000000101010201000100000010101101020302020203020002011102103112030101010102021111112021203020212130301303120303212213001213132221133112312223231022
00000000101010201000100000010101101020302020203020002011102103112030101010102021111112021203020212130301303120303212213001213132221133112312223231023
00000000101010201000100000010101101020302020203020002011102103112030101010102021111112021203020212130301303120303212213001213132221133112312223231030
00000000101010201000100000010101101020302020203020002011102103112030101010102021111112021203020212130301303120303212213001213132221133112312223231031
00000000101010201000100000010101101020302020203020002011102103112030101010102021111112021203020212130301303120303212213001213132221133112312223231032
00000000101010201000100000010101101020302020203020002011102103112030101010102021111112021203020212130301303120303212213001213132221133112312223231033
00000000101010201000100000010101101020302020203020002011102103112030101010102021111112021203020212130301303120303212213001213132221133112313
000000001010102010001000000101011010203020202030200020111021031120301010101020211111120212030202121303013031203032122130013
000000001010102010001000000101011010203020202030200020111021031120301010101020211111120212030202121303013031203032122130022
000000001010102010001000000101011010203020202030200020111021031120301010101020211111120212030202121303013031203032122130023
000000001010102010001000000101011010203020202030200020111021031120301010101020211111120212030202121303013031203032122130031
000000001010102010001000000101011010203020202030200020111021031120301010101020211111120212030202121303013031203032122130032
000000001010102010001000000101011010203020202030200020111021031120301010101020211111120212030202121303013031203032122130033
000000001010102010001000000101011010203020202030200020111021031120301010101020211111120212030203
0000000010101020100010000001010110102030202020302000201110210311203010101010203
000000001010102010001000000101011010203020202030200020111021031120302
000000001010102010001000000101011010203020202030200020111021031120303
00000000101010201000100000010101101020302020203020003
20000000100000201010102003020001001011010302000201102020
200000001000002010101020030200010010110103020002011020212030101010102011021030
200000001000002010101020030200010010110103020002011020212030101010102011021031130011111212030321220
200000001000002010101020030200010010110103020002011020212030101010102011021031130011111212030321221
200000001000002010101020030200010010110103020002011020212030101010102011021031130011111212030321222302120302020
2000000010000020101010200302000100101101030200020110202120301010101020110210311300111112120303212223021203020212130300
200000001000002010101020030200010010110103020002011020212030101010102011021031130011111212030321222302120302021213030122210
200000001000002010101020030200010010110103020002011020212030101010102011021031130011111212030321222302120302021213030122211330
200000001000002010101020030200010010110103020002011020212030101010102011021031130011111212030321222302120302021213030122211331113030
20000000100000201010102003020001001011010302000201102021203010101010201102103113001111121203032122230212030202121303012221133111303130
2000000010000020101010200302000100101101030200020110202120301010101020110210311300111112120303212223021203020212130301222113311130313131
200000001000002010101020030200010010110103020002011020212030101010102011021031130011111212030321222302120302021213030122211331113031313223101111
20000000100000201010102003020001001011010302000201102021203010101010201102103113001111121203032122230212030202121303012221133111303131322310111223212
2000000010000020101010200302000100101101030200020110202120301010101020110210311300111112120303212223021203020212130301222113311130313132231011122321331231221
2000000010000020101010200302000100101101030200020110202120301010101020110210311300111112120303212223021203020212130301222113311130313132231011122321331231222
2000000010000020101010200302000100101101030200020110202120301010101020110210311300111112120303212223021203020212130301222113311130313132231011122321331231223
20000000100000201010102003020001001011010302000201102021203010101010201102103113001111121203032122230212030202121303012221133111303131322310111223213312312301
20000000100000201010102003020001001011010302000201102021203010101010201102103113001111121203032122230212030202121303012221133111303131322310111223213312312302133
200000001000002010101020030200010010110103020002011020212030101010102011021031130011111212030321222302120302021213030122211331113031313223101112232133123123022121
200000001000002010101020030200010010110103020002011020212030101010102011021031130011111212030321222302120302021213030122211331113031313223101112232133123123022122
2000000010000020101010200302000100101101030200020110202120301010101020110210311300111112120303212223021203020212130301222113311130313132231011122321331231230221232032232
200000001000002010101020030200010010110103020002011020212030101010102011021031130011111212030321222302120302021213030122211331113031313223101112232133123123022123203223310
200000001000002010101020030200010010110103020002011020212030101010102011021031130011111212030321222302120302021213030122211331113031313223101112232133123123022123203223311
200000001000002010101020030200010010110103020002011020212030101010102011021031130011111212030321222302120302021213030122211331113031313223101112232133123123022123203223312
200000001000002010101020030200010010110103020002011020212030101010102011021031130011111212030321222302120302021213030122211331113031313223101112232133123123022123203223313
2000000010000020101010200302000100101101030200020110202120301010101020110210311300111112120303212223021203020212130301222113311130313132231011122321331231230221232032233202
2000000010000020101010200302000100101101030200020110202120301010101020110210311300111112120303212223021203020212130301222113311130313132231011122321331231230221232032233203
2000000010000020101010200302000100101101030200020110202120301010101020110210311300111112120303212223021203020212130301222113311130313132231011122321331231230221232032233211
2000000010000020101010200302000100101101030200020110202120301010101020110210311300111112120303212223021203020212130301222113311130313132231011122321331231230221232032233212213
200000001000002010101020030200010010110103020002011020212030101010102011021031130011111212030321222302120302021213030122211331113031313223101112232133123123022123203223321222
2000000010000020101010200302000100101101030200020110202120301010101020110210311300111112120303212223021203020212130301222113311130313132231011122321331231230221232032233212232
200000001000002010101020030200010010110103020002011020212030101010102011021031130011111212030321222302120302021213030122211331113031313223101112232133123123022123203223321223330
200000001000002010101020030200010010110103020002011020212030101010102011021031130011111212030321222302120302021213030122211331113031313223101112232133123123022123203223321223331222
200000001000002010101020030200010010110103020002011020212030101010102011021031130011111212030321222302120302021213030122211331113031313223101112232133123123022123203223321223331223
2000000010000020101010200302000100101101030200020110202120301010101020110210311300111112120303212223021203020212130301222113311130313132231011122321331231230221232032233212233312313
2000000010000020101010200302000100101101030200020110202120301010101020110210311300111112120303212223021203020212130301222113311130313132231011122321331231230221232032233212233312322
200000001000002010101020030200010010110103020002011020212030101010102011021031130011111212030321222302120302021213030122211331113031313223101112232133123123022123203223321223331232311
200000001000002010101020030200010010110103020002011020212030101010102011021031130011111212030321222302120302021213030122211331113031313223101112232133123123022123203223321223331232312
2000000010000020101010200302000100101101030200020110202120301010101020110210311300111112120303212223021203020212130301222113311130313132231011122321331231230221232032233212233312323132
2000000010000020101010200302000100101101030200020110202120301010101020110210311300111112120303212223021203020212130301222113311130313132231011122321331231230221232032233212233312323133
200000001000002010101020030200010010110103020002011020212030101010102011021031130011111212030321222302120302021213030122211331113031313223101112232133123123022123203223321223331232321
200000001000002010101020030200010010110103020002011020212030101010102011021031130011111212030321222302120302021213030122211331113031313223101112232133123123022123203223321223331232322
200000001000002010101020030200010010110103020002011020212030101010102011021031130011111212030321222302120302021213030122211331113031313223101112232133123123022123203223321223331232323
2000000010000020101010200302000100101101030200020110202120301010101020110210311300111112120303212223021203020212130301222113311130313132231011122321331231230221232032233212233312323311
2000000010000020101010200302000100101101030200020110202120301010101020110210311300111112120303212223021203020212130301222113311130313132231011122321331231230221232032233212233312323312
2000000010000020101010200302000100101101030200020110202120301010101020110210311300111112120303212223021203020212130301222113311130313132231011122321331231230221232032233212233312323313
2000000010000020101010200302000100101101030200020110202120301010101020110210311300111112120303212223021203020212130301222113311130313132231011122321331231230221232032233212233312323323
2000000010000020101010200302000100101101030200020110202120301010101020110210311300111112120303212223021203020212130301222113311130313132231011122321331231230221232032233212233312323331
2000000010000020101010200302000100101101030200020110202120301010101020110210311300111112120303212223021203020212130301222113311130313132231011122321331231230221232032233212233312323332
200000001000002010101020030200010010110103020002011020212030101010102011021031130011111212030321222302120302021213030122211331113031313223101112232133123123022123203223321223331232333331
200000001000002010101020030200010010110103020002011020212030101010102011021031130011111212030321222302120302021213030122211331113031313223101112232133123123022123203223321223331232333332
200000001000002010101020030200010010110103020002011020212030101010102011021031130011111212030321222302120302021213030122211331113031313223101112232133123123022123203223321223331232333333
200000001000002010101020030200010010110103020002011020212030101010102011021031130011111212030321222302120302021213030122211331113031313223101112232133123123022123203223321223331233
200000001000002010101020030200010010110103020002011020212030101010102011021031130011111212030321222302120302021213030122211331113031313223101112232133123123022123203223321223332
200000001000002010101020030200010010110103020002011020212030101010102011021031130011111212030321222302120302021213030122211331113031313223101112232133123123022123203223321223333
20000000100000201010102003020001001011010302000201102021203010101010201102103113001111121203032122230212030202121303012221133111303131322310111223213312312302212320322332123
20000000100000201010102003020001001011010302000201102021203010101010201102103113001111121203032122230212030202121303012221133111303131322310111223213312312302212320322332130
20000000100000201010102003020001001011010302000201102021203010101010201102103113001111121203032122230212030202121303012221133111303131322310111223213312312302212320322332131
20000000100000201010102003020001001011010302000201102021203010101010201102103113001111121203032122230212030202121303012221133111303131322310111223213312312302212320322332132
20000000100000201010102003020001001011010302000201102021203010101010201102103113001111121203032122230212030202121303012221133111303131322310111223213312312302212320322332133
20000000100000201010102003020001001011010302000201102021203010101010201102103113001111121203032122230212030202121303012221133111303131322310111223213312312302212320322333
20000000100000201010102003020001001011010302000201102021203010101010201102103113001111121203032122230212030202121303012221133111303131322310111223213312312302212320323
20000000100000201010102003020001001011010302000201102021203010101010201102103113001111121203032122230212030202121303012221133111303131322310111223213312312302213
20000000100000201010102003020001001011010302000201102021203010101010201102103113001111121203032122230212030202121303012221133111303131322310111223213312312303
20000000100000201010102003020001001011010302000201102021203010101010201102103113001111121203032122230212030202121303012221133111303131322310111223213312313
2000000010000020101010200302000100101101030200020110202120301010101020110210311300111112120303212223021203020212130301222113311130313132231012
2000000010000020101010200302000100101101030200020110202120301010101020110210311300111112120303212223021203020212130301222113311130313132231013
2000000010000020101010200302000100101101030200020110202120301010101020110210311300111112120303212223021203020212130301222113311130313132231020
2000000010000020101010200302000100101101030200020110202120301010101020110210311300111112120303212223021203020212130301222113311130313132231021
2000000010000020101010200302000100101101030200020110202120301010101020110210311300111112120303212223021203020212130301222113311130313132231022
2000000010000020101010200302000100101101030200020110202120301010101020110210311300111112120303212223021203020212130301222113311130313132231023
2000000010000020101010200302000100101101030200020110202120301010101020110210311300111112120303212223021203020212130301222113311130313132231030
2000000010000020101010200302000100101101030200020110202120301010101020110210311300111112120303212223021203020212130301222113311130313132231031
2000000010000020101010200302000100101101030200020110202120301010101020110210311300111112120303212223021203020212130301222113311130313132231032
2000000010000020101010200302000100101101030200020110202120301010101020110210311300111112120303212223021203020212130301222113311130313132231033
2000000010000020101010200302000100101101030200020110202120301010101020110210311300111112120303212223021203020212130301222113311131
2000000010000020101010200302000100101101030200020110202120301010101020110210311300111112120303212223021203020212130301222113311132
2000000010000020101010200302000100101101030200020110202120301010101020110210311300111112120303212223021203020212130301222113311133
200000001000002010101020030200010010110103020002011020212030101010102011021031130011111212030321222302120302021213030123
20000000100000201010102003020001001011010302000201102021203010101010201102103113001111121203032122230212030203
2000000010000020101010200302000100101101030200020110202120301010101020110210311300111113
20000000100000201010102003020001001011010302000201102021203010101010201102103113002
20000000100000201010102003020001001011010302000201102021203010101010201102103113003
20000000100000201010102003020001001011010302000201102021203010101010202
20000000100000201010102003020001001011010302000201102021203010101010203
2000000010000020101010200302000100101101030200020110202120302
2000000010000020101010200302000100101101030200020110202120303
200000001000002010101020030200010010110103020003
3000000010001000000101011010201010102003020202030200020111021030
300000001000100000010101101020101010200302020203020002011102103112030101010102012030321220
300000001000100000010101101020101010200302020203020002011102103112030101010102012030321221300111112130
300000001000100000010101101020101010200302020203020002011102103112030101010102012030321221300111112131202130300
3000000010001000000101011010201010102003020202030200020111021031120301010101020120303212213001111121312021303012030202121313030
3000000010001000000101011010201010102003020202030200020111021031120301010101020120303212213001111121312021303012030202121313031
300000001000100000010101101020101010200302020203020002011102103112030101010102012030321221300111112131202130301203020212131303211
3000000010001000000101011010201010102003020202030200020111021031120301010101020120303212213001111121312021303012030202121313032122210
3000000010001000000101011010201010102003020202030200020111021031120301010101020120303212213001111121312021303012030202121313032122211330
300000001000100000010101101020101010200302020203020002011102103112030101010102012030321221300111112131202130301203020212131303212221133113231220
300000001000100000010101101020101010200302020203020002011102103112030101010102012030321221300111112131202130301203020212131303212221133113231221
30000000100010000001010110102010101020030202020302000201110210311203010101010201203032122130011111213120213030120302021213130321222113311323122230
30000000100010000001010110102010101020030202020302000201110210311203010101010201203032122130011111213120213030120302021213130321222113311323122231
300000001000100000010101101020101010200302020203020002011102103112030101010102012030321221300111112131202130301203020212131303212221133113231222323101111
30000000100010000001010110102010101020030202020302000201110210311203010101010201203032122130011111213120213030120302021213130321222113311323122232310111223212
3000000010001000000101011010201010102003020202030200020111021031120301010101020120303212213001111121312021303012030202121313032122211331132312223231011122321331
3000000010001000000101011010201010102003020202030200020111021031120301010101020120303212213001111121312021303012030202121313032122211331132312223231011122321332121
3000000010001000000101011010201010102003020202030200020111021031120301010101020120303212213001111121312021303012030202121313032122211331132312223231011122321332122311221
3000000010001000000101011010201010102003020202030200020111021031120301010101020120303212213001111121312021303012030202121313032122211331132312223231011122321332122311222
3000000010001000000101011010201010102003020202030200020111021031120301010101020120303212213001111121312021303012030202121313032122211331132312223231011122321332122311223
30000000100010000001010110102010101020030202020302000201110210311203010101010201203032122130011111213120213030120302021213130321222113311323122232310111223213321223112313310
30000000100010000001010110102010101020030202020302000201110210311203010101010201203032122130011111213120213030120302021213130321222113311323122232310111223213321223112313311
30000000100010000001010110102010101020030202020302000201110210311203010101010201203032122130011111213120213030120302021213130321222113311323122232310111223213321223112313312
300000001000100000010101101020101010200302020203020002011102103112030101010102012030321221300111112131202130301203020212131303212221133113231222323101112232133212231123133133
300000001000100000010101101020101010200302020203020002011102103112030101010102012030321221300111112131202130301203020212131303212221133113231222323101112232133212231123133202
300000001000100000010101101020101010200302020203020002011102103112030101010102012030321221300111112131202130301203020212131303212221133113231222323101112232133212231123133203
300000001000100000010101101020101010200302020203020002011102103112030101010102012030321221300111112131202130301203020212131303212221133113231222323101112232133212231123133211
300000001000100000010101101020101010200302020203020002011102103112030101010102012030321221300111112131202130301203020212131303212221133113231222323101112232133212231123133212203222
300000001000100000010101101020101010200302020203020002011102103112030101010102012030321221300111112131202130301203020212131303212221133113231222323101112232133212231123133212203223
3000000010001000000101011010201010102003020202030200020111021031120301010101020120303212213001111121312021303012030202121313032122211331132312223231011122321332122311231332122032330
3000000010001000000101011010201010102003020202030200020111021031120301010101020120303212213001111121312021303012030202121313032122211331132312223231011122321332122311231332122032331
3000000010001000000101011010201010102003020202030200020111021031120301010101020120303212213001111121312021303012030202121313032122211331132312223231011122321332122311231332122032332
3000000010001000000101011010201010102003020202030200020111021031120301010101020120303212213001111121312021303012030202121313032122211331132312223231011122321332122311231332122032333
30000000100010000001010110102010101020030202020302000201110210311203010101010201203032122130011111213120213030120302021213130321222113311323122232310111223213321223112313321220331
3000000010001000000101011010201010102003020202030200020111021031120301010101020120303212213001111121312021303012030202121313032122211331132312223231011122321332122311231332122033223
300000001000100000010101101020101010200302020203020002011102103112030101010102012030321221300111112131202130301203020212131303212221133113231222323101112232133212231123133212203323213
30000000100010000001010110102010101020030202020302000201110210311203010101010201203032122130011111213120213030120302021213130321222113311323122232310111223213321223112313321220332322321
30000000100010000001010110102010101020030202020302000201110210311203010101010201203032122130011111213120213030120302021213130321222113311323122232310111223213321223112313321220332322322
300000001000100000010101101020101010200302020203020002011102103112030101010102012030321221300111112131202130301203020212131303212221133113231222323101112232133212231123133212203323223232
30000000100010000001010110102010101020030202020302000201110210311203010101010201203032122130011111213120213030120302021213130321222113311323122232310111223213321223112313321220332322323330
30000000100010000001010110102010101020030202020302000201110210311203010101010201203032122130011111213120213030120302021213130321222113311323122232310111223213321223112313321220332322323331
30000000100010000001010110102010101020030202020302000201110210311203010101010201203032122130011111213120213030120302021213130321222113311323122232310111223213321223112313321220332322323332
300000001000100000010101101020101010200302020203020002011102103112030101010102012030321221300111112131202130301203020212131303212221133113231222323101112232133212231123133212203323223233333
30000000100010000001010110102010101020030202020302000201110210311203010101010201203032122130011111213120213030120302021213130321222113311323122232310111223213321223112313321220332323
300000001000100000010101101020101010200302020203020002011102103112030101010102012030321221300111112131202130301203020212131303212221133113231222323101112232133212231123133212203323311
300000001000100000010101101020101010200302020203020002011102103112030101010102012030321221300111112131202130301203020212131303212221133113231222323101112232133212231123133212203323312
300000001000100000010101101020101010200302020203020002011102103112030101010102012030321221300111112131202130301203020212131303212221133113231222323101112232133212231123133212203323313
300000001000100000010101101020101010200302020203020002011102103112030101010102012030321221300111112131202130301203020212131303212221133113231222323101112232133212231123133212203323322
300000001000100000010101101020101010200302020203020002011102103112030101010102012030321221300111112131202130301203020212131303212221133113231222323101112232133212231123133212203323323
300000001000100000010101101020101010200302020203020002011102103112030101010102012030321221300111112131202130301203020212131303212221133113231222323101112232133212231123133212203323333
30000000100010000001010110102010101020030202020302000201110210311203010101010201203032122130011111213120213030120302021213130321222113311323122232310111223213321223112313321220333
3000000010001000000101011010201010102003020202030200020111021031120301010101020120303212213001111121312021303012030202121313032122211331132312223231011122321332122311231332123
300000001000100000010101101020101010200302020203020002011102103112030101010102012030321221300111112131202130301203020212131303212221133113231222323101112232133212231123133213
3000000010001000000101011010201010102003020202030200020111021031120301010101020120303212213001111121312021303012030202121313032122211331132312223231011122321332122311232
3000000010001000000101011010201010102003020202030200020111021031120301010101020120303212213001111121312021303012030202121313032122211331132312223231011122321332122311233
3000000010001000000101011010201010102003020202030200020111021031120301010101020120303212213001111121312021303012030202121313032122211331132312223231011122321332122312
3000000010001000000101011010201010102003020202030200020111021031120301010101020120303212213001111121312021303012030202121313032122211331132312223231011122321332122313
300000001000100000010101101020101010200302020203020002011102103112030101010102012030321221300111112131202130301203020212131303212221133113231222323101112232133213
3000000010001000000101011010201010102003020202030200020111021031120301010101020120303212213001111121312021303012030202121313032122211331132312223231012
3000000010001000000101011010201010102003020202030200020111021031120301010101020120303212213001111121312021303012030202121313032122211331132312223231013
3000000010001000000101011010201010102003020202030200020111021031120301010101020120303212213001111121312021303012030202121313032122211331132312223231020
3000000010001000000101011010201010102003020202030200020111021031120301010101020120303212213001111121312021303012030202121313032122211331132312223231021
3000000010001000000101011010201010102003020202030200020111021031120301010101020120303212213001111121312021303012030202121313032122211331132312223231022
3000000010001000000101011010201010102003020202030200020111021031120301010101020120303212213001111121312021303012030202121313032122211331132312223231023
3000000010001000000101011010201010102003020202030200020111021031120301010101020120303212213001111121312021303012030202121313032122211331132312223231030
3000000010001000000101011010201010102003020202030200020111021031120301010101020120303212213001111121312021303012030202121313032122211331132312223231031
3000000010001000000101011010201010102003020202030200020111021031120301010101020120303212213001111121312021303012030202121313032122211331132312223231032
3000000010001000000101011010201010102003020202030200020111021031120301010101020120303212213001111121312021303012030202121313032122211331132312223231033
3000000010001000000101011010201010102003020202030200020111021031120301010101020120303212213001111121312021303012030202121313032122211331132313
30000000100010000001010110102010101020030202020302000201110210311203010101010201203032122130011111213120213030120302021213131
30000000100010000001010110102010101020030202020302000201110210311203010101010201203032122130011111213120213030120302021213132
30000000100010000001010110102010101020030202020302000201110210311203010101010201203032122130011111213120213030120302021213133
30000000100010000001010110102010101020030202020302000201110210311203010101010201203032122130011111213120213030120302022
30000000100010000001010110102010101020030202020302000201110210311203010101010201203032122130011111213120213030120302023
3000000010001000000101011010201010102003020202030200020111021031120301010101020120303212213001111121312021303012030203
300000001000100000010101101020101010200302020203020002011102103112030101010102012030321221300111113
3000000010001000000101011010201010102003020202030200020111021031120301010101020120303212213002
3000000010001000000101011010201010102003020202030200020111021031120301010101020120303212213003
30000000100010000001010110102010101020030202020302000201110210311203010101010202
30000000100010000001010110102010101020030202020302000201110210311203010101010203
3000000010001000000101011010201010102003020202030200020111021031120302
3000000010001000000101011010201010102003020202030200020111021031120303
300000001000100000010101101020101010200302020203020003
300000002
300000003
1000000001000010101011000100101101020200302020203020002021030
1000000001000010101011000100101101020200302020203020002021031120301010101020110
1000000001000010101011000100101101020200302020203020002021031120301010101020111220
100000000100001010101100010010110102020030202020302000202103112030101010102011122130011111212030321330
100000000100001010101100010010110102020030202020302000202103112030101010102011122130011111212030321331112021203020212130300
1000000001000010101011000100101101020200302020203020002021031120301010101020111221300111112120303213311120212030202121303013030
100000000100001010101100010010110102020030202020302000202103112030101010102011122130011111212030321331112021203020212130301303130
10000000010000101010110001001011010202003020202030200020210311203010101010201112213001111121203032133111202120302021213030130313131
100000000100001010101100010010110102020030202020302000202103112030101010102011122130011111212030321331112021203020212130301303131322211
1000000001000010101011000100101101020200302020203020002021031120301010101020111221300111112120303213311120212030202121303013031313222122321331231220
1000000001000010101011000100101101020200302020203020002021031120301010101020111221300111112120303213311120212030202121303013031313222122321331231221
100000000100001010101100010010110102020030202020302000202103112030101010102011122130011111212030321331112021203020212130301303131322212232133123122230
100000000100001010101100010010110102020030202020302000202103112030101010102011122130011111212030321331112021203020212130301303131322212232133123122231
1000000001000010101011000100101101020200302020203020002021031120301010101020111221300111112120303213311120212030202121303013031313222122321331231222323101112
1000000001000010101011000100101101020200302020203020002021031120301010101020111221300111112120303213311120212030202121303013031313222122321331231222323101113
1000000001000010101011000100101101020200302020203020002021031120301010101020111221300111112120303213311120212030202121303013031313222122321331231222323101121
1000000001000010101011000100101101020200302020203020002021031120301010101020111221300111112120303213311120212030202121303013031313222122321331231222323101122301
1000000001000010101011000100101101020200302020203020002021031120301010101020111221300111112120303213311120212030202121303013031313222122321331231222323101122302133
10000000010000101010110001001011010202003020202030200020210311203010101010201112213001111121203032133111202120302021213030130313132221223213312312223231011223022132
100000000100001010101100010010110102020030202020302000202103112030101010102011122130011111212030321331112021203020212130301303131322212232133123122232310112230221332032232
10000000010000101010110001001011010202003020202030200020210311203010101010201112213001111121203032133111202120302021213030130313132221223213312312223231011223022133203223310
10000000010000101010110001001011010202003020202030200020210311203010101010201112213001111121203032133111202120302021213030130313132221223213312312223231011223022133203223311
10000000010000101010110001001011010202003020202030200020210311203010101010201112213001111121203032133111202120302021213030130313132221223213312312223231011223022133203223312
10000000010000101010110001001011010202003020202030200020210311203010101010201112213001111121203032133111202120302021213030130313132221223213312312223231011223022133203223313
100000000100001010101100010010110102020030202020302000202103112030101010102011122130011111212030321331112021203020212130301303131322212232133123122232310112230221332032233202
100000000100001010101100010010110102020030202020302000202103112030101010102011122130011111212030321331112021203020212130301303131322212232133123122232310112230221332032233203
100000000100001010101100010010110102020030202020302000202103112030101010102011122130011111212030321331112021203020212130301303131322212232133123122232310112230221332032233211
10000000010000101010110001001011010202003020202030200020210311203010101010201112213001111121203032133111202120302021213030130313132221223213312312223231011223022133203223321221
10000000010000101010110001001011010202003020202030200020210311203010101010201112213001111121203032133111202120302021213030130313132221223213312312223231011223022133203223321222330
10000000010000101010110001001011010202003020202030200020210311203010101010201112213001111121203032133111202120302021213030130313132221223213312312223231011223022133203223321222331221
10000000010000101010110001001011010202003020202030200020210311203010101010201112213001111121203032133111202120302021213030130313132221223213312312223231011223022133203223321222331222
10000000010000101010110001001011010202003020202030200020210311203010101010201112213001111121203032133111202120302021213030130313132221223213312312223231011223022133203223321222331223
100000000100001010101100010010110102020030202020302000202103112030101010102011122130011111212030321331112021203020212130301303131322212232133123122232310112230221332032233212223312313
1000000001000010101011000100101101020200302020203020002021031120301010101020111221300111112120303213311120212030202121303013031313222122321331231222323101122302213320322332122233123223
10000000010000101010110001001011010202003020202030200020210311203010101010201112213001111121203032133111202120302021213030130313132221223213312312223231011223022133203223321222331232311
10000000010000101010110001001011010202003020202030200020210311203010101010201112213001111121203032133111202120302021213030130313132221223213312312223231011223022133203223321222331232312
100000000100001010101100010010110102020030202020302000202103112030101010102011122130011111212030321331112021203020212130301303131322212232133123122232310112230221332032233212223312323132
100000000100001010101100010010110102020030202020302000202103112030101010102011122130011111212030321331112021203020212130301303131322212232133123122232310112230221332032233212223312323133
10000000010000101010110001001011010202003020202030200020210311203010101010201112213001111121203032133111202120302021213030130313132221223213312312223231011223022133203223321222331232321
10000000010000101010110001001011010202003020202030200020210311203010101010201112213001111121203032133111202120302021213030130313132221223213312312223231011223022133203223321222331232322
10000000010000101010110001001011010202003020202030200020210311203010101010201112213001111121203032133111202120302021213030130313132221223213312312223231011223022133203223321222331232323
100000000100001010101100010010110102020030202020302000202103112030101010102011122130011111212030321331112021203020212130301303131322212232133123122232310112230221332032233212223312323311
100000000100001010101100010010110102020030202020302000202103112030101010102011122130011111212030321331112021203020212130301303131322212232133123122232310112230221332032233212223312323312
100000000100001010101100010010110102020030202020302000202103112030101010102011122130011111212030321331112021203020212130301303131322212232133123122232310112230221332032233212223312323313
100000000100001010101100010010110102020030202020302000202103112030101010102011122130011111212030321331112021203020212130301303131322212232133123122232310112230221332032233212223312323322
100000000100001010101100010010110102020030202020302000202103112030101010102011122130011111212030321331112021203020212130301303131322212232133123122232310112230221332032233212223312323323
10000000010000101010110001001011010202003020202030200020210311203010101010201112213001111121203032133111202120302021213030130313132221223213312312223231011223022133203223321222331232333331
10000000010000101010110001001011010202003020202030200020210311203010101010201112213001111121203032133111202120302021213030130313132221223213312312223231011223022133203223321222331232333332
10000000010000101010110001001011010202003020202030200020210311203010101010201112213001111121203032133111202120302021213030130313132221223213312312223231011223022133203223321222331232333333
10000000010000101010110001001011010202003020202030200020210311203010101010201112213001111121203032133111202120302021213030130313132221223213312312223231011223022133203223321222331233
10000000010000101010110001001011010202003020202030200020210311203010101010201112213001111121203032133111202120302021213030130313132221223213312312223231011223022133203223321222332
10000000010000101010110001001011010202003020202030200020210311203010101010201112213001111121203032133111202120302021213030130313132221223213312312223231011223022133203223321222333
10000000010000101010110001001011010202003020202030200020210311203010101010201112213001111121203032133111202120302021213030130313132221223213312312223231011223022133203223321223
1000000001000010101011000100101101020200302020203020002021031120301010101020111221300111112120303213311120212030202121303013031313222122321331231222323101122302213320322332123
1000000001000010101011000100101101020200302020203020002021031120301010101020111221300111112120303213311120212030202121303013031313222122321331231222323101122302213320322332130
1000000001000010101011000100101101020200302020203020002021031120301010101020111221300111112120303213311120212030202121303013031313222122321331231222323101122302213320322332131
1000000001000010101011000100101101020200302020203020002021031120301010101020111221300111112120303213311120212030202121303013031313222122321331231222323101122302213320322332132
1000000001000010101011000100101101020200302020203020002021031120301010101020111221300111112120303213311120212030202121303013031313222122321331231222323101122302213320322332133
1000000001000010101011000100101101020200302020203020002021031120301010101020111221300111112120303213311120212030202121303013031313222122321331231222323101122302213320322333
1000000001000010101011000100101101020200302020203020002021031120301010101020111221300111112120303213311120212030202121303013031313222122321331231222323101122302213320323
1000000001000010101011000100101101020200302020203020002021031120301010101020111221300111112120303213311120212030202121303013031313222122321331231222323101122303
10000000010000101010110001001011010202003020202030200020210311203010101010201112213001111121203032133111202120302021213030130313132221223213312312223231012
10000000010000101010110001001011010202003020202030200020210311203010101010201112213001111121203032133111202120302021213030130313132221223213312312223231013
10000000010000101010110001001011010202003020202030200020210311203010101010201112213001111121203032133111202120302021213030130313132221223213312312223231020
10000000010000101010110001001011010202003020202030200020210311203010101010201112213001111121203032133111202120302021213030130313132221223213312312223231021
10000000010000101010110001001011010202003020202030200020210311203010101010201112213001111121203032133111202120302021213030130313132221223213312312223231022
10000000010000101010110001001011010202003020202030200020210311203010101010201112213001111121203032133111202120302021213030130313132221223213312312223231023
10000000010000101010110001001011010202003020202030200020210311203010101010201112213001111121203032133111202120302021213030130313132221223213312312223231030
10000000010000101010110001001011010202003020202030200020210311203010101010201112213001111121203032133111202120302021213030130313132221223213312312223231031
10000000010000101010110001001011010202003020202030200020210311203010101010201112213001111121203032133111202120302021213030130313132221223213312312223231032
10000000010000101010110001001011010202003020202030200020210311203010101010201112213001111121203032133111202120302021213030130313132221223213312312223231033
10000000010000101010110001001011010202003020202030200020210311203010101010201112213001111121203032133111202120302021213030130313132221223213312313
10000000010000101010110001001011010202003020202030200020210311203010101010201112213001111121203032133111202120302021213030131
10000000010000101010110001001011010202003020202030200020210311203010101010201112213001111121203032133111202120302021213030132
10000000010000101010110001001011010202003020202030200020210311203010101010201112213001111121203032133111202120302021213030133
10000000010000101010110001001011010202003020202030200020210311203010101010201112213001111121203032133111202120302022
10000000010000101010110001001011010202003020202030200020210311203010101010201112213001111121203032133111202120302023
1000000001000010101011000100101101020200302020203020002021031120301010101020111221300111112120303213311120212030203
1000000001000010101011000100101101020200302020203020002021031120301010101020111221300111113
10000000010000101010110001001011010202003020202030200020210311203010101010201112213002
10000000010000101010110001001011010202003020202030200020210311203010101010201112213003
10000000010000101010110001001011010202003020202030200020210311203010101010202
10000000010000101010110001001011010202003020202030200020210311203010101010203
1000000001000010101011000100101101020200302020203020002021031120302
1000000001000010101011000100101101020200302020203020002021031120303
1000000001000010101011000100101101020200302020203020003
