20000
21000
220
230
2010
2020
20300
20010
20020
20030
20001
20002
20003
2110
2120
2130
21010
21020
21030
21001
21002
21003
221
222
223
231
232
233
2011
2012
2013
2021
2022
2023
20310
2032
20330
20301
20302
20303
20011
20012
20013
20021
20022
20023
20031
20032
20033
2111
2112
2113
2121
2122
2123
2131
2132
2133
21011
21012
21013
21021
21022
21023
21031
21032
21033
20311
20312
20313
20331
20332
20333
30000
310
3200
3300
3010
3020
30300
30010
30020
30030
30001
30002
30003
311
312
313
3210
3220
3230
3201
3202
3203
3310
3320
333
3301
3302
3303
3011
3012
3013
3021
3022
3023
30310
30320
30330
30301
30302
30303
30011
30012
30013
30021
30022
30023
30031
30032
30033
3211
3212
3213
3221
3222
3223
3231
3232
3233
3311
3312
3313
3321
3322
3323
30311
30312
30313
30321
30322
30323
30331
30332
30333
00000
01000
020
030
0010
0020
0030
00010
00020
00030
00001
00002
00003
0110
0120
0130
01010
01020
01030
01001
01002
01003
021
022
023
031
032
033
0011
0012
0013
0021
0022
0023
00310
00320
00330
00011
00012
00013
00021
00022
00023
00031
00032
00033
0111
0112
0113
0121
0122
0123
0131
0132
0133
01011
01012
01013
01021
01022
01023
01031
01032
01033
00311
00312
00313
00321
00322
00323
00331
00332
00333
10000
11000
120
130
1010
1020
10300
10010
10020
10030
10001
10002
10003
1110
1120
1130
11010
11020
11030
11001
11002
11003
121
122
123
131
132
133
1011
1012
1013
1021
1022
1023
1031
10320
10330
10301
10302
10303
10011
10012
10013
10021
10022
10023
10031
10032
10033
1111
1112
1113
1121
1122
1123
1131
1132
1133
11011
11012
11013
11021
11022
11023
11031
11032
11033
10321
10322
10323
10331
10332
10333
