100
110000
120
130
101
102
103
1110
1120
1130
1101
11020
11030
110010
110020
110030
110001
110002
110003
121
122
123
131
132
133
1111
1112
1113
1121
1122
1123
1131
1132
1133
11021
11022
11023
11031
11032
11033
110011
110012
110013
110021
110022
110023
110031
110032
110033
20000
210
220
230
20100
202
2030
20010
20020
20030
20001
20002
20003
211
212
213
221
222
223
231
232
233
20110
20120
20130
20101
20102
20103
2031
2032
2033
20011
20012
20013
20021
20022
20023
20031
20032
20033
20111
20112
20113
20121
20122
20123
20131
20132
20133
000
0100
020
030
00100
0020
0030
0110
0120
0130
0101
0102
0103
021
022
023
031
032
033
00110
00120
00130
00101
00102
00103
0021
0022
0023
0031
0032
0033
0111
0112
0113
0121
0122
0123
0131
0132
0133
00111
00112
00113
00121
00122
00123
00131
00132
00133
3000
3100
3200
33
3010
3020
3030
3001
3002
3003
3110
3120
3130
3101
3102
3103
3210
3220
3230
3201
3202
3203
3011
3012
3013
3021
3022
3023
3031
3032
3033
3111
3112
3113
3121
3122
3123
3131
3132
3133
3211
3212
3213
3221
3222
3223
3231
3232
3233
