0000000
0100
0200
03000
0010
0020
00300
00010
00020
0003000
0000100
000020
000030
00000100
0000020
0000030
0000001
0000002
0000003
0110
0120
0130
0101
0102
0103
021000
022000
0230
0201
0202
0203
0310
0320
0330
03010
03020
03030
030010
030020
030030
0011
0012
0013
0021
0022
0023
00310
00320
00330
00301
00302
00303
00011
00012
00013
00021
00022
00023
000310
0003200
000330
0003010
0003020
0003030
0003001
0003002
0003003
0000110
0000120
0000130
0000101
0000102
0000103
000021
000022
000023
000031
000032
000033
00000110
00000120
00000130
00000101
00000102
00000103
0000021
0000022
0000023
0000031
0000032
0000033
0111
0112
0113
0121
0122
0123
0131
0132
0133
02110
02120
02130
021010
021020
021030
021001
021002
021003
02210
02220
02230
022010
022020
022030
022001
022002
022003
0231
0232
0233
0311
0312
0313
0321
0322
0323
0331
0332
0333
03011
03012
03013
03021
03022
03023
03031
03032
03033
030011
030012
030013
030021
030022
030023
030031
030032
030033
00311
00312
00313
00321
00322
00323
00331
00332
00333
000311
000312
000313
0003210
0003220
0003230
0003201
0003202
0003203
000331
000332
000333
0003011
0003012
0003013
0003021
0003022
0003023
0003031
0003032
0003033
0000111
0000112
0000113
0000121
0000122
0000123
0000131
0000132
0000133
00000111
00000112
00000113
00000121
00000122
00000123
00000131
00000132
00000133
02111
02112
02113
02121
02122
02123
02131
02132
02133
021011
021012
021013
021021
021022
021023
021031
021032
021033
02211
02212
02213
02221
02222
02223
02231
02232
02233
022011
022012
022013
022021
022022
022023
022031
022032
022033
0003211
0003212
0003213
0003221
0003222
0003223
0003231
0003232
0003233
200000000
210
22000
230
20100
202
20300
200100
20020
200300
200010
200020
200030
2000010
2000020
2000030
200000100
20000020
20000030
2000000100
200000020
200000030
200000001
200000002
200000003
211
212
213
2210
22200
2230
22010
22020
22030
22001
22002
22003
231
232
233
2011000
2012000
20130
20101
20102
20103
20310
20320
20330
20301
20302
20303
200110
200120
200130
200101
200102
200103
20021
20022
20023
200310
200320
200330
200301
200302
200303
200011
200012
200013
200021
200022
200023
200031
200032
200033
2000011
2000012
2000013
2000021
2000022
2000023
2000031
2000032
2000033
200000110
200000120
200000130
200000101
200000102
200000103
20000021
20000022
20000023
20000031
20000032
20000033
2000000110
2000000120
2000000130
2000000101
2000000102
2000000103
200000021
200000022
200000023
200000031
200000032
200000033
2211
2212
2213
22210
22220
22230
22201
22202
22203
2231
2232
2233
22011
22012
22013
22021
22022
22023
22031
22032
22033
201110
201120
201130
2011010
2011020
2011030
2011001
2011002
2011003
201210
201220
201230
2012010
2012020
2012030
2012001
2012002
2012003
20131
20132
20133
20311
20312
20313
20321
20322
20323
20331
20332
20333
200111
200112
200113
200121
200122
200123
200131
200132
200133
200311
200312
200313
200321
200322
200323
200331
200332
200333
200000111
200000112
200000113
200000121
200000122
200000123
200000131
200000132
200000133
2000000111
2000000112
2000000113
2000000121
2000000122
2000000123
2000000131
2000000132
2000000133
22211
22212
22213
22221
22222
22223
22231
22232
22233
201111
201112
201113
201121
201122
201123
201131
201132
201133
2011011
2011012
2011013
2011021
2011022
2011023
2011031
2011032
2011033
201211
201212
201213
201221
201222
201223
201231
201232
201233
2012011
2012012
2012013
2012021
2012022
2012023
2012031
2012032
2012033
1000
11000000
12000
130000
1010
10200
1030
1001
1002
1003
1110
1120
113000
110100
11020
11030
110010
110020
110030
1100010
1100020
110003000
11000010
11000020
11000030
11000001
11000002
11000003
1210
1220
1230
12010
12020
12030
12001
12002
12003
1310
1320
1330
13010
13020
130300
130010
130020
130030
130001
130002
130003
1011
1012
1013
10210
10220
10230
10201
10202
10203
1031
1032
1033
1111
1112
1113
1121
1122
1123
11310
11320
11330
11301
113020
113030
113001
113002
113003
110110
110120
110130
110101
110102
110103
11021
11022
11023
11031
11032
11033
110011
110012
110013
110021
110022
110023
110031
110032
110033
1100011
1100012
1100013
1100021
1100022
1100023
11000310
110003200
11000330
110003010
110003020
110003030
110003001
110003002
110003003
11000011
11000012
11000013
11000021
11000022
11000023
11000031
11000032
11000033
1211
1212
1213
1221
1222
1223
1231
1232
1233
12011
12012
12013
12021
12022
12023
12031
12032
12033
1311
1312
1313
1321
1322
1323
1331
1332
1333
13011
13012
13013
13021
13022
13023
130310
130320
130330
130301
130302
130303
130011
130012
130013
130021
130022
130023
130031
130032
130033
10211
10212
10213
10221
10222
10223
10231
10232
10233
11311
11312
11313
11321
11322
11323
11331
11332
11333
113021
113022
113023
113031
113032
113033
110111
110112
110113
110121
110122
110123
110131
110132
110133
11000311
11000312
11000313
110003210
110003220
110003230
110003201
110003202
110003203
11000331
11000332
11000333
110003011
110003012
110003013
110003021
110003022
110003023
110003031
110003032
110003033
130311
130312
130313
130321
130322
130323
130331
130332
130333
110003211
110003212
110003213
110003221
110003222
110003223
110003231
110003232
110003233
30000000
31000
320
33000
30100
30200
30300
30010
30020
30030
300010
300020
30003000
3000010
3000020
3000030
300000100
30000020
30000030
30000001
30000002
30000003
3110
3120
3130
31010
31020
310300
31001
31002
31003
321
322
323
3310
3320
3330
33010
33020
3303
33001
33002
33003
30110
30120
30130
30101
30102
30103
30210
3022000
30230
30201
30202
30203
30310
30320
30330
30301
30302
30303
30011
30012
30013
30021
30022
30023
30031
30032
30033
300011
300012
300013
300021
300022
300023
3000310
30003200
3000330
30003010
30003020
30003030
30003001
30003002
30003003
3000011
3000012
3000013
3000021
3000022
3000023
3000031
3000032
3000033
300000110
300000120
300000130
300000101
300000102
300000103
30000021
30000022
30000023
30000031
30000032
30000033
3111
3112
3113
3121
3122
3123
3131
3132
3133
31011
31012
31013
31021
31022
31023
310310
310320
310330
310301
310302
310303
3311
3312
3313
3321
3322
3323
3331
3332
3333
33011
33012
33013
33021
33022
33023
30111
30112
30113
30121
30122
30123
30131
30132
30133
30211
30212
30213
302210
302220
302230
3022010
3022020
3022030
3022001
3022002
3022003
30231
30232
30233
30311
30312
30313
30321
30322
30323
30331
30332
30333
3000311
3000312
3000313
30003210
30003220
30003230
30003201
30003202
30003203
3000331
3000332
3000333
30003011
30003012
30003013
30003021
30003022
30003023
30003031
30003032
30003033
300000111
300000112
300000113
300000121
300000122
300000123
300000131
300000132
300000133
310311
310312
310313
310321
310322
310323
310331
310332
310333
302211
302212
302213
302221
302222
302223
302231
302232
302233
3022011
3022012
3022013
3022021
3022022
3022023
3022031
3022032
3022033
30003211
30003212
30003213
30003221
30003222
30003223
30003231
30003232
30003233
