000010200100102020301030200
0000102001001020203010302011210
0000102001001020203010302011211112122130220130311
000010200100102020301030201121111212213022013031230321
000010200100102020301030201121111212213022013031230322231331
00001020010010202030103020112111121221302201303123032223133232
000010200100102020301030201121111212213022013031230322231332333
0000102001001020203010302011211112122130220130312312
0000102001001020203010302011211112122130220130312313
000010200100102020301030201121111212213022013031232100
000010200100102020301030201121111212213022013031232101
000010200100102020301030201121111212213022013031232102202
000010200100102020301030201121111212213022013031232102203
0000102001001020203010302011211112122130220130312321022110033
0000102001001020203010302011211112122130220130312321022110110
0000102001001020203010302011211112122130220130312321022110111
0000102001001020203010302011211112122130220130312321022110112
0000102001001020203010302011211112122130220130312321022110113
0000102001001020203010302011211112122130220130312321022110120
0000102001001020203010302011211112122130220130312321022110121
00001020010010202030103020112111121221302201303123210221101223020
00001020010010202030103020112111121221302201303123210221101223021
00001020010010202030103020112111121221302201303123210221101223022
00001020010010202030103020112111121221302201303123210221101223023
0000102001001020203010302011211112122130220130312321022110122303031
0000102001001020203010302011211112122130220130312321022110122303032
0000102001001020203010302011211112122130220130312321022110122303033
000010200100102020301030201121111212213022013031232102211012230313
000010200100102020301030201121111212213022013031232102211012230323
00001020010010202030103020112111121221302201303123210221101223033
000010200100102020301030201121111212213022013031232102211012231
0000102001001020203010302011211112122130220130312321022110122323
0000102001001020203010302011211112122130220130312321022110122330
000010200100102020301030201121111212213022013031232102211012233132
000010200100102020301030201121111212213022013031232102211012233133
000010200100102020301030201121111212213022013031232102212
000010200100102020301030201121111212213022013031232102213
000010200100102020301030201121111212213022013031232102223
3000000102001001020203010302011210
30000001020010010202030103020112111121221302200
3000000102001001020203010302011211112122130220130311
300000010200100102020301030201121111212213022013031230321
300000010200100102020301030201121111212213022013031230322231331
30000001020010010202030103020112111121221302201303123032223133232
300000010200100102020301030201121111212213022013031230322231332333
3000000102001001020203010302011211112122130220130312312
3000000102001001020203010302011211112122130220130312313
300000010200100102020301030201121111212213022013031232101
300000010200100102020301030201121111212213022013031232102202
300000010200100102020301030201121111212213022013031232102203
3000000102001001020203010302011211112122130220130312321022110110
3000000102001001020203010302011211112122130220130312321022110111
3000000102001001020203010302011211112122130220130312321022110112
3000000102001001020203010302011211112122130220130312321022110113
3000000102001001020203010302011211112122130220130312321022110120
3000000102001001020203010302011211112122130220130312321022110121
300000010200100102020301030201121111212213022013031232102211012231
30000001020010010202030103020112111121221302201303123210221101223233
30000001020010010202030103020112111121221302201303123210221101223303
3000000102001001020203010302011211112122130220130312321022110122331320
3000000102001001020203010302011211112122130220130312321022110122331321
3000000102001001020203010302011211112122130220130312321022110122331322
3000000102001001020203010302011211112122130220130312321022110122331323
300000010200100102020301030201121111212213022013031232102211012233133031
300000010200100102020301030201121111212213022013031232102211012233133032
300000010200100102020301030201121111212213022013031232102211012233133033
30000001020010010202030103020112111121221302201303123210221101223313313
30000001020010010202030103020112111121221302201303123210221101223313323
3000000102001001020203010302011211112122130220130312321022110122331333
30000001020010010202030103020112111121221302201303123210221102
30000001020010010202030103020112111121221302201303123210221103
300000010200100102020301030201121111212213022013031232102212
300000010200100102020301030201121111212213022013031232102213
300000010200100102020301030201121111212213022013031232102223
100000102001001020203010302011210
1000001020010010202030103020112111121221302200
100000102001001020203010302011211112122130220130311
10000010200100102020301030201121111212213022013031230321
10000010200100102020301030201121111212213022013031230322231331
1000001020010010202030103020112111121221302201303123032223133232
10000010200100102020301030201121111212213022013031230322231332333
100000102001001020203010302011211112122130220130312312
100000102001001020203010302011211112122130220130312313
1000001020010010202030103020112111121221302201303123211001
1000001020010010202030103020112111121221302201303123211002202
1000001020010010202030103020112111121221302201303123211002203
10000010200100102020301030201121111212213022013031232110022120
10000010200100102020301030201121111212213022013031232110022121
10000010200100102020301030201121111212213022013031232110022122
10000010200100102020301030201121111212213022013031232110022123
1000001020010010202030103020112111121221302201303123211002213031
100000102001001020203010302011211112122130220130312321100221303230110
100000102001001020203010302011211112122130220130312321100221303230111
100000102001001020203010302011211112122130220130312321100221303230112
100000102001001020203010302011211112122130220130312321100221303230113
100000102001001020203010302011211112122130220130312321100221303230120
100000102001001020203010302011211112122130220130312321100221303230121
100000102001001020203010302011211112122130220130312321100221303230122
1000001020010010202030103020112111121221302201303123211002213032301233
1000001020010010202030103020112111121221302201303123211002213032301303
100000102001001020203010302011211112122130220130312321100221303230131
100000102001001020203010302011211112122130220130312321100221303230132
100000102001001020203010302011211112122130220130312321100221303230133133
10000010200100102020301030201121111212213022013031232110022130323013323
1000001020010010202030103020112111121221302201303123211002213032301333
1000001020010010202030103020112111121221302201303123211002213032302
1000001020010010202030103020112111121221302201303123211002213032303
100000102001001020203010302011211112122130220130312321100221303231
100000102001001020203010302011211112122130220130312321100221303232
100000102001001020203010302011211112122130220130312321100221303233
1000001020010010202030103020112111121221302201303123211002223
2000010200100102020301030200
20000102001001020203010302011210
20000102001001020203010302011211112122130220130311
2000010200100102020301030201121111212213022013031230321
2000010200100102020301030201121111212213022013031230322231331
200001020010010202030103020112111121221302201303123032223133232
2000010200100102020301030201121111212213022013031230322231332333
20000102001001020203010302011211112122130220130312312
20000102001001020203010302011211112122130220130312313
2000010200100102020301030201121111212213022013031232100
2000010200100102020301030201121111212213022013031232101
20000102001001020203010302011211112122130220130312321022110033
20000102001001020203010302011211112122130220130312321022110110
20000102001001020203010302011211112122130220130312321022110111
20000102001001020203010302011211112122130220130312321022110112
20000102001001020203010302011211112122130220130312321022110113
20000102001001020203010302011211112122130220130312321022110120
20000102001001020203010302011211112122130220130312321022110121
200001020010010202030103020112111121221302201303123210221101223020
200001020010010202030103020112111121221302201303123210221101223021
200001020010010202030103020112111121221302201303123210221101223022
200001020010010202030103020112111121221302201303123210221101223023
20000102001001020203010302011211112122130220130312321022110122303031
20000102001001020203010302011211112122130220130312321022110122303032
20000102001001020203010302011211112122130220130312321022110122303033
2000010200100102020301030201121111212213022013031232102211012230313
2000010200100102020301030201121111212213022013031232102211012230323
200001020010010202030103020112111121221302201303123210221101223033
2000010200100102020301030201121111212213022013031232102211012231
20000102001001020203010302011211112122130220130312321022110122323
20000102001001020203010302011211112122130220130312321022110122330
2000010200100102020301030201121111212213022013031232102211012233132
2000010200100102020301030201121111212213022013031232102211012233133
2000010200100102020301030201121111212213022013031232102212
2000010200100102020301030201121111212213022013031232102213
2000010200100102020301030201121111212213022013031232102223
200001020010010202030103020112111121221302202
200001020010010202030103020112111121221302203
