0000
010000
020
0300
0010
0020
0030
0001
0002
0003
0110
01200
01300
0101000
01020
01030
010010000
010020
010030
010001
010002
010003
021
022
023
03100
0320
0330
0301
0302
0303
0011
0012
0013
0021
0022
0023
0031
0032
0033
0111
0112
0113
01210
01220
01230
01201
01202
01203
01310
01320
01330
013010
013020
0130300
010110
010120
010130
0101010
0101020
0101030
0101001
0101002
0101003
01021
01022
01023
01031
01032
01033
0100110
0100120
0100130
01001010
01001020
01001030
010010010
010010020
010010030
010010001
010010002
010010003
010021
010022
010023
010031
010032
010033
03110
03120
03130
03101
03102
03103
0321
0322
0323
0331
0332
0333
01211
01212
01213
01221
01222
01223
01231
01232
01233
01311
01312
01313
01321
01322
01323
01331
01332
01333
013011
013012
013013
013021
013022
013023
0130310
0130320
0130330
0130301
0130302
0130303
010111
010112
010113
010121
010122
010123
010131
010132
010133
0101011
0101012
0101013
0101021
0101022
0101023
0101031
0101032
0101033
0100111
0100112
0100113
0100121
0100122
0100123
0100131
0100132
0100133
01001011
01001012
01001013
01001021
01001022
01001023
01001031
01001032
01001033
010010011
010010012
010010013
010010021
010010022
010010023
010010031
010010032
010010033
03111
03112
03113
03121
03122
03123
03131
03132
03133
0130311
0130312
0130313
0130321
0130322
0130323
0130331
0130332
0130333
20000
21000
220
230
2010000
2020
2030
20010
20020
20030
20001
20002
20003
21100
21200000
2130
210100
2102
210300
21001
21002
21003
221
222
223
231
232
233
20110
20120
201300
201010
201020
201030
2010010
2010020
2010030
2010001
2010002
2010003
2021
2022
2023
2031
2032
2033
20011
20012
20013
20021
20022
20023
20031
20032
20033
21110
21120
21130
21101
21102
21103
21210
21220
21230
212010
212020
212030
2120010
2120020
2120030
21200010
21200020
21200030
21200001
21200002
21200003
2131
2132
2133
210110
210120
210130
210101
210102
210103
210310
210320
210330
210301
210302
210303
20111
20112
20113
20121
20122
20123
201310
201320
201330
201301
201302
201303
201011
201012
201013
201021
201022
201023
201031
201032
201033
2010011
2010012
2010013
2010021
2010022
2010023
2010031
2010032
2010033
21111
21112
21113
21121
21122
21123
21131
21132
21133
21211
21212
21213
21221
21222
21223
21231
21232
21233
212011
212012
212013
212021
212022
212023
212031
212032
212033
2120011
2120012
2120013
2120021
2120022
2120023
2120031
2120032
2120033
21200011
21200012
21200013
21200021
21200022
21200023
21200031
21200032
21200033
210111
210112
210113
210121
210122
210123
210131
210132
210133
210311
210312
210313
210321
210322
210323
210331
210332
210333
201311
201312
201313
201321
201322
201323
201331
201332
201333
1000000
11000
120000
130
1010
10200
1030
10010
10020
10030
100010
100020
100030
1000010
1000020
1000030
1000001
1000002
1000003
1110
11200000
1130
1101
11020
11030
11001
11002
11003
1210
1220
1230
12010
12020
12030
120010
120020
1200300
120001
120002
120003
131
132
133
1011
1012
1013
10210
10220
10230
10201
10202
10203
1031
1032
1033
10011
10012
10013
10021
10022
10023
10031
10032
10033
100011
100012
100013
100021
100022
100023
100031
100032
100033
1000011
1000012
1000013
1000021
1000022
1000023
1000031
1000032
1000033
1111
1112
1113
11210
11220
11230
112010
112020
112030
1120010
1120020
1120030
11200010
11200020
11200030
11200001
11200002
11200003
1131
1132
1133
11021
11022
11023
11031
11032
11033
1211
1212
1213
1221
1222
1223
1231
1232
1233
12011
12012
12013
12021
12022
12023
12031
12032
12033
120011
120012
120013
120021
120022
120023
1200310
1200320
1200330
1200301
1200302
1200303
10211
10212
10213
10221
10222
10223
10231
10232
10233
11211
11212
11213
11221
11222
11223
11231
11232
11233
112011
112012
112013
112021
112022
112023
112031
112032
112033
1120011
1120012
1120013
1120021
1120022
1120023
1120031
1120032
1120033
11200011
11200012
11200013
11200021
11200022
11200023
11200031
11200032
11200033
1200311
1200312
1200313
1200321
1200322
1200323
1200331
1200332
1200333
30000000
3100
320
33000
301000
3020000
3030
30010
30020
30030
300010
300020
300030
3000010
3000020
3000030
30000010
30000020
30000030
30000001
30000002
30000003
31100
3120
3130
3101
3102
3103
321
322
323
3310
3320
3330
33010
33020
33030
33001
33002
33003
30110
30120
30130
301010
301020
30103
301001
301002
301003
30210
30220
30230
302010
302020
302030
3020010
3020020
30200300
3020001
3020002
3020003
3031
3032
3033
30011
30012
30013
30021
30022
30023
30031
30032
30033
300011
300012
300013
300021
300022
300023
300031
300032
300033
3000011
3000012
3000013
3000021
3000022
3000023
3000031
3000032
3000033
30000011
30000012
30000013
30000021
30000022
30000023
30000031
30000032
30000033
31110
31120
31130
31101
31102
31103
3121
3122
3123
3131
3132
3133
3311
3312
3313
3321
3322
3323
3331
3332
3333
33011
33012
33013
33021
33022
33023
33031
33032
33033
30111
30112
30113
30121
30122
30123
30131
30132
30133
301011
301012
301013
301021
301022
301023
30211
30212
30213
30221
30222
30223
30231
30232
30233
302011
302012
302013
302021
302022
302023
302031
302032
302033
3020011
3020012
3020013
3020021
3020022
3020023
30200310
30200320
30200330
30200301
30200302
30200303
31111
31112
31113
31121
31122
31123
31131
31132
31133
30200311
30200312
30200313
30200321
30200322
30200323
30200331
30200332
30200333
