00010000010001011010011002002010000302011102112021100120300110102022031030301302030
00010000010001011010011002002010000302011102112021100120300110102022031030301302031011112120
00010000010001011010011002002010000302011102112021100120300110102022031030301302031011112121
0001000001000101101001100200201000030201110211202110012030011010202203103030130203101111212230
00010000010001011010011002002010000302011102112021100120300110102022031030301302031011112122313201321
000100000100010110100110020020100003020111021120211001203001101020220310303013020310111121223132013223110320
000100000100010110100110020020100003020111021120211001203001101020220310303013020310111121223132013223110321202
0001000001000101101001100200201000030201110211202110012030011010202203103030130203101111212231320132231103212032330
0001000001000101101001100200201000030201110211202110012030011010202203103030130203101111212231320132231103212032331221202130
0001000001000101101001100200201000030201110211202110012030011010202203103030130203101111212231320132231103212032331221202131
00010000010001011010011002002010000302011102112021100120300110102022031030301302031011112122313201322311032120323312212021322
000100000100010110100110020020100003020111021120211001203001101020220310303013020310111121223132013223110321203233122120213230212
0001000001000101101001100200201000030201110211202110012030011010202203103030130203101111212231320132231103212032331221202132302133122
00010000010001011010011002002010000302011102112021100120300110102022031030301302031011112122313201322311032120323312212021323021331231321021120
00010000010001011010011002002010000302011102112021100120300110102022031030301302031011112122313201322311032120323312212021323021331231321021121
0001000001000101101001100200201000030201110211202110012030011010202203103030130203101111212231320132231103212032331221202132302133123132102112220
00010000010001011010011002002010000302011102112021100120300110102022031030301302031011112122313201322311032120323312212021323021331231321021122211
0001000001000101101001100200201000030201110211202110012030011010202203103030130203101111212231320132231103212032331221202132302133123132102112221230
000100000100010110100110020020100003020111021120211001203001101020220310303013020310111121223132013223110321203233122120213230213312313210211222123130332
00010000010001011010011002002010000302011102112021100120300110102022031030301302031011112122313201322311032120323312212021323021331231321021122212313033313323
00010000010001011010011002002010000302011102112021100120300110102022031030301302031011112122313201322311032120323312212021323021331231321021122212313033313333
00010000010001011010011002002010000302011102112021100120300110102022031030301302031011112122313201322311032120323312212021323021331231321021122212321
00010000010001011010011002002010000302011102112021100120300110102022031030301302031011112122313201322311032120323312212021323021331231321021122212322311
00010000010001011010011002002010000302011102112021100120300110102022031030301302031011112122313201322311032120323312212021323021331231321021122212322312
00010000010001011010011002002010000302011102112021100120300110102022031030301302031011112122313201322311032120323312212021323021331231321021122212322313212
00010000010001011010011002002010000302011102112021100120300110102022031030301302031011112122313201322311032120323312212021323021331231321021122212322313213
00010000010001011010011002002010000302011102112021100120300110102022031030301302031011112122313201322311032120323312212021323021331231321021122212322313222222
000100000100010110100110020020100003020111021120211001203001101020220310303013020310111121223132013223110321203233122120213230213312313210211222123223132222233030
000100000100010110100110020020100003020111021120211001203001101020220310303013020310111121223132013223110321203233122120213230213312313210211222123223132222233031
000100000100010110100110020020100003020111021120211001203001101020220310303013020310111121223132013223110321203233122120213230213312313210211222123223132222233032
000100000100010110100110020020100003020111021120211001203001101020220310303013020310111121223132013223110321203233122120213230213312313210211222123223132222233033
0001000001000101101001100200201000030201110211202110012030011010202203103030130203101111212231320132231103212032331221202132302133123132102112221232231322222331
000100000100010110100110020020100003020111021120211001203001101020220310303013020310111121223132013223110321203233122120213230213312313210211222123223132222233233
0001000001000101101001100200201000030201110211202110012030011010202203103030130203101111212231320132231103212032331221202132302133123132102112221232231322222333
00010000010001011010011002002010000302011102112021100120300110102022031030301302031011112122313201322311032120323312212021323021331231321021122212322313222233
000100000100010110100110020020100003020111021120211001203001101020220310303013020310111121223132013223110321203233122120213230213312313210211222123223132223132
000100000100010110100110020020100003020111021120211001203001101020220310303013020310111121223132013223110321203233122120213230213312313210211222123223132223133
0001000001000101101001100200201000030201110211202110012030011010202203103030130203101111212231320132231103212032331221202132302133123132102112221232231322232
0001000001000101101001100200201000030201110211202110012030011010202203103030130203101111212231320132231103212032331221202132302133123132102112221232231322233
0001000001000101101001100200201000030201110211202110012030011010202203103030130203101111212231320132231103212032331221202132302133123132102112221232231323
00010000010001011010011002002010000302011102112021100120300110102022031030301302031011112122313201322311032120323312212021323021331231321021123
00010000010001011010011002002010000302011102112021100120300110102022031030301302031011112122313201322311032120323312212021323021331231321021130
00010000010001011010011002002010000302011102112021100120300110102022031030301302031011112122313201322311032120323312212021323021331231321021131
00010000010001011010011002002010000302011102112021100120300110102022031030301302031011112122313201322311032120323312212021323021331231321021132
00010000010001011010011002002010000302011102112021100120300110102022031030301302031011112122313201322311032120323312212021323021331231321021133
0001000001000101101001100200201000030201110211202110012030011010202203103030130203101111212231320132231103212032331221202132302133123132102122
0001000001000101101001100200201000030201110211202110012030011010202203103030130203101111212231320132231103212032331221202132302133123132102123
000100000100010110100110020020100003020111021120211001203001101020220310303013020310111121223132013223110321203233122120213230213312313210213
0001000001000101101001100200201000030201110211202110012030011010202203103030130203101111212231320132231103212032331221202132302133123132103
00010000010001011010011002002010000302011102112021100120300110102022031030301302031011112122313201322311032120323312213
00010000010001011010011002002010000302011102112021100120300110102022031030301302031011112122313202
00010000010001011010011002002010000302011102112021100120300110102022031030301302031011112122313203
00010000010001011010011002002010000302011102112021100120300110102022031030301303
00010000010001011010011002002010000302011102112021100120300110102022031030302
00010000010001011010011002002010000302011102112021100120300110102022031030303
00010000010001011010011002002010000302011102112021100120300111
00010000010001011010011002002010000302011102112021100120300112
00010000010001011010011002002010000302011102112021100120300113
0001000001000101101001100200201001
0001000001000101101001100200201002
0001000001000101101001100200201003
0001000001000101101001100200201010
0001000001000101101001100200201011
0001000001000101101001100200201012
0001000001000101101001100200201013
0001000001000101101001100200201020
0001000001000101101001100200201021
0001000001000101101001100200201022
0001000001000101101001100200201023
0001000001000101101001100200201030
0001000001000101101001100200201031
0001000001000101101001100200201032
0001000001000101101001100200201033
20000010010100002000010011003020011021101202103001100220310301020320101111202110301302030
20000010010100002000010011003020011021101202103001100220310301020320101111202110301302031011112120
20000010010100002000010011003020011021101202103001100220310301020320101111202110301302031011112121
2000001001010000200001001100302001102110120210300110022031030102032010111120211030130203101111212230
20000010010100002000010011003020011021101202103001100220310301020320101111202110301302031011112122313201321
20000010010100002000010011003020011021101202103001100220310301020320101111202110301302031011112122313201322312021202
200000100101000020000100110030200110211012021030011002203103010203201011112021103013020310111121223132013223120212032330
2000001001010000200001001100302001102110120210300110022031030102032010111120211030130203101111212231320132231202120323312130
2000001001010000200001001100302001102110120210300110022031030102032010111120211030130203101111212231320132231202120323312131
20000010010100002000010011003020011021101202103001100220310301020320101111202110301302031011112122313201322312021203233121322
200000100101000020000100110030200110211012021030011002203103010203201011112021103013020310111121223132013223120212032331213230212
2000001001010000200001001100302001102110120210300110022031030102032010111120211030130203101111212231320132231202120323312132302133122
20000010010100002000010011003020011021101202103001100220310301020320101111202110301302031011112122313201322312021203233121323021331231321021120
20000010010100002000010011003020011021101202103001100220310301020320101111202110301302031011112122313201322312021203233121323021331231321021121
2000001001010000200001001100302001102110120210300110022031030102032010111120211030130203101111212231320132231202120323312132302133123132102112220
20000010010100002000010011003020011021101202103001100220310301020320101111202110301302031011112122313201322312021203233121323021331231321021122211
2000001001010000200001001100302001102110120210300110022031030102032010111120211030130203101111212231320132231202120323312132302133123132102112221230
200000100101000020000100110030200110211012021030011002203103010203201011112021103013020310111121223132013223120212032331213230213312313210211222123130332
20000010010100002000010011003020011021101202103001100220310301020320101111202110301302031011112122313201322312021203233121323021331231321021122212313033313322
20000010010100002000010011003020011021101202103001100220310301020320101111202110301302031011112122313201322312021203233121323021331231321021122212313033313323
20000010010100002000010011003020011021101202103001100220310301020320101111202110301302031011112122313201322312021203233121323021331231321021122212313033313333
20000010010100002000010011003020011021101202103001100220310301020320101111202110301302031011112122313201322312021203233121323021331231321021122212321
20000010010100002000010011003020011021101202103001100220310301020320101111202110301302031011112122313201322312021203233121323021331231321021122212322311
20000010010100002000010011003020011021101202103001100220310301020320101111202110301302031011112122313201322312021203233121323021331231321021122212322312
20000010010100002000010011003020011021101202103001100220310301020320101111202110301302031011112122313201322312021203233121323021331231321021122212322313212
20000010010100002000010011003020011021101202103001100220310301020320101111202110301302031011112122313201322312021203233121323021331231321021122212322313213
20000010010100002000010011003020011021101202103001100220310301020320101111202110301302031011112122313201322312021203233121323021331231321021122212322313222222
200000100101000020000100110030200110211012021030011002203103010203201011112021103013020310111121223132013223120212032331213230213312313210211222123223132222233030
200000100101000020000100110030200110211012021030011002203103010203201011112021103013020310111121223132013223120212032331213230213312313210211222123223132222233031
200000100101000020000100110030200110211012021030011002203103010203201011112021103013020310111121223132013223120212032331213230213312313210211222123223132222233032
200000100101000020000100110030200110211012021030011002203103010203201011112021103013020310111121223132013223120212032331213230213312313210211222123223132222233033
2000001001010000200001001100302001102110120210300110022031030102032010111120211030130203101111212231320132231202120323312132302133123132102112221232231322222331
200000100101000020000100110030200110211012021030011002203103010203201011112021103013020310111121223132013223120212032331213230213312313210211222123223132222233233
2000001001010000200001001100302001102110120210300110022031030102032010111120211030130203101111212231320132231202120323312132302133123132102112221232231322222333
20000010010100002000010011003020011021101202103001100220310301020320101111202110301302031011112122313201322312021203233121323021331231321021122212322313222233
200000100101000020000100110030200110211012021030011002203103010203201011112021103013020310111121223132013223120212032331213230213312313210211222123223132223132
200000100101000020000100110030200110211012021030011002203103010203201011112021103013020310111121223132013223120212032331213230213312313210211222123223132223133
2000001001010000200001001100302001102110120210300110022031030102032010111120211030130203101111212231320132231202120323312132302133123132102112221232231322232
2000001001010000200001001100302001102110120210300110022031030102032010111120211030130203101111212231320132231202120323312132302133123132102112221232231322233
2000001001010000200001001100302001102110120210300110022031030102032010111120211030130203101111212231320132231202120323312132302133123132102112221232231323
20000010010100002000010011003020011021101202103001100220310301020320101111202110301302031011112122313201322312021203233121323021331231321021123
20000010010100002000010011003020011021101202103001100220310301020320101111202110301302031011112122313201322312021203233121323021331231321021130
20000010010100002000010011003020011021101202103001100220310301020320101111202110301302031011112122313201322312021203233121323021331231321021131
20000010010100002000010011003020011021101202103001100220310301020320101111202110301302031011112122313201322312021203233121323021331231321021132
20000010010100002000010011003020011021101202103001100220310301020320101111202110301302031011112122313201322312021203233121323021331231321021133
2000001001010000200001001100302001102110120210300110022031030102032010111120211030130203101111212231320132231202120323312132302133123132102122
2000001001010000200001001100302001102110120210300110022031030102032010111120211030130203101111212231320132231202120323312132302133123132102123
200000100101000020000100110030200110211012021030011002203103010203201011112021103013020310111121223132013223120212032331213230213312313210213
2000001001010000200001001100302001102110120210300110022031030102032010111120211030130203101111212231320132231202120323312132302133123132103
20000010010100002000010011003020011021101202103001100220310301020320101111202110301302031011112122313201322313
20000010010100002000010011003020011021101202103001100220310301020320101111202110301302031011112122313202
20000010010100002000010011003020011021101202103001100220310301020320101111202110301302031011112122313203
20000010010100002000010011003020011021101202103001100220310301020320101111202110301303
20000010010100002000010011003020011021101202103001100220310301020320101111202110302
20000010010100002000010011003020011021101202103001100220310301020320101111202110303
2000001001010000200001001100302001102110120210300111
2000001001010000200001001100302001102110120210300112
2000001001010000200001001100302001102110120210300113
200000100101001
200000100101002
200000100101003
200000100101010
200000100101011
200000100101012
200000100101013
200000100101020
200000100101021
200000100101022
200000100101023
200000100101030
200000100101031
200000100101032
200000100101033
100000100100110020000110003020011020100012021030011010202203103030130201011112021202130
100000100100110020000110003020011020100012021030011010202203103030130201011112021202131011112120
100000100100110020000110003020011020100012021030011010202203103030130201011112021202131011112121
10000010010011002000011000302001102010001202103001101020220310303013020101111202120213101111212230
10000010010011002000011000302001102010001202103001101020220310303013020101111202120213101111212231
10000010010011002000011000302001102010001202103001101020220310303013020101111202120213101111212232231103203201332330
100000100100110020000110003020011020100012021030011010202203103030130201011112021202131011112122322311032032013323312130
100000100100110020000110003020011020100012021030011010202203103030130201011112021202131011112122322311032032013323312131
10000010010011002000011000302001102010001202103001101020220310303013020101111202120213101111212232231103203201332331213212021
100000100100110020000110003020011020100012021030011010202203103030130201011112021202131011112122322311032032013323312132120222
1000001001001100200001100030200110201000120210300110102022031030301302010111120212021310111121223223110320320133233121321202230212
10000010010011002000011000302001102010001202103001101020220310303013020101111202120213101111212232231103203201332331213212022302133122
100000100100110020000110003020011020100012021030011010202203103030130201011112021202131011112122322311032032013323312132120223021331231321021120
100000100100110020000110003020011020100012021030011010202203103030130201011112021202131011112122322311032032013323312132120223021331231321021121
10000010010011002000011000302001102010001202103001101020220310303013020101111202120213101111212232231103203201332331213212022302133123132102112220
100000100100110020000110003020011020100012021030011010202203103030130201011112021202131011112122322311032032013323312132120223021331231321021122211
10000010010011002000011000302001102010001202103001101020220310303013020101111202120213101111212232231103203201332331213212022302133123132102112221230
1000001001001100200001100030200110201000120210300110102022031030301302010111120212021310111121223223110320320133233121321202230213312313210211222123130332
100000100100110020000110003020011020100012021030011010202203103030130201011112021202131011112122322311032032013323312132120223021331231321021122212313033313322
100000100100110020000110003020011020100012021030011010202203103030130201011112021202131011112122322311032032013323312132120223021331231321021122212313033313323
100000100100110020000110003020011020100012021030011010202203103030130201011112021202131011112122322311032032013323312132120223021331231321021122212313033313333
100000100100110020000110003020011020100012021030011010202203103030130201011112021202131011112122322311032032013323312132120223021331231321021122212321
100000100100110020000110003020011020100012021030011010202203103030130201011112021202131011112122322311032032013323312132120223021331231321021122212322311
100000100100110020000110003020011020100012021030011010202203103030130201011112021202131011112122322311032032013323312132120223021331231321021122212322312
100000100100110020000110003020011020100012021030011010202203103030130201011112021202131011112122322311032032013323312132120223021331231321021122212322313212
100000100100110020000110003020011020100012021030011010202203103030130201011112021202131011112122322311032032013323312132120223021331231321021122212322313213
100000100100110020000110003020011020100012021030011010202203103030130201011112021202131011112122322311032032013323312132120223021331231321021122212322313222222
1000001001001100200001100030200110201000120210300110102022031030301302010111120212021310111121223223110320320133233121321202230213312313210211222123223132222233030
1000001001001100200001100030200110201000120210300110102022031030301302010111120212021310111121223223110320320133233121321202230213312313210211222123223132222233031
1000001001001100200001100030200110201000120210300110102022031030301302010111120212021310111121223223110320320133233121321202230213312313210211222123223132222233032
1000001001001100200001100030200110201000120210300110102022031030301302010111120212021310111121223223110320320133233121321202230213312313210211222123223132222233033
10000010010011002000011000302001102010001202103001101020220310303013020101111202120213101111212232231103203201332331213212022302133123132102112221232231322222331
100000100100110020000110003020011020100012021030011010202203103030130201011112021202131011112122322311032032013323312132120223021331231321021122212322313222223323
10000010010011002000011000302001102010001202103001101020220310303013020101111202120213101111212232231103203201332331213212022302133123132102112221232231322222333
100000100100110020000110003020011020100012021030011010202203103030130201011112021202131011112122322311032032013323312132120223021331231321021122212322313222233
1000001001001100200001100030200110201000120210300110102022031030301302010111120212021310111121223223110320320133233121321202230213312313210211222123223132223132
1000001001001100200001100030200110201000120210300110102022031030301302010111120212021310111121223223110320320133233121321202230213312313210211222123223132223133
10000010010011002000011000302001102010001202103001101020220310303013020101111202120213101111212232231103203201332331213212022302133123132102112221232231322232
10000010010011002000011000302001102010001202103001101020220310303013020101111202120213101111212232231103203201332331213212022302133123132102112221232231322233
10000010010011002000011000302001102010001202103001101020220310303013020101111202120213101111212232231103203201332331213212022302133123132102112221232231323
100000100100110020000110003020011020100012021030011010202203103030130201011112021202131011112122322311032032013323312132120223021331231321021123
100000100100110020000110003020011020100012021030011010202203103030130201011112021202131011112122322311032032013323312132120223021331231321021130
100000100100110020000110003020011020100012021030011010202203103030130201011112021202131011112122322311032032013323312132120223021331231321021131
100000100100110020000110003020011020100012021030011010202203103030130201011112021202131011112122322311032032013323312132120223021331231321021132
100000100100110020000110003020011020100012021030011010202203103030130201011112021202131011112122322311032032013323312132120223021331231321021133
10000010010011002000011000302001102010001202103001101020220310303013020101111202120213101111212232231103203201332331213212022302133123132102123
1000001001001100200001100030200110201000120210300110102022031030301302010111120212021310111121223223110320320133233121321202230213312313210213
10000010010011002000011000302001102010001202103001101020220310303013020101111202120213101111212232231103203201332331213212022302133123132103
10000010010011002000011000302001102010001202103001101020220310303013020101111202120213101111212232231103203201332331213213
10000010010011002000011000302001102010001202103001101020220310303013020101111202120213101111212232231103203202
10000010010011002000011000302001102010001202103001101020220310303013020101111202120213101111212232231103203203
100000100100110020000110003020011020100012021030011010202203103030130201011112021203
1000001001001100200001100030200110201000120210300110102022031030301303
1000001001001100200001100030200110201000120210300110102022031030302
1000001001001100200001100030200110201000120210300110102022031030303
1000001001001100200001100030200110201000120210300111
1000001001001100200001100030200110201000120210300112
1000001001001100200001100030200110201000120210300113
1000001001001100200001100030200110201001
1000001001001100200001100030200110201002
1000001001001100200001100030200110201003
1000001001001100200001100030200110201010
1000001001001100200001100030200110201011
1000001001001100200001100030200110201012
1000001001001100200001100030200110201013
1000001001001100200001100030200110201020
1000001001001100200001100030200110201021
1000001001001100200001100030200110201022
1000001001001100200001100030200110201023
1000001001001100200001100030200110201030
1000001001001100200001100030200110201031
1000001001001100200001100030200110201032
1000001001001100200001100030200110201033
3000001000100200001001100302001102010001202103001101020220310310103013020101111202111112120
3000001000100200001001100302001102010001202103001101020220310310103013020101111202111112121
300000100010020000100110030200110201000120210300110102022031031010301302010111120211111212230
30000010001002000010011003020011020100012021030011010202203103101030130201011112021111121223130
30000010001002000010011003020011020100012021030011010202203103101030130201011112021111121223131203201321
300000100010020000100110030200110201000120210300110102022031031010301302010111120211111212231312032013223110321202
3000001000100200001001100302001102010001202103001101020220310310103013020101111202111112122313120320132231103212032330
3000001000100200001001100302001102010001202103001101020220310310103013020101111202111112122313120320132231103212032331321021120
3000001000100200001001100302001102010001202103001101020220310310103013020101111202111112122313120320132231103212032331321021121
300000100010020000100110030200110201000120210300110102022031031010301302010111120211111212231312032013223110321203233132102112220
3000001000100200001001100302001102010001202103001101020220310310103013020101111202111112122313120320132231103212032331321021122211
300000100010020000100110030200110201000120210300110102022031031010301302010111120211111212231312032013223110321203233132102112221230
30000010001002000010011003020011020100012021030011010202203103101030130201011112021111121223131203201322311032120323313210211222123130212
300000100010020000100110030200110201000120210300110102022031031010301302010111120211111212231312032013223110321203233132102112221231302133030
3000001000100200001001100302001102010001202103001101020220310310103013020101111202111112122313120320132231103212032331321021122212313021330313212021
30000010001002000010011003020011020100012021030011010202203103101030130201011112021111121223131203201322311032120323313210211222123130213303132120222
30000010001002000010011003020011020100012021030011010202203103101030130201011112021111121223131203201322311032120323313210211222123130213303132120223122
300000100010020000100110030200110201000120210300110102022031031010301302010111120211111212231312032013223110321203233132102112221231302133031321202231232
30000010001002000010011003020011020100012021030011010202203103101030130201011112021111121223131203201322311032120323313210211222123130213303132120223123313322
30000010001002000010011003020011020100012021030011010202203103101030130201011112021111121223131203201322311032120323313210211222123130213303132120223123313323
30000010001002000010011003020011020100012021030011010202203103101030130201011112021111121223131203201322311032120323313210211222123130213303132120223123313333
300000100010020000100110030200110201000120210300110102022031031010301302010111120211111212231312032013223110321203233132102112221231302133031321202232
300000100010020000100110030200110201000120210300110102022031031010301302010111120211111212231312032013223110321203233132102112221231302133031321202233
3000001000100200001001100302001102010001202103001101020220310310103013020101111202111112122313120320132231103212032331321021122212313021330313212023
3000001000100200001001100302001102010001202103001101020220310310103013020101111202111112122313120320132231103212032331321021122212313021330313212030
3000001000100200001001100302001102010001202103001101020220310310103013020101111202111112122313120320132231103212032331321021122212313021330313212031
3000001000100200001001100302001102010001202103001101020220310310103013020101111202111112122313120320132231103212032331321021122212313021330313212032
3000001000100200001001100302001102010001202103001101020220310310103013020101111202111112122313120320132231103212032331321021122212313021330313212033
300000100010020000100110030200110201000120210300110102022031031010301302010111120211111212231312032013223110321203233132102112221231302133031321212
300000100010020000100110030200110201000120210300110102022031031010301302010111120211111212231312032013223110321203233132102112221231302133031321213
3000001000100200001001100302001102010001202103001101020220310310103013020101111202111112122313120320132231103212032331321021122212313021330313212222221
3000001000100200001001100302001102010001202103001101020220310310103013020101111202111112122313120320132231103212032331321021122212313021330313212222222311
3000001000100200001001100302001102010001202103001101020220310310103013020101111202111112122313120320132231103212032331321021122212313021330313212222222312
3000001000100200001001100302001102010001202103001101020220310310103013020101111202111112122313120320132231103212032331321021122212313021330313212222222313233
300000100010020000100110030200110201000120210300110102022031031010301302010111120211111212231312032013223110321203233132102112221231302133031321222222231330
300000100010020000100110030200110201000120210300110102022031031010301302010111120211111212231312032013223110321203233132102112221231302133031321222222231331
30000010001002000010011003020011020100012021030011010202203103101030130201011112021111121223131203201322311032120323313210211222123130213303132122222223133233
300000100010020000100110030200110201000120210300110102022031031010301302010111120211111212231312032013223110321203233132102112221231302133031321222222231333
300000100010020000100110030200110201000120210300110102022031031010301302010111120211111212231312032013223110321203233132102112221231302133031321222223
300000100010020000100110030200110201000120210300110102022031031010301302010111120211111212231312032013223110321203233132102112221231302133031321222232
300000100010020000100110030200110201000120210300110102022031031010301302010111120211111212231312032013223110321203233132102112221231302133031321222233
300000100010020000100110030200110201000120210300110102022031031010301302010111120211111212231312032013223110321203233132102112221231302133031321222313
30000010001002000010011003020011020100012021030011010202203103101030130201011112021111121223131203201322311032120323313210211222123130213303132122232
30000010001002000010011003020011020100012021030011010202203103101030130201011112021111121223131203201322311032120323313210211222123130213303132122233
3000001000100200001001100302001102010001202103001101020220310310103013020101111202111112122313120320132231103212032331321021122212313021330313213
3000001000100200001001100302001102010001202103001101020220310310103013020101111202111112122313120320132231103212032331321021123
3000001000100200001001100302001102010001202103001101020220310310103013020101111202111112122313120320132231103212032331321021130
3000001000100200001001100302001102010001202103001101020220310310103013020101111202111112122313120320132231103212032331321021131
3000001000100200001001100302001102010001202103001101020220310310103013020101111202111112122313120320132231103212032331321021132
3000001000100200001001100302001102010001202103001101020220310310103013020101111202111112122313120320132231103212032331321021133
30000010001002000010011003020011020100012021030011010202203103101030130201011112021111121223131203201322311032120323313210212
30000010001002000010011003020011020100012021030011010202203103101030130201011112021111121223131203201322311032120323313210213
300000100010020000100110030200110201000120210300110102022031031010301302010111120211111212231312032013223110321203233132103
30000010001002000010011003020011020100012021030011010202203103101030130201011112021111121223131203202
30000010001002000010011003020011020100012021030011010202203103101030130201011112021111121223131203203
300000100010020000100110030200110201000120210300110102022031031010301303
300000100010020000100110030200110201000120210300110102022031031010302
300000100010020000100110030200110201000120210300110102022031031010303
300000100010020000100110030200110201000120210300111
300000100010020000100110030200110201000120210300112
300000100010020000100110030200110201000120210300113
300000100010020000100110030200110201001
300000100010020000100110030200110201002
300000100010020000100110030200110201003
300000100010020000100110030200110201010
300000100010020000100110030200110201011
300000100010020000100110030200110201012
300000100010020000100110030200110201013
300000100010020000100110030200110201020
300000100010020000100110030200110201021
300000100010020000100110030200110201022
300000100010020000100110030200110201023
300000100010020000100110030200110201030
300000100010020000100110030200110201031
300000100010020000100110030200110201032
300000100010020000100110030200110201033
