000
010
02000
030
001
002
003
011
012
013
0210
0220
0230
02010
02020
02030
02001
02002
02003
0310
0320
0330
0211
0212
0213
0221
0222
0223
0231
0232
0233
02011
02012
02013
02021
02022
02023
02031
02032
02033
0311
0312
0313
0321
0322
0323
0331
0332
0333
1000
11
120
13000
1010
1020
1030
1001
1002
1003
121
122
123
1310
1320
1330
13010
13020
13030
13001
13002
13003
1011
1012
1013
1021
1022
1023
1031
1032
1033
1311
1312
1313
1321
1322
1323
1331
1332
1333
13011
13012
13013
13021
13022
13023
13031
13032
13033
200
210
22000
2300
201
202
203
211
212
213
2210
2220
2230
22010
22020
22030
22001
22002
22003
2310
232
2330
2301
2302
2303
2211
2212
2213
2221
2222
2223
2231
2232
2233
22011
22012
22013
22021
22022
22023
22031
22032
22033
2311
2312
2313
2331
2332
2333
30000
310
320
330
3010
30200
3030
30010
30020
30030
30001
30002
30003
311
312
313
321
322
323
331
332
333
3011
3012
3013
30210
30220
3023
30201
30202
30203
3031
3032
3033
30011
30012
30013
30021
30022
30023
30031
30032
30033
30211
30212
30213
30221
30222
30223
