00000000010201020000112101010203010011010110022020110201202103030302120
000000000102010200001121010102030100110101100220201102012021030303021210
0000000001020102000011210101020301001101011002202011020120210303030212112012220
00000000010201020000112101010203010011010110022020110201202103030302121120122213020
0000000001020102000011210101020301001101011002202011020120210303030212112012221302130
0000000001020102000011210101020301001101011002202011020120210303030212112012221302131
0000000001020102000011210101020301001101011002202011020120210303030212112012221302132230
000000000102010200001121010102030100110101100220201102012021030303021211201222130213223111
000000000102010200001121010102030100110101100220201102012021030303021211201222130213223112
00000000010201020000112101010203010011010110022020110201202103030302121120122213021322311321
000000000102010200001121010102030100110101100220201102012021030303021211201222130213223113221
00000000010201020000112101010203010011010110022020110201202103030302121120122213021322311322231300
00000000010201020000112101010203010011010110022020110201202103030302121120122213021322311322231301
00000000010201020000112101010203010011010110022020110201202103030302121120122213021322311322231302
00000000010201020000112101010203010011010110022020110201202103030302121120122213021322311322231303310321233
0000000001020102000011210101020301001101011002202011020120210303030212112012221302132231132223130331032131
00000000010201020000112101010203010011010110022020110201202103030302121120122213021322311322231303310321323320
00000000010201020000112101010203010011010110022020110201202103030302121120122213021322311322231303310321323321
00000000010201020000112101010203010011010110022020110201202103030302121120122213021322311322231303310321323322
0000000001020102000011210101020301001101011002202011020120210303030212112012221302132231132223130331032132332330
00000000010201020000112101010203010011010110022020110201202103030302121120122213021322311322231303310321323323311
00000000010201020000112101010203010011010110022020110201202103030302121120122213021322311322231303310321323323312
00000000010201020000112101010203010011010110022020110201202103030302121120122213021322311322231303310321323323313
0000000001020102000011210101020301001101011002202011020120210303030212112012221302132231132223130331032132332332
0000000001020102000011210101020301001101011002202011020120210303030212112012221302132231132223130331032132332333
00000000010201020000112101010203010011010110022020110201202103030302121120122213021322311322231303310322
00000000010201020000112101010203010011010110022020110201202103030302121120122213021322311322231303310323
00000000010201020000112101010203010011010110022020110201202103030302121120122213021322311322231303310330
00000000010201020000112101010203010011010110022020110201202103030302121120122213021322311322231303310331
00000000010201020000112101010203010011010110022020110201202103030302121120122213021322311322231303310332
00000000010201020000112101010203010011010110022020110201202103030302121120122213021322311322231303310333
0000000001020102000011210101020301001101011002202011020120210303030212112012221303
0000000001020102000011210101020301001101011002202011020120210303030212112012221311
0000000001020102000011210101020301001101011002202011020120210303030212112012221312
0000000001020102000011210101020301001101011002202011020120210303030212112012221313
000000000102010200001121010102030100110101100220201102012021030303021211201222132103
0000000001020102000011210101020301001101011002202011020120210303030212112012221321130
0000000001020102000011210101020301001101011002202011020120210303030212112012221321131
000000000102010200001121010102030100110101100220201102012021030303021211201222132113230
000000000102010200001121010102030100110101100220201102012021030303021211201222132113231
000000000102010200001121010102030100110101100220201102012021030303021211201222132113232
000000000102010200001121010102030100110101100220201102012021030303021211201222132113233
0000000001020102000011210101020301001101011002202011020120210303030212112012221321133
00000000010201020000112101010203010011010110022020110201202103030302121120122213212
00000000010201020000112101010203010011010110022020110201202103030302121120122213213
00000000010201020000112101010203010011010110022020110201202103030302121120122213220
00000000010201020000112101010203010011010110022020110201202103030302121120122213221
0000000001020102000011210101020301001101011002202011020120210303030212112012221322230311
0000000001020102000011210101020301001101011002202011020120210303030212112012221322230312
0000000001020102000011210101020301001101011002202011020120210303030212112012221322230313
0000000001020102000011210101020301001101011002202011020120210303030212112012221322230322
0000000001020102000011210101020301001101011002202011020120210303030212112012221322230323
000000000102010200001121010102030100110101100220201102012021030303021211201222132223033
00000000010201020000112101010203010011010110022020110201202103030302121120122213222313
00000000010201020000112101010203010011010110022020110201202103030302121120122213222323
0000000001020102000011210101020301001101011002202011020120210303030212112012221322233
0000000001020102000011210101020301001101011002202011020120210303030212112012221322311
0000000001020102000011210101020301001101011002202011020120210303030212112012221322312
0000000001020102000011210101020301001101011002202011020120210303030212112012221322313
0000000001020102000011210101020301001101011002202011020120210303030212112012221322320
0000000001020102000011210101020301001101011002202011020120210303030212112012221322321
0000000001020102000011210101020301001101011002202011020120210303030212112012221322322
000000000102010200001121010102030100110101100220201102012021030303021211201222132232330
000000000102010200001121010102030100110101100220201102012021030303021211201222132232331
000000000102010200001121010102030100110101100220201102012021030303021211201222132232332
000000000102010200001121010102030100110101100220201102012021030303021211201222132232333
000000000102010200001121010102030100110101100220201102012021030303021211201222133
0000000001020102000011210101020301001101011002202011020120210303030212112012222
0000000001020102000011210101020301001101011002202011020120210303030212112012223
00000000010201020000112101010203010011010110022020110201202103030302121121
00000000010201020000112101010203010011010110022020110201202103030302121122
00000000010201020000112101010203010011010110022020110201202103030302121123
00000000010201020000112101010203010011010110022020110201202103030303
0000000001020102000011210101020301001101011002202011020120211
0000000001020102000011210101020301001101011002202011020120212
0000000001020102000011210101020301001101011002202011020120213
00000000010201020000112101010203010011010110022020110202
00000000010201020000112101010203010011010110022020110203
00000000010201020000112101010203010011010111
00000000010201020000112101010203010011010112
00000000010201020000112101010203010011010113
0000000001020102000011210101020302
0000000001020102000011210101020303
00000000010201020000112102
00000000010201020000112103
000000000102010201
000000000102010202
000000000102010203
20000001020001020102000011210103001010030110110200220203030110120210
200000010200010201020000112101030010100301101102002202030301101202110
200000010200010201020000112101030010100301101102002202030301101202111201212130
200000010200010201020000112101030010100301101102002202030301101202111201212131
2000000102000102010200001121010300101003011011020022020303011012021112012121320
2000000102000102010200001121010300101003011011020022020303011012021112012121321
200000010200010201020000112101030010100301101102002202030301101202111201212132230
20000001020001020102000011210103001010030110110200220203030110120211120121213223111
20000001020001020102000011210103001010030110110200220203030110120211120121213223112
2000000102000102010200001121010300101003011011020022020303011012021112012121322311321
20000001020001020102000011210103001010030110110200220203030110120211120121213223113221302
20000001020001020102000011210103001010030110110200220203030110120211120121213223113221303300
20000001020001020102000011210103001010030110110200220203030110120211120121213223113221303301
20000001020001020102000011210103001010030110110200220203030110120211120121213223113221303302
20000001020001020102000011210103001010030110110200220203030110120211120121213223113221303303
2000000102000102010200001121010300101003011011020022020303011012021112012121322311322130331031320
200000010200010201020000112101030010100301101102002202030301101202111201212132231132213033103132122220
200000010200010201020000112101030010100301101102002202030301101202111201212132231132213033103132122221
20000001020001020102000011210103001010030110110200220203030110120211120121213223113221303310313212222232131
200000010200010201020000112101030010100301101102002202030301101202111201212132231132213033103132122222321323330
2000000102000102010200001121010300101003011011020022020303011012021112012121322311322130331031321222223213233311
200000010200010201020000112101030010100301101102002202030301101202111201212132231132213033103132122222321323331233
2000000102000102010200001121010300101003011011020022020303011012021112012121322311322130331031321222223213233313
2000000102000102010200001121010300101003011011020022020303011012021112012121322311322130331031321222223213233322
2000000102000102010200001121010300101003011011020022020303011012021112012121322311322130331031321222223213233323
200000010200010201020000112101030010100301101102002202030301101202111201212132231132213033103132122222321323333
200000010200010201020000112101030010100301101102002202030301101202111201212132231132213033103132122222322
200000010200010201020000112101030010100301101102002202030301101202111201212132231132213033103132122222323
200000010200010201020000112101030010100301101102002202030301101202111201212132231132213033103132122222330
200000010200010201020000112101030010100301101102002202030301101202111201212132231132213033103132122222331
200000010200010201020000112101030010100301101102002202030301101202111201212132231132213033103132122222332
200000010200010201020000112101030010100301101102002202030301101202111201212132231132213033103132122222333
200000010200010201020000112101030010100301101102002202030301101202111201212132231132213033103132122223
200000010200010201020000112101030010100301101102002202030301101202111201212132231132213033103132122230
200000010200010201020000112101030010100301101102002202030301101202111201212132231132213033103132122231
200000010200010201020000112101030010100301101102002202030301101202111201212132231132213033103132122232
200000010200010201020000112101030010100301101102002202030301101202111201212132231132213033103132122233
20000001020001020102000011210103001010030110110200220203030110120211120121213223113221311
20000001020001020102000011210103001010030110110200220203030110120211120121213223113221312
20000001020001020102000011210103001010030110110200220203030110120211120121213223113221313
2000000102000102010200001121010300101003011011020022020303011012021112012121322311322132103
20000001020001020102000011210103001010030110110200220203030110120211120121213223113221321130
20000001020001020102000011210103001010030110110200220203030110120211120121213223113221321131
20000001020001020102000011210103001010030110110200220203030110120211120121213223113221321132
20000001020001020102000011210103001010030110110200220203030110120211120121213223113221321133
200000010200010201020000112101030010100301101102002202030301101202111201212132231132213212
200000010200010201020000112101030010100301101102002202030301101202111201212132231132213213
200000010200010201020000112101030010100301101102002202030301101202111201212132231132213220
200000010200010201020000112101030010100301101102002202030301101202111201212132231132213221
20000001020001020102000011210103001010030110110200220203030110120211120121213223113221322230311
20000001020001020102000011210103001010030110110200220203030110120211120121213223113221322230312
20000001020001020102000011210103001010030110110200220203030110120211120121213223113221322230313
20000001020001020102000011210103001010030110110200220203030110120211120121213223113221322230322
20000001020001020102000011210103001010030110110200220203030110120211120121213223113221322230323
2000000102000102010200001121010300101003011011020022020303011012021112012121322311322132223033
200000010200010201020000112101030010100301101102002202030301101202111201212132231132213222313
200000010200010201020000112101030010100301101102002202030301101202111201212132231132213222323
20000001020001020102000011210103001010030110110200220203030110120211120121213223113221322233
20000001020001020102000011210103001010030110110200220203030110120211120121213223113221322311
20000001020001020102000011210103001010030110110200220203030110120211120121213223113221322312
20000001020001020102000011210103001010030110110200220203030110120211120121213223113221322313
20000001020001020102000011210103001010030110110200220203030110120211120121213223113221322320
20000001020001020102000011210103001010030110110200220203030110120211120121213223113221322321
20000001020001020102000011210103001010030110110200220203030110120211120121213223113221322322
2000000102000102010200001121010300101003011011020022020303011012021112012121322311322132232330
2000000102000102010200001121010300101003011011020022020303011012021112012121322311322132232331
2000000102000102010200001121010300101003011011020022020303011012021112012121322311322132232332
2000000102000102010200001121010300101003011011020022020303011012021112012121322311322132232333
2000000102000102010200001121010300101003011011020022020303011012021112012121322311322133
20000001020001020102000011210103001010030110110200220203030110120211121
20000001020001020102000011210103001010030110110200220203030110120211122
20000001020001020102000011210103001010030110110200220203030110120211123
20000001020001020102000011210103001010030110110200220203030110120212
20000001020001020102000011210103001010030110110200220203030110120213
200000010200010201020000112101030010100301101102002202030301102
200000010200010201020000112101030010100301101102002202030301103
20000001020001020102000011210103001010030110110200220203030111
20000001020001020102000011210103001010030110110200220203030112
20000001020001020102000011210103001010030110110200220203030113
200000010200010201020000112101030010100301101102002202030302
200000010200010201020000112101030010100301101102002202030303
200000010200010201020000112101030010100302
200000010200010201020000112101030010100303
200000010200010201020000112102
200000010200010201020000112103
2000000102000102010201
2000000102000102010202
2000000102000102010203
3000010200000100201001020000112101010203011011020022030303030110120210
30000102000001002010010200001121010102030110110200220303030301101202110
300001020000010020100102000011210101020301101102002203030303011012021112012120
30000102000001002010010200001121010102030110110200220303030301101202111201212130
30000102000001002010010200001121010102030110110200220303030301101202111201212131
300001020000010020100102000011210101020301101102002203030303011012021112012121320
300001020000010020100102000011210101020301101102002203030303011012021112012121321
30000102000001002010010200001121010102030110110200220303030301101202111201212132230
3000010200000100201001020000112101010203011011020022030303030110120211120121213223111
3000010200000100201001020000112101010203011011020022030303030110120211120121213223112
300001020000010020100102000011210101020301101102002203030303011012021112012121322311321
3000010200000100201001020000112101010203011011020022030303030110120211120121213223113221302
3000010200000100201001020000112101010203011011020022030303030110120211120121213223113221303300
3000010200000100201001020000112101010203011011020022030303030110120211120121213223113221303301
3000010200000100201001020000112101010203011011020022030303030110120211120121213223113221303302
3000010200000100201001020000112101010203011011020022030303030110120211120121213223113221303303
300001020000010020100102000011210101020301101102002203030303011012021112012121322311322130331031320
30000102000001002010010200001121010102030110110200220303030301101202111201212132231132213033103132122220
30000102000001002010010200001121010102030110110200220303030301101202111201212132231132213033103132122221
3000010200000100201001020000112101010203011011020022030303030110120211120121213223113221303310313212222232131
30000102000001002010010200001121010102030110110200220303030301101202111201212132231132213033103132122222321323330
300001020000010020100102000011210101020301101102002203030303011012021112012121322311322130331031321222223213233311
30000102000001002010010200001121010102030110110200220303030301101202111201212132231132213033103132122222321323331233
300001020000010020100102000011210101020301101102002203030303011012021112012121322311322130331031321222223213233313
300001020000010020100102000011210101020301101102002203030303011012021112012121322311322130331031321222223213233322
300001020000010020100102000011210101020301101102002203030303011012021112012121322311322130331031321222223213233323
30000102000001002010010200001121010102030110110200220303030301101202111201212132231132213033103132122222321323333
30000102000001002010010200001121010102030110110200220303030301101202111201212132231132213033103132122222322
30000102000001002010010200001121010102030110110200220303030301101202111201212132231132213033103132122222323
30000102000001002010010200001121010102030110110200220303030301101202111201212132231132213033103132122222331
30000102000001002010010200001121010102030110110200220303030301101202111201212132231132213033103132122222332
30000102000001002010010200001121010102030110110200220303030301101202111201212132231132213033103132122222333
30000102000001002010010200001121010102030110110200220303030301101202111201212132231132213033103132122223
30000102000001002010010200001121010102030110110200220303030301101202111201212132231132213033103132122230
30000102000001002010010200001121010102030110110200220303030301101202111201212132231132213033103132122231
30000102000001002010010200001121010102030110110200220303030301101202111201212132231132213033103132122232
30000102000001002010010200001121010102030110110200220303030301101202111201212132231132213033103132122233
3000010200000100201001020000112101010203011011020022030303030110120211120121213223113221311
3000010200000100201001020000112101010203011011020022030303030110120211120121213223113221312
3000010200000100201001020000112101010203011011020022030303030110120211120121213223113221313
30000102000001002010010200001121010102030110110200220303030301101202111201212132231132213210
3000010200000100201001020000112101010203011011020022030303030110120211120121213223113221321131
3000010200000100201001020000112101010203011011020022030303030110120211120121213223113221321132
3000010200000100201001020000112101010203011011020022030303030110120211120121213223113221321133
30000102000001002010010200001121010102030110110200220303030301101202111201212132231132213212
30000102000001002010010200001121010102030110110200220303030301101202111201212132231132213213
30000102000001002010010200001121010102030110110200220303030301101202111201212132231132213220
30000102000001002010010200001121010102030110110200220303030301101202111201212132231132213221
3000010200000100201001020000112101010203011011020022030303030110120211120121213223113221322230311
3000010200000100201001020000112101010203011011020022030303030110120211120121213223113221322230312
3000010200000100201001020000112101010203011011020022030303030110120211120121213223113221322230313
3000010200000100201001020000112101010203011011020022030303030110120211120121213223113221322230322
3000010200000100201001020000112101010203011011020022030303030110120211120121213223113221322230323
300001020000010020100102000011210101020301101102002203030303011012021112012121322311322132223033
30000102000001002010010200001121010102030110110200220303030301101202111201212132231132213222313
30000102000001002010010200001121010102030110110200220303030301101202111201212132231132213222323
3000010200000100201001020000112101010203011011020022030303030110120211120121213223113221322233
3000010200000100201001020000112101010203011011020022030303030110120211120121213223113221322311
3000010200000100201001020000112101010203011011020022030303030110120211120121213223113221322312
3000010200000100201001020000112101010203011011020022030303030110120211120121213223113221322313
3000010200000100201001020000112101010203011011020022030303030110120211120121213223113221322320
3000010200000100201001020000112101010203011011020022030303030110120211120121213223113221322321
3000010200000100201001020000112101010203011011020022030303030110120211120121213223113221322322
300001020000010020100102000011210101020301101102002203030303011012021112012121322311322132232330
300001020000010020100102000011210101020301101102002203030303011012021112012121322311322132232331
300001020000010020100102000011210101020301101102002203030303011012021112012121322311322132232332
300001020000010020100102000011210101020301101102002203030303011012021112012121322311322132232333
300001020000010020100102000011210101020301101102002203030303011012021112012121322311322133
3000010200000100201001020000112101010203011011020022030303030110120211121
3000010200000100201001020000112101010203011011020022030303030110120211122
3000010200000100201001020000112101010203011011020022030303030110120211123
3000010200000100201001020000112101010203011011020022030303030110120212
3000010200000100201001020000112101010203011011020022030303030110120213
30000102000001002010010200001121010102030110110200220303030301102
30000102000001002010010200001121010102030110110200220303030301103
3000010200000100201001020000112101010203011011020022030303030111
3000010200000100201001020000112101010203011011020022030303030112
3000010200000100201001020000112101010203011011020022030303030113
30000102000001002010010200001121010102030110110200220303030302
30000102000001002010010200001121010102030110110200220303030303
300001020000010020100102000011210101020302
300001020000010020100102000011210101020303
3000010200000100201001020000112102
3000010200000100201001020000112103
30000102000001002010010201
30000102000001002010010202
30000102000001002010010203
100000102000001010010200001121010102030110111110
100000102000001010010200001121010102030110111111100220202012021030303012012120
10000010200000101001020000112101010203011011111110022020201202103030301201212130
10000010200000101001020000112101010203011011111110022020201202103030301201212131
100000102000001010010200001121010102030110111111100220202012021030303012012121320
100000102000001010010200001121010102030110111111100220202012021030303012012121321
10000010200000101001020000112101010203011011111110022020201202103030301201212132230
1000001020000010100102000011210101020301101111111002202020120210303030120121213223121302
1000001020000010100102000011210101020301101111111002202020120210303030120121213223121303212
1000001020000010100102000011210101020301101111111002202020120210303030120121213223121303213300
1000001020000010100102000011210101020301101111111002202020120210303030120121213223121303213301
1000001020000010100102000011210101020301101111111002202020120210303030120121213223121303213302
1000001020000010100102000011210101020301101111111002202020120210303030120121213223121303213303
100000102000001010010200001121010102030110111111100220202012021030303012012121322312130321331031320
10000010200000101001020000112101010203011011111110022020201202103030301201212132231213032133103132131
1000001020000010100102000011210101020301101111111002202020120210303030120121213223121303213310313213222220
1000001020000010100102000011210101020301101111111002202020120210303030120121213223121303213310313213222221
1000001020000010100102000011210101020301101111111002202020120210303030120121213223121303213310313213222222321
10000010200000101001020000112101010203011011111110022020201202103030301201212132231213032133103132132222223223330
100000102000001010010200001121010102030110111111100220202012021030303012012121322312130321331031321322222232233311
10000010200000101001020000112101010203011011111110022020201202103030301201212132231213032133103132132222223223331233
100000102000001010010200001121010102030110111111100220202012021030303012012121322312130321331031321322222232233313
100000102000001010010200001121010102030110111111100220202012021030303012012121322312130321331031321322222232233322
100000102000001010010200001121010102030110111111100220202012021030303012012121322312130321331031321322222232233323
10000010200000101001020000112101010203011011111110022020201202103030301201212132231213032133103132132222223223333
1000001020000010100102000011210101020301101111111002202020120210303030120121213223121303213310313213222222323
1000001020000010100102000011210101020301101111111002202020120210303030120121213223121303213310313213222222330
1000001020000010100102000011210101020301101111111002202020120210303030120121213223121303213310313213222222331
1000001020000010100102000011210101020301101111111002202020120210303030120121213223121303213310313213222222332
1000001020000010100102000011210101020301101111111002202020120210303030120121213223121303213310313213222222333
1000001020000010100102000011210101020301101111111002202020120210303030120121213223121303213310313213222223
1000001020000010100102000011210101020301101111111002202020120210303030120121213223121303213310313213222230
1000001020000010100102000011210101020301101111111002202020120210303030120121213223121303213310313213222231
1000001020000010100102000011210101020301101111111002202020120210303030120121213223121303213310313213222232
1000001020000010100102000011210101020301101111111002202020120210303030120121213223121303213310313213222233
1000001020000010100102000011210101020301101111111002202020120210303030120121213223121311
1000001020000010100102000011210101020301101111111002202020120210303030120121213223121312
1000001020000010100102000011210101020301101111111002202020120210303030120121213223121313
100000102000001010010200001121010102030110111111100220202012021030303012012121322312132103
1000001020000010100102000011210101020301101111111002202020120210303030120121213223121321130
1000001020000010100102000011210101020301101111111002202020120210303030120121213223121321131
1000001020000010100102000011210101020301101111111002202020120210303030120121213223121321132
1000001020000010100102000011210101020301101111111002202020120210303030120121213223121321133
10000010200000101001020000112101010203011011111110022020201202103030301201212132231213212
10000010200000101001020000112101010203011011111110022020201202103030301201212132231213213
10000010200000101001020000112101010203011011111110022020201202103030301201212132231213220
10000010200000101001020000112101010203011011111110022020201202103030301201212132231213221
1000001020000010100102000011210101020301101111111002202020120210303030120121213223121322230312
1000001020000010100102000011210101020301101111111002202020120210303030120121213223121322230313
1000001020000010100102000011210101020301101111111002202020120210303030120121213223121322230322
1000001020000010100102000011210101020301101111111002202020120210303030120121213223121322230323
100000102000001010010200001121010102030110111111100220202012021030303012012121322312132223033
10000010200000101001020000112101010203011011111110022020201202103030301201212132231213222313
10000010200000101001020000112101010203011011111110022020201202103030301201212132231213222323
1000001020000010100102000011210101020301101111111002202020120210303030120121213223121322233
1000001020000010100102000011210101020301101111111002202020120210303030120121213223121322311
1000001020000010100102000011210101020301101111111002202020120210303030120121213223121322312
1000001020000010100102000011210101020301101111111002202020120210303030120121213223121322313
1000001020000010100102000011210101020301101111111002202020120210303030120121213223121322320
1000001020000010100102000011210101020301101111111002202020120210303030120121213223121322321
1000001020000010100102000011210101020301101111111002202020120210303030120121213223121322322
100000102000001010010200001121010102030110111111100220202012021030303012012121322312132232330
100000102000001010010200001121010102030110111111100220202012021030303012012121322312132232331
100000102000001010010200001121010102030110111111100220202012021030303012012121322312132232332
100000102000001010010200001121010102030110111111100220202012021030303012012121322312132232333
100000102000001010010200001121010102030110111111100220202012021030303012012121322312133
1000001020000010100102000011210101020301101111111002202020120210303030121
1000001020000010100102000011210101020301101111111002202020120210303030122
1000001020000010100102000011210101020301101111111002202020120210303030123
10000010200000101001020000112101010203011011111110022020201202103030302
10000010200000101001020000112101010203011011111110022020201202103030303
1000001020000010100102000011210101020301101111111002202020120211
1000001020000010100102000011210101020301101111111002202020120212
1000001020000010100102000011210101020301101111111002202020120213
10000010200000101001020000112101010203011011111110022020202
10000010200000101001020000112101010203011011111110022020203
10000010200000101001020000112101010203011011111111
10000010200000101001020000112101010203011011111112
10000010200000101001020000112101010203011011111113
1000001020000010100102000011210101020302
1000001020000010100102000011210101020303
10000010200000101001020000112102
10000010200000101001020000112103
100000102000001010010201
100000102000001010010202
100000102000001010010203
