200010000101000110203020101030
2000100001010001102030201010311110
2000100001010001102030201010311111200201120130
2000100001010001102030201010311111200201120131
2000100001010001102030201010311111200201120132112030
2000100001010001102030201010311111200201120132112031210
2000100001010001102030201010311111200201120132112031211330
200010000101000110203020101031111120020112013211203121133130
200010000101000110203020101031111120020112013211203121133131
2000100001010001102030201010311111200201120132112031211331321
20001000010100011020302010103111112002011201321120312113313223212
2000100001010001102030201010311111200201120132112031211331322321332
2000100001010001102030201010311111200201120132112031211331322321333
20001000010100011020302010103111112002011201321120312113313223221
200010000101000110203020101031111120020112013211203121133132232223021
20001000010100011020302010103111112002011201321120312113313223222302220230212
20001000010100011020302010103111112002011201321120312113313223222302220230213
2000100001010001102030201010311111200201120132112031211331322322230222023022312
20001000010100011020302010103111112002011201321120312113313223222302220230223132
20001000010100011020302010103111112002011201321120312113313223222302220230223133
2000100001010001102030201010311111200201120132112031211331322322230222023022321
2000100001010001102030201010311111200201120132112031211331322322230222023022322
2000100001010001102030201010311111200201120132112031211331322322230222023022323
2000100001010001102030201010311111200201120132112031211331322322230222023022333
200010000101000110203020101031111120020112013211203121133132232223022202303
200010000101000110203020101031111120020112013211203121133132232223022203
200010000101000110203020101031111120020112013211203121133132232223023
200010000101000110203020101031111120020112013211203121133132232223031
200010000101000110203020101031111120020112013211203121133132232223032
200010000101000110203020101031111120020112013211203121133132232223033
20001000010100011020302010103111112002011201321120312113313223222313
200010000101000110203020101031111120020112013211203121133132232223223
200010000101000110203020101031111120020112013211203121133132232223233
2000100001010001102030201010311111200202
2000100001010001102030201010311111200203
20001000010100012
20001000010100013
2000100002
2000100003
000010000010101001011020302020110
0000100000101010010110203020201111201202121030
000010000010101001011020302020111120120212103130
000010000010101001011020302020111120120212103131321111
0000100000101010010110203020201111201202121031313211122023021211
00001000001010100101102030202011112012021210313132111220230212122303120
00001000001010100101102030202011112012021210313132111220230212122303121
00001000001010100101102030202011112012021210313132111220230212122303122
00001000001010100101102030202011112012021210313132111220230212122303123220
0000100000101010010110203020201111201202121031313211122023021212230312322130
0000100000101010010110203020201111201202121031313211122023021212230312322131
0000100000101010010110203020201111201202121031313211122023021212230312322132
000010000010101001011020302020111120120212103131321112202302121223031232213332
000010000010101001011020302020111120120212103131321112202302121223031232213333
000010000010101001011020302020111120120212103131321112202302121223031232223021
000010000010101001011020302020111120120212103131321112202302121223031232223022
0000100000101010010110203020201111201202121031313211122023021212230312322230230
0000100000101010010110203020201111201202121031313211122023021212230312322230231
0000100000101010010110203020201111201202121031313211122023021212230312322230232
0000100000101010010110203020201111201202121031313211122023021212230312322230233
000010000010101001011020302020111120120212103131321112202302121223031232223031
000010000010101001011020302020111120120212103131321112202302121223031232223032
000010000010101001011020302020111120120212103131321112202302121223031232223033
00001000001010100101102030202011112012021210313132111220230212122303123222313
000010000010101001011020302020111120120212103131321112202302121223031232223223
0000100000101010010110203020201111201202121031313211122023021212230312322232333
0000100000101010010110203020201111201202121031313211122023021213
00001000001010100101102030202011112012021210313132111220230213
0000100000101010010110203020201111201202121031313211122023022313
000010000010101001011020302020111120120212103131321112202302232
000010000010101001011020302020111120120212103131321112202302233
000010000010101001011020302020111120120212103131321112202303
000010000010101001011020302020111120120212103131321112203
0000100000101010010110203020201111201203
000010000010101001012
000010000010101001013
000010000010101002
000010000010101003
100010000010101001011020302020030
10001000001010100101102030202003110
10001000001010100101102030202003111120120121130
10001000001010100101102030202003111120120121131321111
1000100000101010010110203020200311112012012113132111220230212121
1000100000101010010110203020200311112012012113132111220230212122303120
1000100000101010010110203020200311112012012113132111220230212122303121
1000100000101010010110203020200311112012012113132111220230212122303122
1000100000101010010110203020200311112012012113132111220230212122303123220
100010000010101001011020302020031111201201211313211122023021212230312322130
100010000010101001011020302020031111201201211313211122023021212230312322131
100010000010101001011020302020031111201201211313211122023021212230312322132
10001000001010100101102030202003111120120121131321112202302121223031232213332
10001000001010100101102030202003111120120121131321112202302121223031232213333
10001000001010100101102030202003111120120121131321112202302121223031232223021
10001000001010100101102030202003111120120121131321112202302121223031232223022
100010000010101001011020302020031111201201211313211122023021212230312322230230
100010000010101001011020302020031111201201211313211122023021212230312322230231
100010000010101001011020302020031111201201211313211122023021212230312322230232
100010000010101001011020302020031111201201211313211122023021212230312322230233
10001000001010100101102030202003111120120121131321112202302121223031232223031
10001000001010100101102030202003111120120121131321112202302121223031232223032
10001000001010100101102030202003111120120121131321112202302121223031232223033
1000100000101010010110203020200311112012012113132111220230212122303123222313
10001000001010100101102030202003111120120121131321112202302121223031232223223
100010000010101001011020302020031111201201211313211122023021212230312322232333
100010000010101001011020302020031111201201211313211122023021213
1000100000101010010110203020200311112012012113132111220230213
100010000010101001011020302020031111201201211313211122023022313
10001000001010100101102030202003111120120121131321112202302232
10001000001010100101102030202003111120120121131321112202302233
10001000001010100101102030202003111120120121131321112202303
10001000001010100101102030202003111120120121131321112203
100010000010101001011020302020031111201202
100010000010101001011020302020031111201203
100010000010101001012
100010000010101001013
100010000010101002
100010000010101003
30000101000110203000102110
30000101000110203000102111200101020201120130
30000101000110203000102111200101020201120131
300001010001102030001021112001010202011201321111
300001010001102030001021112001010202011201321112202302121030
30000101000110203000102111200101020201120132111220230212103121133030
3000010100011020300010211120010102020112013211122023021210312113303120
3000010100011020300010211120010102020112013211122023021210312113303121
30000101000110203000102111200101020201120132111220230212103121133031221
300001010001102030001021112001010202011201321112202302121031211330312223220
30000101000110203000102111200101020201120132111220230212103121133031222322130
30000101000110203000102111200101020201120132111220230212103121133031222322131
30000101000110203000102111200101020201120132111220230212103121133031222322132
3000010100011020300010211120010102020112013211122023021210312113303122232213332
3000010100011020300010211120010102020112013211122023021210312113303122232213333
3000010100011020300010211120010102020112013211122023021210312113303122232223131
3000010100011020300010211120010102020112013211122023021210312113303122232223132
3000010100011020300010211120010102020112013211122023021210312113303122232223133
3000010100011020300010211120010102020112013211122023021210312113303122232223223
3000010100011020300010211120010102020112013211122023021210312113303122232223233
3000010100011020300010211120010102020112013211122023021210312113303123
300001010001102030001021112001010202011201321112202302121031212
300001010001102030001021112001010202011201321112202302121031213
30000101000110203000102111200101020201120132111220230213
3000010100011020300010211120010102020112013211122023022313
300001010001102030001021112001010202011201321112202302232
300001010001102030001021112001010202011201321112202302233
300001010001102030001021112001010202011201321112202303
300001010001102030001021112001010202011201321112203
30000101000110203000102111200101020202
30000101000110203000102111200101020203
300001010001102030001022
300001010001102030001023
300001010001102030001031
300001010001102030001032
300001010001102030001033
3000010100012
3000010100013
300002
300003
