000000
010
0200
030
0010
00200
0030
00010
00020
00030
000010
000020
000030
000001
000002
000003
0110
0120
0130
0210
0220
02300
0201
0202
0203
031
032
033
0011
0012
0013
00210
00220
00230
00201
00202
00203
0031
0032
0033
00011
00012
00013
00021
00022
00023
00031
00032
00033
000011
000012
000013
000021
000022
000023
000031
000032
000033
0111
0112
0113
0121
0122
0123
0131
0132
0133
0211
0212
0213
0221
0222
0223
02310
02320
02330
02301
02302
02303
00211
00212
00213
00221
00222
00223
00231
00232
00233
02311
02312
02313
02321
02322
02323
02331
02332
02333
100000
110
1200
1300
1010
1020
1030
10010
10020
10030
100010
1000200
100030
100001
100002
100003
111
112
113
1210
1220
12300
1201
1202
1203
131
1320
1330
1301
1302
1303
1011
1012
1013
1021
1022
1023
1031
1032
1033
10011
10012
10013
10021
10022
10023
10031
10032
10033
100011
100012
100013
1000210
1000220
1000230
1000201
1000202
1000203
100031
100032
100033
1211
1212
1213
1221
1222
1223
12310
12320
12330
12301
12302
12303
1321
1322
1323
1331
1332
1333
1000211
1000212
1000213
1000221
1000222
1000223
1000231
1000232
1000233
12311
12312
12313
12321
12322
12323
12331
12332
12333
200000
2100
2200
230
2010
20200
2030
20010
20020
20030
200010
200020
200030
200001
200002
200003
2110
212
2130
2101
2102
2103
2210
2220
22300
2201
2202
2203
231
232
233
2011
2012
2013
20210
20220
20230
20201
20202
20203
2031
2032
2033
20011
20012
20013
20021
20022
20023
20031
20032
20033
200011
200012
200013
200021
200022
200023
200031
200032
200033
2111
2112
2113
2131
2132
2133
2211
2212
2213
2221
2222
2223
22310
22320
22330
22301
22302
22303
20211
20212
20213
20221
20222
20223
20231
20232
20233
22311
22312
22313
22321
22322
22323
22331
22332
22333
300000
310
3200
3300
3010
3020
3030
30010
30020
30030
300010
3000200
300030
300001
300002
300003
311
312
313
3210
3220
32300
3201
3202
3203
3310
3320
333
3301
3302
3303
3011
3012
3013
3021
3022
3023
3031
3032
3033
30011
30012
30013
30021
30022
30023
30031
30032
30033
300011
300012
300013
3000210
3000220
3000230
3000201
3000202
3000203
300031
300032
300033
3211
3212
3213
3221
3222
3223
32310
32320
32330
32301
32302
32303
3311
3312
3313
3321
3322
3323
3000211
3000212
3000213
3000221
3000222
3000223
3000231
3000232
3000233
32311
32312
32313
32321
32322
32323
32331
32332
32333
