0000
010
0200
0300
0010
0020
00300
0001
0002
0003
011
012
013
02100
0220
0230
0201
0202
0203
0310
0320
0330
03010
03020
03030
0011
0012
0013
0021
0022
0023
00310
003200
00330
00301
00302
00303
02110
02120
02130
02101
02102
02103
0221
0222
0223
0231
0232
0233
0311
0312
0313
0321
0322
0323
0331
0332
0333
03011
03012
03013
03021
03022
03023
03031
03032
03033
00311
00312
00313
003210
003220
003230
003201
003202
003203
00331
00332
00333
02111
02112
02113
02121
02122
02123
02131
02132
02133
003211
003212
003213
003221
003222
003223
003231
003232
003233
100000
1100
1200
130
101
1020
1030
10010
10020
10030
100010
100020
100030
100001
100002
100003
11100
1120
1130
1101
1102
1103
1210
12200
1230
1201
1202
1203
131
132
133
1021
1022
1023
1031
1032
1033
10011
10012
10013
10021
10022
10023
10031
10032
10033
100011
100012
100013
100021
100022
100023
100031
100032
100033
11110
11120
11130
11101
11102
11103
1121
1122
1123
1131
1132
1133
1211
1212
1213
12210
12220
12230
12201
12202
12203
1231
1232
1233
11111
11112
11113
11121
11122
11123
11131
11132
11133
12211
12212
12213
12221
12222
12223
12231
12232
12233
20000
2100
22
230
2010
20200
2030
20010
20020
200300
20001
20002
20003
2110
2120
2130
2101
2102
2103
231
232
233
2011
2012
2013
202100
20220
20230
20201
20202
20203
2031
2032
2033
20011
20012
20013
20021
20022
20023
200310
2003200
200330
200301
200302
200303
2111
2112
2113
2121
2122
2123
2131
2132
2133
202110
202120
202130
202101
202102
202103
20221
20222
20223
20231
20232
20233
200311
200312
200313
2003210
2003220
2003230
2003201
2003202
2003203
200331
200332
200333
202111
202112
202113
202121
202122
202123
202131
202132
202133
2003211
2003212
2003213
2003221
2003222
2003223
2003231
2003232
2003233
300000
3100
3200
330
3010
3020
303
30010
30020
30030
300010
300020
300030
300001
300002
300003
31100
3120
3130
3101
3102
3103
3210
32200
3230
3201
3202
3203
331
332
333
3011
3012
3013
3021
3022
3023
30011
30012
30013
30021
30022
30023
30031
30032
30033
300011
300012
300013
300021
300022
300023
300031
300032
300033
31110
31120
31130
31101
31102
31103
3121
3122
3123
3131
3132
3133
3211
3212
3213
32210
32220
32230
32201
32202
32203
3231
3232
3233
31111
31112
31113
31121
31122
31123
31131
31132
31133
32211
32212
32213
32221
32222
32223
32231
32232
32233
