200
210000
2200
2300
201
202
203
2110
2120
2130
21010
21020
21030
210010
2100200
210030
210001
210002
210003
2210
22200
2230
2201
2202
2203
2310
232
2330
2301
2302
2303
2111
2112
2113
2121
2122
2123
2131
2132
2133
21011
21012
21013
21021
21022
21023
21031
21032
21033
210011
210012
210013
2100210
2100220
2100230
2100201
2100202
2100203
210031
210032
210033
2211
2212
2213
22210
22220
22230
22201
22202
22203
2231
2232
2233
2311
2312
2313
2331
2332
2333
2100211
2100212
2100213
2100221
2100222
2100223
2100231
2100232
2100233
22211
22212
22213
22221
22222
22223
22231
22232
22233
100
110
12000
1300
101
102
103
111
112
113
1210
12200
12300
12010
12020
1203000
12001
12002
12003
1310
1320
1330
1301
1302
1303
1211
1212
1213
12210
12220
12230
12201
12202
12203
12310
12320
12330
12301
12302
12303
12011
12012
12013
12021
12022
12023
12031
120320
120330
1203010
1203020
1203030
1203001
1203002
1203003
1311
1312
1313
1321
1322
1323
1331
1332
1333
12211
12212
12213
12221
12222
12223
12231
12232
12233
12311
12312
12313
12321
12322
12323
12331
12332
12333
120321
120322
120323
120331
120332
120333
1203011
1203012
1203013
1203021
1203022
1203023
1203031
1203032
1203033
300
310000
3200
3300
301
302
303
3110
3120
3130
31010
31020
31030
310010
3100200
310030
310001
310002
310003
3210
32200
3230
3201
3202
3203
3310
3320
333
3301
3302
3303
3111
3112
3113
3121
3122
3123
3131
3132
3133
31011
31012
31013
31021
31022
31023
31031
31032
31033
310011
310012
310013
3100210
3100220
3100230
3100201
3100202
3100203
310031
310032
310033
3211
3212
3213
32210
32220
32230
32201
32202
32203
3231
3232
3233
3311
3312
3313
3321
3322
3323
3100211
3100212
3100213
3100221
3100222
3100223
3100231
3100232
3100233
32211
32212
32213
32221
32222
32223
32231
32232
32233
00000
0100
0200
030
0010
0020
0030
000100
000200
00030
00001
00002
00003
0110
0120
0130
0101
0102
0103
0210
0220
0230
0201
0202
0203
031
032
033
0011
0012
0013
0021
0022
0023
00310
00320
00330
000110
000120
000130
000101
000102
000103
000210
000220
000230
000201
000202
000203
00031
00032
00033
0111
0112
0113
0121
0122
0123
0131
0132
0133
0211
0212
0213
0221
0222
0223
0231
0232
0233
00311
00312
00313
00321
00322
00323
00331
00332
00333
000111
000112
000113
000121
000122
000123
000131
000132
000133
000211
000212
000213
000221
000222
000223
000231
000232
000233
