00000101020102030203010
0000010102010203020301120
000001010201020302030112130
0000010102010203020301121311
00000101020102030203011213122321
00000101020102030203011213122322
0000010102010203020301121312232330
0000010102010203020301121312232331
0000010102010203020301121312232332
0000010102010203020301121312232333
0000010102010203020301121313
0000010102010203020302
0000010102010203020303
0000010102010203020311121
0000010102010203020311122
0000010102010203020311123
0000010102010203020311131
0000010102010203020311132
0000010102010203020311133
0000010102010203020312
0000010102010203020313
0000010102010203020321
0000010102010203020322
0000010102010203020323
000001010201020302033
00000101020103
10000010102010203020301120
1000001010201020302030112130
10000010102010203020301121311
100000101020102030203011213122321
100000101020102030203011213122322
10000010102010203020301121312232330
10000010102010203020301121312232331
10000010102010203020301121312232332
10000010102010203020301121312232333
10000010102010203020301121313
10000010102010203020302
10000010102010203020303
10000010102010203020311121
10000010102010203020311122
10000010102010203020311123
10000010102010203020311131
10000010102010203020311132
10000010102010203020311133
10000010102010203020312
10000010102010203020313
10000010102010203020321
10000010102010203020322
10000010102010203020323
1000001010201020302033
100000101020103
200000101020102030203010
2000001010201020302030112130
20000010102010203020301121311
200000101020102030203011213122321
200000101020102030203011213122322
20000010102010203020301121312232330
20000010102010203020301121312232331
20000010102010203020301121312232332
20000010102010203020301121312232333
20000010102010203020301121313
20000010102010203020302
20000010102010203020303
20000010102010203020311121
20000010102010203020311122
20000010102010203020311123
20000010102010203020311131
20000010102010203020311132
20000010102010203020311133
20000010102010203020312
20000010102010203020313
20000010102010203020321
20000010102010203020322
20000010102010203020323
2000001010201020302033
200000101020103
300000101010202020301030
3000001010102020203010311120
30000010101020202030103111213122321
30000010101020202030103111213122322
3000001010102020203010311121312232330
3000001010102020203010311121312232331
3000001010102020203010311121312232332
3000001010102020203010311121312232333
3000001010102020203010311121313
300000101010202020301032
300000101010202020301033
300000101010202020302
300000101010202020303
300000101010202020311121
300000101010202020311122
300000101010202020311123
30000010101020202031113
300000101010202020312
300000101010202020313
300000101010202020321
300000101010202020322
300000101010202020323
30000010101020202033
3000001010103
