000
0100000
02000
030
0010
0020
0030
0110
0120
0130
01010
01020
01030
010010
010020
010030
0100010
0100020
0100030
0100001
0100002
0100003
0210
022000
0230
02010
02020
02030
02001
02002
02003
031
032
033
0011
0012
0013
0021
0022
0023
0031
0032
0033
0111
0112
0113
0121
0122
0123
0131
0132
0133
01011
01012
01013
01021
01022
01023
01031
01032
01033
010011
010012
010013
010021
010022
010023
010031
010032
010033
0100011
0100012
0100013
0100021
0100022
0100023
0100031
0100032
0100033
0211
0212
0213
02210
02220
02230
022010
022020
022030
022001
022002
022003
0231
0232
0233
02011
02012
02013
02021
02022
02023
02031
02032
02033
02211
02212
02213
02221
02222
02223
02231
02232
02233
022011
022012
022013
022021
022022
022023
022031
022032
022033
1000000
110
120
130
1010
10200
103000
10010
10020
10030
100010
100020
100030
1000010
1000020
1000030
1000001
1000002
1000003
111
112
113
121
122
123
131
132
133
1011
1012
1013
10210
1022000
10230
10201
10202
10203
1031
10320
10330
103010
103020
103030
103001
103002
103003
10011
10012
10013
10021
10022
10023
10031
10032
10033
100011
100012
100013
100021
100022
100023
100031
100032
100033
1000011
1000012
1000013
1000021
1000022
1000023
1000031
1000032
1000033
10211
10212
10213
102210
102220
102230
1022010
1022020
1022030
1022001
1022002
1022003
10231
10232
10233
10321
10322
10323
10331
10332
10333
103011
103012
103013
103021
103022
103023
103031
103032
103033
102211
102212
102213
102221
102222
102223
102231
102232
102233
1022011
1022012
1022013
1022021
1022022
1022023
1022031
1022032
1022033
30000000
31000
32000
330
3010
3020
3030
30010
30020
30030
300010
300020
300030
3000010
3000020
3000030
30000010
30000020
30000030
30000001
30000002
30000003
3110
3120
3130
31010
31020
3103
31001
31002
31003
3210
3220
3230
32010
32020
32030
32001
32002
32003
331
332
333
3011
3012
3013
3021
3022
3023
3031
3032
3033
30011
30012
30013
30021
30022
30023
30031
30032
30033
300011
300012
300013
300021
300022
300023
300031
300032
300033
3000011
3000012
3000013
3000021
3000022
3000023
3000031
3000032
3000033
30000011
30000012
30000013
30000021
30000022
30000023
30000031
30000032
30000033
3111
3112
3113
3121
3122
3123
3131
3132
3133
31011
31012
31013
31021
31022
31023
3211
3212
3213
3221
3222
3223
3231
3232
3233
32011
32012
32013
32021
32022
32023
32031
32032
32033
20000000
21000
22000
230
2010
2020
2030
20010
20020
20030
200010
200020
200030
2000010
2000020
2000030
20000010
20000020
20000030
20000001
20000002
20000003
2110
2120
2130
21010
2102
21030
21001
21002
21003
2210
2220
2230
22010
22020
22030
22001
22002
22003
231
232
233
2011
2012
2013
2021
2022
2023
2031
2032
2033
20011
20012
20013
20021
20022
20023
20031
20032
20033
200011
200012
200013
200021
200022
200023
200031
200032
200033
2000011
2000012
2000013
2000021
2000022
2000023
2000031
2000032
2000033
20000011
20000012
20000013
20000021
20000022
20000023
20000031
20000032
20000033
2111
2112
2113
2121
2122
2123
2131
2132
2133
21011
21012
21013
21031
21032
21033
2211
2212
2213
2221
2222
2223
2231
2232
2233
22011
22012
22013
22021
22022
22023
22031
22032
22033
