200000010102001010011030211120
200000010102001010011030211121300
200000010102001010011030211121301
20000001010200101001103021112130220103110020320
200000010102001010011030211121302201031100203211030
200000010102001010011030211121302201031100203211031211
20000001010200101001103021112130220103110020321103121230
20000001010200101001103021112130220103110020321103121231
20000001010200101001103021112130220103110020321103121232
20000001010200101001103021112130220103110020321103121233300
200000010102001010011030211121302201031100203211031212333013
200000010102001010011030211121302201031100203211031212333022
200000010102001010011030211121302201031100203211031212333023
20000001010200101001103021112130220103110020321103121233303120
2000000101020010100110302111213022010311002032110312123330312130
2000000101020010100110302111213022010311002032110312123330312131
2000000101020010100110302111213022010311002032110312123330312132
200000010102001010011030211121302201031100203211031212333031213322
20000001010200101001103021112130220103110020321103121233303121332330
20000001010200101001103021112130220103110020321103121233303121332331322
200000010102001010011030211121302201031100203211031212333031213323313233101
200000010102001010011030211121302201031100203211031212333031213323313233102
200000010102001010011030211121302201031100203211031212333031213323313233103
200000010102001010011030211121302201031100203211031212333031213323313233111
200000010102001010011030211121302201031100203211031212333031213323313233112
200000010102001010011030211121302201031100203211031212333031213323313233113
200000010102001010011030211121302201031100203211031212333031213323313233122
200000010102001010011030211121302201031100203211031212333031213323313233123
20000001010200101001103021112130220103110020321103121233303121332331323313
200000010102001010011030211121302201031100203211031212333031213323313233201
200000010102001010011030211121302201031100203211031212333031213323313233202
20000001010200101001103021112130220103110020321103121233303121332331323320330
20000001010200101001103021112130220103110020321103121233303121332331323320331
20000001010200101001103021112130220103110020321103121233303121332331323320332
20000001010200101001103021112130220103110020321103121233303121332331323320333
200000010102001010011030211121302201031100203211031212333031213323313233210211121
200000010102001010011030211121302201031100203211031212333031213323313233210211122
200000010102001010011030211121302201031100203211031212333031213323313233210211123
200000010102001010011030211121302201031100203211031212333031213323313233210211132
200000010102001010011030211121302201031100203211031212333031213323313233210211133
200000010102001010011030211121302201031100203211031212333031213323313233210211220
200000010102001010011030211121302201031100203211031212333031213323313233210211221
20000001010200101001103021112130220103110020321103121233303121332331323321021122220
20000001010200101001103021112130220103110020321103121233303121332331323321021122221
20000001010200101001103021112130220103110020321103121233303121332331323321021122222
20000001010200101001103021112130220103110020321103121233303121332331323321021122223
20000001010200101001103021112130220103110020321103121233303121332331323321021122230
20000001010200101001103021112130220103110020321103121233303121332331323321021122231
20000001010200101001103021112130220103110020321103121233303121332331323321021122232
20000001010200101001103021112130220103110020321103121233303121332331323321021122233
200000010102001010011030211121302201031100203211031212333031213323313233210211223
200000010102001010011030211121302201031100203211031212333031213323313233210211230
200000010102001010011030211121302201031100203211031212333031213323313233210211231
200000010102001010011030211121302201031100203211031212333031213323313233210211232
200000010102001010011030211121302201031100203211031212333031213323313233210211233
2000000101020010100110302111213022010311002032110312123330312133233132332102113
200000010102001010011030211121302201031100203211031212333031213323313233210212
200000010102001010011030211121302201031100203211031212333031213323313233210213
2000000101020010100110302111213022010311002032110312123330312133233132332103
200000010102001010011030211121302202
200000010102001010011030211121302203
2000000101020010100110302112
2000000101020010100110302113
20000001010200102
20000001010200103
00010000020010100110302110
0001000002001010011030211120
0001000002001010011030211121301
00010000020010100110302111213022010311001230
00010000020010100110302111213022010311001231
00010000020010100110302111213022010311001232
0001000002001010011030211121302201031100123320
00010000020010100110302111213022010311001233211020330030
0001000002001010011030211121302201031100123321102033003120
00010000020010100110302111213022010311001233211020330031211
00010000020010100110302111213022010311001233211020330031212
00010000020010100110302111213022010311001233211020330031213
00010000020010100110302111213022010311001233211020330031222
00010000020010100110302111213022010311001233211020330031223
0001000002001010011030211121302201031100123321102033003123120
000100000200101001103021112130220103110012332110203300312312130
000100000200101001103021112130220103110012332110203300312312131
000100000200101001103021112130220103110012332110203300312312132
0001000002001010011030211121302201031100123321102033003123121332
00010000020010100110302111213022010311001233211020330031231213330
00010000020010100110302111213022010311001233211020330031231213331322
000100000200101001103021112130220103110012332110203300312312133313233101
000100000200101001103021112130220103110012332110203300312312133313233102
000100000200101001103021112130220103110012332110203300312312133313233103
000100000200101001103021112130220103110012332110203300312312133313233111
000100000200101001103021112130220103110012332110203300312312133313233112
000100000200101001103021112130220103110012332110203300312312133313233113
000100000200101001103021112130220103110012332110203300312312133313233122
000100000200101001103021112130220103110012332110203300312312133313233123
00010000020010100110302111213022010311001233211020330031231213331323313
000100000200101001103021112130220103110012332110203300312312133313233201
000100000200101001103021112130220103110012332110203300312312133313233202
00010000020010100110302111213022010311001233211020330031231213331323320330
00010000020010100110302111213022010311001233211020330031231213331323320331
00010000020010100110302111213022010311001233211020330031231213331323320332
00010000020010100110302111213022010311001233211020330031231213331323320333
000100000200101001103021112130220103110012332110203300312312133313233210211121
000100000200101001103021112130220103110012332110203300312312133313233210211122
000100000200101001103021112130220103110012332110203300312312133313233210211123
000100000200101001103021112130220103110012332110203300312312133313233210211132
000100000200101001103021112130220103110012332110203300312312133313233210211133
0001000002001010011030211121302201031100123321102033003123121333132332102112201
0001000002001010011030211121302201031100123321102033003123121333132332102112202
0001000002001010011030211121302201031100123321102033003123121333132332102112203
000100000200101001103021112130220103110012332110203300312312133313233210211221
00010000020010100110302111213022010311001233211020330031231213331323321021122220
00010000020010100110302111213022010311001233211020330031231213331323321021122221
00010000020010100110302111213022010311001233211020330031231213331323321021122222
00010000020010100110302111213022010311001233211020330031231213331323321021122223
00010000020010100110302111213022010311001233211020330031231213331323321021122230
00010000020010100110302111213022010311001233211020330031231213331323321021122231
00010000020010100110302111213022010311001233211020330031231213331323321021122232
00010000020010100110302111213022010311001233211020330031231213331323321021122233
000100000200101001103021112130220103110012332110203300312312133313233210211223
000100000200101001103021112130220103110012332110203300312312133313233210211230
000100000200101001103021112130220103110012332110203300312312133313233210211231
000100000200101001103021112130220103110012332110203300312312133313233210211232
000100000200101001103021112130220103110012332110203300312312133313233210211233
0001000002001010011030211121302201031100123321102033003123121333132332102113
000100000200101001103021112130220103110012332110203300312312133313233210212
000100000200101001103021112130220103110012332110203300312312133313233210213
0001000002001010011030211121302201031100123321102033003123121333132332103
000100000200101001103021112130220103110013
0001000002001010011030211121302202
0001000002001010011030211121302203
000100000200102
000100000200103
1000000010102001010011030211120
1000000010102001010011030211121300
1000000010102001010011030211121301
100000001010200101001103021112130220103111020320
10000000101020010100110302111213022010311102032120
100000001010200101001103021112130220103111020321213030
10000000101020010100110302111213022010311102032121303120
100000001010200101001103021112130220103111020321213031211
10000000101020010100110302111213022010311102032121303121230
10000000101020010100110302111213022010311102032121303121231
10000000101020010100110302111213022010311102032121303121232
10000000101020010100110302111213022010311102032121303121233300
100000001010200101001103021112130220103111020321213031212333013
100000001010200101001103021112130220103111020321213031212333022
100000001010200101001103021112130220103111020321213031212333023
100000001010200101001103021112130220103111020321213031212333031
1000000010102001010011030211121302201031110203212130312123330322
100000001010200101001103021112130220103111020321213031212333032330
100000001010200101001103021112130220103111020321213031212333032331322
1000000010102001010011030211121302201031110203212130312123330323313233101
1000000010102001010011030211121302201031110203212130312123330323313233102
1000000010102001010011030211121302201031110203212130312123330323313233103
1000000010102001010011030211121302201031110203212130312123330323313233111
1000000010102001010011030211121302201031110203212130312123330323313233112
1000000010102001010011030211121302201031110203212130312123330323313233113
1000000010102001010011030211121302201031110203212130312123330323313233122
1000000010102001010011030211121302201031110203212130312123330323313233123
1000000010102001010011030211121302201031110203212130312123330323313233131
1000000010102001010011030211121302201031110203212130312123330323313233132
1000000010102001010011030211121302201031110203212130312123330323313233133
1000000010102001010011030211121302201031110203212130312123330323313233201
1000000010102001010011030211121302201031110203212130312123330323313233202
100000001010200101001103021112130220103111020321213031212333032331323320330
100000001010200101001103021112130220103111020321213031212333032331323320331
100000001010200101001103021112130220103111020321213031212333032331323320332
100000001010200101001103021112130220103111020321213031212333032331323320333
1000000010102001010011030211121302201031110203212130312123330323313233210211121
1000000010102001010011030211121302201031110203212130312123330323313233210211122
1000000010102001010011030211121302201031110203212130312123330323313233210211123
1000000010102001010011030211121302201031110203212130312123330323313233210211132
1000000010102001010011030211121302201031110203212130312123330323313233210211133
1000000010102001010011030211121302201031110203212130312123330323313233210211220
1000000010102001010011030211121302201031110203212130312123330323313233210211221
100000001010200101001103021112130220103111020321213031212333032331323321021122220
100000001010200101001103021112130220103111020321213031212333032331323321021122221
100000001010200101001103021112130220103111020321213031212333032331323321021122222
100000001010200101001103021112130220103111020321213031212333032331323321021122223
100000001010200101001103021112130220103111020321213031212333032331323321021122230
100000001010200101001103021112130220103111020321213031212333032331323321021122231
100000001010200101001103021112130220103111020321213031212333032331323321021122232
100000001010200101001103021112130220103111020321213031212333032331323321021122233
1000000010102001010011030211121302201031110203212130312123330323313233210211223
1000000010102001010011030211121302201031110203212130312123330323313233210211230
1000000010102001010011030211121302201031110203212130312123330323313233210211231
1000000010102001010011030211121302201031110203212130312123330323313233210211232
1000000010102001010011030211121302201031110203212130312123330323313233210211233
10000000101020010100110302111213022010311102032121303121233303233132332102113
1000000010102001010011030211121302201031110203212130312123330323313233210212
1000000010102001010011030211121302201031110203212130312123330323313233210213
10000000101020010100110302111213022010311102032121303121233303233132332103
1000000010102001010011030211121302202
1000000010102001010011030211121302203
10000000101020010100110302112
10000000101020010100110302113
100000001010200102
100000001010200103
300010000110200101002110303100
30001000011020010100211030310120
3000100001102001010021103031012130220110011
300010000110200101002110303101213022011001230
300010000110200101002110303101213022011001231
300010000110200101002110303101213022011001232
30001000011020010100211030310121302201100123320330020
300010000110200101002110303101213022011001233203300212030
30001000011020010100211030310121302201100123320330021203131
30001000011020010100211030310121302201100123320330021203132110
300010000110200101002110303101213022011001233203300212031321111
300010000110200101002110303101213022011001233203300212031321112
300010000110200101002110303101213022011001233203300212031321113
300010000110200101002110303101213022011001233203300212031321122
300010000110200101002110303101213022011001233203300212031321123
30001000011020010100211030310121302201100123320330021203132113120
3000100001102001010021103031012130220110012332033002120313211312130
3000100001102001010021103031012130220110012332033002120313211312131
3000100001102001010021103031012130220110012332033002120313211312132
300010000110200101002110303101213022011001233203300212031321131213321
300010000110200101002110303101213022011001233203300212031321131213322
30001000011020010100211030310121302201100123320330021203132113121332333101
30001000011020010100211030310121302201100123320330021203132113121332333102
30001000011020010100211030310121302201100123320330021203132113121332333103
3000100001102001010021103031012130220110012332033002120313211312133233311
30001000011020010100211030310121302201100123320330021203132113121332333122
30001000011020010100211030310121302201100123320330021203132113121332333123
3000100001102001010021103031012130220110012332033002120313211312133233313
30001000011020010100211030310121302201100123320330021203132113121332333201
300010000110200101002110303101213022011001233203300212031321131213323332022
300010000110200101002110303101213022011001233203300212031321131213323332023
3000100001102001010021103031012130220110012332033002120313211312133233320330
3000100001102001010021103031012130220110012332033002120313211312133233320331
3000100001102001010021103031012130220110012332033002120313211312133233320332
3000100001102001010021103031012130220110012332033002120313211312133233320333
30001000011020010100211030310121302201100123320330021203132113121332333210211122
30001000011020010100211030310121302201100123320330021203132113121332333210211123
30001000011020010100211030310121302201100123320330021203132113121332333210211132
30001000011020010100211030310121302201100123320330021203132113121332333210211133
300010000110200101002110303101213022011001233203300212031321131213323332102112201
300010000110200101002110303101213022011001233203300212031321131213323332102112202
300010000110200101002110303101213022011001233203300212031321131213323332102112203
30001000011020010100211030310121302201100123320330021203132113121332333210211221
3000100001102001010021103031012130220110012332033002120313211312133233321021122220
3000100001102001010021103031012130220110012332033002120313211312133233321021122221
3000100001102001010021103031012130220110012332033002120313211312133233321021122222
3000100001102001010021103031012130220110012332033002120313211312133233321021122223
3000100001102001010021103031012130220110012332033002120313211312133233321021122230
3000100001102001010021103031012130220110012332033002120313211312133233321021122231
3000100001102001010021103031012130220110012332033002120313211312133233321021122232
3000100001102001010021103031012130220110012332033002120313211312133233321021122233
30001000011020010100211030310121302201100123320330021203132113121332333210211223
30001000011020010100211030310121302201100123320330021203132113121332333210211230
30001000011020010100211030310121302201100123320330021203132113121332333210211231
30001000011020010100211030310121302201100123320330021203132113121332333210211232
30001000011020010100211030310121302201100123320330021203132113121332333210211233
300010000110200101002110303101213022011001233203300212031321131213323332102113
30001000011020010100211030310121302201100123320330021203132113121332333210212
30001000011020010100211030310121302201100123320330021203132113121332333210213
300010000110200101002110303101213022011001233203300212031321131213323332103
3000100001102001010021103031012130220110013
30001000011020010100211030310121302202
30001000011020010100211030310121302203
300010000110200102
300010000110200103
