001000200102011021030
001000200102011021031112120303130
001000200102011021031112120303131
00100020010201102103111212030313223212220
00100020010201102103111212030313223212221333
0010002001020110210311121203031322321222232
0010002001020110210311121203031322321222233
00100020010201102103111212030313223212223
00100020010201102103111212030313223212230
00100020010201102103111212030313223212231
00100020010201102103111212030313223212232
00100020010201102103111212030313223212233
00100020010201102103111212030313223213
0010002001020110211
0010002001020110212
0010002001020110213
001000201
001000202
001000203
10000110120200102021030
100001101202001020210311121213030
10000110120200102021031112121303131
10000110120200102021031112121303132232220
10000110120200102021031112121303132232221333
1000011012020010202103111212130313223222232
1000011012020010202103111212130313223222233
10000110120200102021031112121303132232223
10000110120200102021031112121303132232230
10000110120200102021031112121303132232231
10000110120200102021031112121303132232232
10000110120200102021031112121303132232233
100001101202001020211
100001101202001020212
100001101202001020213
10000110120201
10000110120202
10000110120203
100001101203
20000010102011021030
20000010102011021031112120220
20000010102011021031112120221321223030
2000001010201102103111212022132122303130
2000001010201102103111212022132122303131
20000010102011021031112120221321223031322333
20000010102011021031112120221321223032
20000010102011021031112120221321223033
200000101020110210311121202213212231
200000101020110210311121202213212232
200000101020110210311121202213212233
2000001010201102103111212022132123
200000101020110210311121202213213
20000010102011021031112120222
20000010102011021031112120223
200000101020110210311121203
200000101020110211
200000101020110212
200000101020110213
201
202
203
3000100110200102031112021030
30001001102001020311120210312130
30001001102001020311120210312131
3000100110200102031112021031213223212220
3000100110200102031112021031213223212221333
300010011020010203111202103121322321222232
300010011020010203111202103121322321222233
3000100110200102031112021031213223212223
3000100110200102031112021031213223212230
3000100110200102031112021031213223212231
3000100110200102031112021031213223212232
3000100110200102031112021031213223212233
3000100110200102031112021031213223213
30001001102001020311120211
30001001102001020311120212
30001001102001020311120213
300010011020010203111203
3000100110201
3000100110202
3000100110203
