010011000000021121030321
010011000000021121030322
010011000000021121030323
010011000000021121030332
010011000000021121030333100
0100110000000211210303331011
0100110000000211210303331012
010011000000021121030333101312
010011000000021121030333101313
01001100000002112103033310132
01001100000002112103033310133
01001100000002112103033311
01001100000002112103033312
010011000000021121030333130
0100110000000211210303331312
01001100000002112103033313131
01001100000002112103033313132
01001100000002112103033313133
010011000000021121030333132
0100110000000211210303331332
0100110000000211210303331333
0100110000000211210310
01001100000002112103112
01001100000002112103113
0100110000000211210312
0100110000000211210313
01002
01003
