0010001001020203020
0010001001020203021112122130301
001000100102020302111212213030223110
00100010010202030211121221303022311120
001000100102020302111212213030223111213031
0010001001020203021112122130302231112130322
00100010010202030211121221303022311121303232
0010001001020203021112122130302231112130323312
001000100102020302111212213030223111213032331322
0010001001020203021112122130302231112130323313233133
001000100102020302111212213030223111213032331323323
00100010010202030211121221303022311121303233132333
0010001001020203021112122130303
100010010202030011020
100010010202030011021112122130301
10001001020203001102111212213030223120
100010010202030011021112122130302231213031
1000100102020300110211121221303022312130322
10001001020203001102111212213030223121303232
1000100102020300110211121221303022312130323311
1000100102020300110211121221303022312130323312
100010010202030011021112122130302231213032331322
1000100102020300110211121221303022312130323313233133
100010010202030011021112122130302231213032331323323
10001001020203001102111212213030223121303233132333
100010010202030011021112122130303
200100102020300100
20010010202030010111212213021
2001001020203001011121221302223110302
20010010202030010111212213022231103032331120
200100102020300101112122130222311030323311213031
200100102020300101112122130222311030323311213032
20010010202030010111212213022231103032331121303322
20010010202030010111212213022231103032331121303323313
20010010202030010111212213022231103032331121303323323
2001001020203001011121221302223110303233112130332333
200100102020300101112122130222311030323312
200100102020300101112122130222311030323313
300010010202030010111212213020
300010010202030010111212213021
3000100102020300101112122130222311031120
30001001020203001011121221302223110311213031
3000100102020300101112122130222311031121303232
300010010202030010111212213022231103112130323322
3000100102020300101112122130222311031121303233233133
300010010202030010111212213022231103112130323323323
30001001020203001011121221302223110311213032332333
30001001020203001011121221302223110312
30001001020203001011121221302223110313
3000100102020300102
3000100102020300103
