2000000000
210
22000000
2300
2010
20200
20300
20010
20020
20030
200010
200020
200030
2000010
2000020
2000030
20000010
20000020
20000030
200000010
200000020
200000030
2000000010
20000000200
2000000030
2000000001
2000000002
2000000003
211
212
213
2210
2220
2230
220100
22020
22030
220010
220020
220030
2200010
2200020
2200030
22000010
22000020
22000030
22000001
22000002
22000003
2310
232
2330
2301
2302
2303
2011
2012
2013
20210
20220
20230
20201
20202
20203
20310
20320
20330
20301
20302
20303
20011
20012
20013
20021
20022
20023
20031
20032
20033
200011
200012
200013
200021
200022
200023
200031
200032
200033
2000011
2000012
2000013
2000021
2000022
2000023
2000031
2000032
2000033
20000011
20000012
20000013
20000021
20000022
20000023
20000031
20000032
20000033
200000011
200000012
200000013
200000021
200000022
200000023
200000031
200000032
200000033
2000000011
2000000012
2000000013
20000000210
20000000220
20000000230
20000000201
20000000202
20000000203
2000000031
2000000032
2000000033
2211
2212
2213
2221
2222
2223
2231
2232
2233
220110
220120
220130
220101
220102
220103
22021
22022
22023
22031
22032
22033
220011
220012
220013
220021
220022
220023
220031
220032
220033
2200011
2200012
2200013
2200021
2200022
2200023
2200031
2200032
2200033
22000011
22000012
22000013
22000021
22000022
22000023
22000031
22000032
22000033
2311
2312
2313
2331
2332
2333
20211
20212
20213
20221
20222
20223
20231
20232
20233
20311
20312
20313
20321
20322
20323
20331
20332
20333
20000000211
20000000212
20000000213
20000000221
20000000222
20000000223
20000000231
20000000232
20000000233
220111
220112
220113
220121
220122
220123
220131
220132
220133
0000000
010
020000000
0300
00100
0020
00300
00010
000200
00030
000010
000020
000030
0000010
0000020
0000030
0000001
0000002
0000003
011
012
013
0210
0220
0230
02010
02020
02030
020010
020020
020030
0200010
0200020
0200030
02000010
02000020
02000030
020000010
020000020
0200000300
020000001
020000002
020000003
0310
0320
0330
0301
0302
0303
00110
00120
00130
00101
00102
00103
0021
0022
0023
00310
00320
003300
00301
00302
00303
00011
00012
00013
000210
000220
000230
000201
000202
000203
00031
00032
00033
000011
000012
000013
0000210
0000220
0000230
000031
000032
000033
0000011
0000012
0000013
0000021
0000022
0000023
0000031
0000032
0000033
0211
0212
0213
0221
0222
0223
0231
0232
0233
02011
02012
02013
02021
02022
02023
02031
02032
02033
020011
020012
020013
020021
020022
020023
020031
020032
020033
0200011
0200012
0200013
0200021
0200022
0200023
0200031
0200032
0200033
02000011
02000012
02000013
02000021
02000022
02000023
02000031
02000032
02000033
020000011
020000012
020000013
020000021
020000022
020000023
0200000310
0200000320
0200000330
0200000301
0200000302
0200000303
0311
0312
0313
0321
0322
0323
0331
0332
0333
00111
00112
00113
00121
00122
00123
00131
00132
00133
00311
00312
00313
00321
00322
00323
003310
003320
003330
003301
003302
003303
000211
000212
000213
000221
000222
000223
000231
000232
000233
0000211
0000212
0000213
0000221
0000222
0000223
0000231
0000232
0000233
0200000311
0200000312
0200000313
0200000321
0200000322
0200000323
0200000331
0200000332
0200000333
003311
003312
003313
003321
003322
003323
003331
003332
003333
1000000000
110
12000000
1300
1010
10200
10300
10010
10020
10030
100010
100020
100030
1000010
1000020
1000030
10000010
10000020
10000030
100000010
100000020
100000030
1000000010
10000000200
1000000030
1000000001
1000000002
1000000003
111
112
113
1210
1220
1230
120100
12020
12030
120010
120020
120030
1200010
1200020
1200030
12000010
12000020
12000030
12000001
12000002
12000003
131
1320
1330
1301
1302
1303
1011
1012
1013
10210
10220
10230
10201
10202
10203
10310
10320
10330
10301
10302
10303
10011
10012
10013
10021
10022
10023
10031
10032
10033
100011
100012
100013
100021
100022
100023
100031
100032
100033
1000011
1000012
1000013
1000021
1000022
1000023
1000031
1000032
1000033
10000011
10000012
10000013
10000021
10000022
10000023
10000031
10000032
10000033
100000011
100000012
100000013
100000021
100000022
100000023
100000031
100000032
100000033
1000000011
1000000012
1000000013
10000000210
10000000220
10000000230
10000000201
10000000202
10000000203
1000000031
1000000032
1000000033
1211
1212
1213
1221
1222
1223
1231
1232
1233
120110
120120
120130
120101
120102
120103
12021
12022
12023
12031
12032
12033
120011
120012
120013
120021
120022
120023
120031
120032
120033
1200011
1200012
1200013
1200021
1200022
1200023
1200031
1200032
1200033
12000011
12000012
12000013
12000021
12000022
12000023
12000031
12000032
12000033
1321
1322
1323
1331
1332
1333
10211
10212
10213
10221
10222
10223
10231
10232
10233
10311
10312
10313
10321
10322
10323
10331
10332
10333
10000000211
10000000212
10000000213
10000000221
10000000222
10000000223
10000000231
10000000232
10000000233
120111
120112
120113
120121
120122
120123
120131
120132
120133
3000000
3100000
320
3300
301000
302000
3030
30010
30020
30030
300010
300020
300030
3000010
3000020
300003000
3000001
3000002
3000003
3110
3120
3130
31010
31020
31030
310010
310020
310030
31000100
3100020
3100030
3100001
3100002
3100003
321
322
323
3310
3320
3330
3301
3302
3303
30110
30120
30130
301010
301020
301030
301001
301002
301003
30210
30220
3023
302010
302020
302030
302001
302002
302003
3031
3032
3033
30011
30012
30013
30021
30022
30023
30031
30032
30033
300011
300012
300013
300021
300022
300023
300031
300032
300033
3000011
3000012
3000013
3000021
3000022
3000023
30000310
30000320
30000330
300003010
300003020
3000030300
300003001
300003002
300003003
3111
3112
3113
3121
3122
3123
3131
3132
3133
31011
31012
31013
31021
31022
31023
31031
31032
31033
310011
310012
310013
310021
310022
310023
310031
310032
310033
31000110
31000120
31000130
31000101
31000102
31000103
3100021
3100022
3100023
3100031
3100032
3100033
3311
3312
3313
3321
3322
3323
3331
3332
3333
30111
30112
30113
30121
30122
30123
30131
30132
30133
301011
301012
301013
301021
301022
301023
301031
301032
301033
30211
30212
30213
30221
30222
30223
302011
302012
302013
302021
302022
302023
302031
302032
302033
30000311
30000312
30000313
30000321
30000322
30000323
30000331
30000332
30000333
300003011
300003012
300003013
300003021
300003022
300003023
3000030310
3000030320
3000030330
3000030301
3000030302
3000030303
31000111
31000112
31000113
31000121
31000122
31000123
31000131
31000132
31000133
3000030311
3000030312
3000030313
3000030321
3000030322
3000030323
3000030331
3000030332
3000030333
