08176119912141313011610118601412216130
08176119912141313011610118601412216131113
081761199121413130116101186014122161311110
0817611991214131301161011860141221613111117122
081761199121413130116101186014122161311111710
08176119912141313011610118601412216131111171
08176119912141313011610118601412216131111111
081761199121413130116101186014122161311111
08176119912141313011610118601412216131151
08176119912141313011610118601412216131150
08176119912141313011610118601412216131151
08176119912141313011610118601412216131152
0817611991214131301161011860140
0817611991214131301161011860143
081761199121413130116101182
081761199121413130116101181
081761199121411
0817611991214113
0817611991
0817611994
0817611
0817612
0817611
