30000
3100
32000
330
30100
3020
30300
30010
30020
30030
30001
30002
30003
3110
3120
3130
3101
3102
3103
3210
32200
3230
32010
32020
3203
32001
32002
32003
331
332
333
30110
30120
30130
30101
30102
30103
3021
3022
3023
303100
30320
30330
30301
30302
30303
30011
30012
30013
30021
30022
30023
30031
30032
30033
3111
3112
3113
3121
3122
3123
3131
3132
3133
3211
3212
3213
32210
32220
32230
32201
32202
32203
3231
3232
3233
32011
32012
32013
32021
32022
32023
30111
30112
30113
30121
30122
30123
30131
30132
30133
303110
303120
303130
303101
303102
303103
30321
30322
30323
30331
30332
30333
32211
32212
32213
32221
32222
32223
32231
32232
32233
303111
303112
303113
303121
303122
303123
303131
303132
303133
00
010000
0200
0300
01100
012000
0130
01010
01020
01030
010010
010020
010030
010001
010002
010003
0210
02200
0230
0201
0202
0203
0310
0320
0330
0301
0302
0303
01110
01120
01130
01101
01102
01103
01210
01220
01230
012010
012020
012030
012001
012002
012003
0131
0132
0133
01011
01012
01013
01021
01022
01023
01031
01032
01033
010011
010012
010013
010021
010022
010023
010031
010032
010033
0211
0212
0213
02210
02220
02230
02201
02202
02203
0231
0232
0233
0311
0312
0313
0321
0322
0323
0331
0332
0333
01111
01112
01113
01121
01122
01123
01131
01132
01133
01211
01212
01213
01221
01222
01223
01231
01232
01233
012011
012012
012013
012021
012022
012023
012031
012032
012033
02211
02212
02213
02221
02222
02223
02231
02232
02233
10000
1100
120000
130
1010
10200
1030
10010
10020
10030
10001
10002
10003
1110
1120
1130
1101
1102
1103
1210
1220
12300
12010
12020
12030
120010
120020
120030
120001
120002
120003
131
132
133
1011
1012
1013
1021
10220
10230
10201
10202
10203
1031
1032
1033
10011
10012
10013
10021
10022
10023
10031
10032
10033
1111
1112
1113
1121
1122
1123
1131
1132
1133
1211
1212
1213
1221
1222
1223
12310
123200
12330
12301
12302
12303
12011
12012
12013
12021
12022
12023
12031
12032
12033
120011
120012
120013
120021
120022
120023
120031
120032
120033
10221
10222
10223
10231
10232
10233
12311
12312
12313
123210
123220
123230
123201
123202
123203
12331
12332
12333
123211
123212
123213
123221
123222
123223
123231
123232
123233
2000
210000
22000
230
2010
202
2030
2001
2002
2003
21100
212000
2130
21010
21020
21030
210010
210020
210030
210001
210002
210003
2210
2220
2230
22010
22020
22030
22001
22002
22003
231
232
233
2011
2012
2013
2031
2032
2033
21110
21120
21130
21101
21102
21103
21210
21220
21230
212010
212020
212030
212001
212002
212003
2131
2132
2133
21011
21012
21013
21021
21022
21023
21031
21032
21033
210011
210012
210013
210021
210022
210023
210031
210032
210033
2211
2212
2213
2221
2222
2223
2231
2232
2233
22011
22012
22013
22021
22022
22023
22031
22032
22033
21111
21112
21113
21121
21122
21123
21131
21132
21133
21211
21212
21213
21221
21222
21223
21231
21232
21233
212011
212012
212013
212021
212022
212023
212031
212032
212033
