10000
1100
120
1300
101
1020
1030
100100
10020
10030
10001
10002
10003
1110
1120
1130
1101
1102
1103
121
122
123
1310
1320
1330
1301
1302
1303
1021
1022
1023
1031
1032
1033
100110
100120
100130
100101
100102
100103
10021
10022
10023
10031
10032
10033
1111
1112
1113
1121
1122
1123
1131
1132
1133
1311
1312
1313
1321
1322
1323
1331
1332
1333
100111
100112
100113
100121
100122
100123
100131
100132
100133
200000
210
220
2300
20100
2020
2030
20010
2002
20030
200010
200020
200030
200001
200002
200003
211
212
213
221
222
223
2310
2320
2330
2301
2302
2303
20110
20120
20130
20101
20102
20103
2021
2022
2023
2031
2032
2033
20011
20012
20013
20031
20032
20033
200011
200012
200013
200021
200022
200023
200031
200032
200033
2311
2312
2313
2321
2322
2323
2331
2332
2333
20111
20112
20113
20121
20122
20123
20131
20132
20133
3000
3100
3200
33
30100
3020
3030
3001
3002
3003
31100
3120
3130
3101
3102
3103
3210
3220
3230
3201
3202
3203
30110
30120
30130
30101
30102
30103
3021
3022
3023
3031
3032
3033
31110
31120
31130
31101
31102
31103
3121
3122
3123
3131
3132
3133
3211
3212
3213
3221
3222
3223
3231
3232
3233
30111
30112
30113
30121
30122
30123
30131
30132
30133
31111
31112
31113
31121
31122
31123
31131
31132
31133
000
010000
020
030
0010
0020
0030
0110
0120
0130
01010
01020
01030
0100100
010020
010030
010001
010002
010003
021
022
023
031
032
033
0011
0012
0013
0021
0022
0023
0031
0032
0033
0111
0112
0113
0121
0122
0123
0131
0132
0133
01011
01012
01013
01021
01022
01023
01031
01032
01033
0100110
0100120
0100130
0100101
0100102
0100103
010021
010022
010023
010031
010032
010033
0100111
0100112
0100113
0100121
0100122
0100123
0100131
0100132
0100133
