01000100001101102212010313
01000100001101102212010320030122212211
010001000011011022120103200301222122122
010001000011011022120103200301222122123
01000100001101102212010320030122212213
0100010000110110221201032003012221222
010001000011011022120103200301222122320
010001000011011022120103200301222122321312
010001000011011022120103200301222122321313
010001000011011022120103200301222122322
0100010000110110221201032003012221223233
01000100001101102212010320030122212233
010001000011011022120103200301223
01000100001101102212010320030123
0100010000110110221201032003013
010001000011011022120103213
01000100001101102212010322
01000100001101102212010323
