000101020300010110
0001010203000101111120012130
00010102030001011111200121312110222223031
0001010203000101111120012131211022222303212133
00010102030001011111200121312110222223032122
00010102030001011111200121312110222223032123
00010102030001011111200121312110222223033
000101020300010111112001213121102223
0001010203000101111120012131211023
0001010203000101111120012131212
0001010203000101111120012131213
000101020300010111112001213122
000101020300010111112001213123
00010102030001011111200121313
0001010203000101111120012132
0001010203000101111120012133
000101020300010111112002
000101020300010111112003
000101020300010111113
