000000000
010
020
030
0010
00200
0030
0001000
00020
00030
000010
000020
000030
0000010
0000020
0000030
00000010
000000200
000000300
000000010
000000020
0000000300
0000000010
0000000020
0000000030
011
012
013
021
022
023
031
032
033
0011
0012
0013
00210
00220
00230
00201
00202
00203
0031
0032
0033
000110
000120
000130
0001010
0001020
0001030
0001001
0001002
0001003
00021
00022
00023
00031
00032
00033
000011
000012
000013
000021
000022
000023
000031
000032
000033
0000011
0000012
0000013
0000021
0000022
0000023
0000031
0000032
0000033
00000011
00000012
00000013
000000210
000000220
000000230
000000201
000000202
000000203
000000310
000000320
000000330
000000301
000000302
000000303
000000011
000000012
000000013
000000021
000000022
000000023
0000000310
0000000320
0000000330
0000000301
0000000302
0000000303
0000000011
0000000012
0000000013
0000000021
0000000022
0000000023
0000000031
0000000032
0000000033
00211
00212
00213
00221
00222
00223
00231
00232
00233
000111
000112
000113
000121
000122
000123
000131
000132
000133
0001011
0001012
0001013
0001021
0001022
0001023
0001031
0001032
0001033
000000211
000000212
000000213
000000221
000000222
000000223
000000231
000000232
000000233
000000311
000000312
000000313
000000321
000000322
000000323
000000331
000000332
000000333
0000000311
0000000312
0000000313
0000000321
0000000322
0000000323
0000000331
0000000332
0000000333
2000000000
21000
2200
2300
2010
2020
20300
20010
2002
20030
200010
200020
200030
2000010
20000200
2000030
20000010
20000020
20000030
200000010
200000020
200000030
2000000010
2000000020
2000000030
2000000001
2000000002
2000000003
2110
2120
2130
21010
21020
21030
21001
21002
21003
2210
2220
2230
2201
2202
2203
2310
2320
2330
2301
2302
2303
2011
2012
2013
2021
2022
2023
20310
20320
20330
20301
20302
20303
20011
20012
20013
20031
20032
20033
200011
200012
200013
200021
200022
200023
200031
200032
200033
2000011
2000012
2000013
20000210
20000220
20000230
20000201
20000202
20000203
2000031
2000032
2000033
20000011
20000012
20000013
20000021
20000022
20000023
20000031
20000032
20000033
200000011
200000012
200000013
200000021
200000022
200000023
200000031
200000032
200000033
2000000011
2000000012
2000000013
2000000021
2000000022
2000000023
2000000031
2000000032
2000000033
2111
2112
2113
2121
2122
2123
2131
2132
2133
21011
21012
21013
21021
21022
21023
21031
21032
21033
2211
2212
2213
2221
2222
2223
2231
2232
2233
2311
2312
2313
2321
2322
2323
2331
2332
2333
20311
20312
20313
20321
20322
20323
20331
20332
20333
20000211
20000212
20000213
20000221
20000222
20000223
20000231
20000232
20000233
1000000000
110
120
130
1010
10200
1030
1001000
10020
10030
100010
100020
100030
1000010
1000020
1000030
10000010
100000200
100000300
100000010
100000020
1000000300
100000001
1000000020
1000000030
1000000001
1000000002
1000000003
111
112
113
121
122
123
131
132
133
1011
1012
1013
10210
10220
10230
10201
10202
10203
1031
1032
1033
100110
100120
100130
1001010
1001020
1001030
1001001
1001002
1001003
10021
10022
10023
10031
10032
10033
100011
100012
100013
100021
100022
100023
100031
100032
100033
1000011
1000012
1000013
1000021
1000022
1000023
1000031
1000032
1000033
10000011
10000012
10000013
100000210
100000220
100000230
100000201
100000202
100000203
100000310
100000320
100000330
100000301
100000302
100000303
100000011
100000012
100000013
100000021
100000022
100000023
1000000310
1000000320
1000000330
1000000301
1000000302
1000000303
1000000021
1000000022
1000000023
1000000031
1000000032
1000000033
10211
10212
10213
10221
10222
10223
10231
10232
10233
100111
100112
100113
100121
100122
100123
100131
100132
100133
1001011
1001012
1001013
1001021
1001022
1001023
1001031
1001032
1001033
100000211
100000212
100000213
100000221
100000222
100000223
100000231
100000232
100000233
100000311
100000312
100000313
100000321
100000322
100000323
100000331
100000332
100000333
1000000311
1000000312
1000000313
1000000321
1000000322
1000000323
1000000331
1000000332
1000000333
3000000000
31000
3200
3300
3010
3020
30300
30010
30020
3003
300010
300020
300030
3000010
30000200
3000030
30000010
30000020
30000030
300000010
300000020
300000030
3000000010
3000000020
3000000030
3000000001
3000000002
3000000003
3110
3120
3130
31010
31020
31030
31001
31002
31003
3210
3220
3230
3201
3202
3203
3310
3320
3330
3301
3302
3303
3011
3012
3013
3021
3022
3023
30310
30320
30330
30301
30302
30303
30011
30012
30013
30021
30022
30023
300011
300012
300013
300021
300022
300023
300031
300032
300033
3000011
3000012
3000013
30000210
30000220
30000230
30000201
30000202
30000203
3000031
3000032
3000033
30000011
30000012
30000013
30000021
30000022
30000023
30000031
30000032
30000033
300000011
300000012
300000013
300000021
300000022
300000023
300000031
300000032
300000033
3000000011
3000000012
3000000013
3000000021
3000000022
3000000023
3000000031
3000000032
3000000033
3111
3112
3113
3121
3122
3123
3131
3132
3133
31011
31012
31013
31021
31022
31023
31031
31032
31033
3211
3212
3213
3221
3222
3223
3231
3232
3233
3311
3312
3313
3321
3322
3323
3331
3332
3333
30311
30312
30313
30321
30322
30323
30331
30332
30333
30000211
30000212
30000213
30000221
30000222
30000223
30000231
30000232
30000233
