0000000001010001010101020020203010201020303020
0000000001010001010101020020203010201020303021110301110
0000000001010001010101020020203010201020303021110301111211213120300
00000000010100010101010200202030102010203030211103011112112131203013020300200
00000000010100010101010200202030102010203030211103011112112131203013020300201
00000000010100010101010200202030102010203030211103011112112131203013020300202211221030311
000000000101000101010102002020301020102030302111030111121121312030130203002022112210303123121322310120
00000000010100010101010200202030102010203030211103011112112131203013020300202211221030312312132231012133102
00000000010100010101010200202030102010203030211103011112112131203013020300202211221030312312132231012133103
0000000001010001010101020020203010201020303021110301111211213120301302030020221122103031231213223101213311120
0000000001010001010101020020203010201020303021110301111211213120301302030020221122103031231213223101213311121
0000000001010001010101020020203010201020303021110301111211213120301302030020221122103031231213223101213311122
0000000001010001010101020020203010201020303021110301111211213120301302030020221122103031231213223101213311123220
0000000001010001010101020020203010201020303021110301111211213120301302030020221122103031231213223101213311123221
0000000001010001010101020020203010201020303021110301111211213120301302030020221122103031231213223101213311123222
0000000001010001010101020020203010201020303021110301111211213120301302030020221122103031231213223101213311123223
000000000101000101010102002020301020102030302111030111121121312030130203002022112210303123121322310121331112323022101
000000000101000101010102002020301020102030302111030111121121312030130203002022112210303123121322310121331112323022102
00000000010100010101010200202030102010203030211103011112112131203013020300202211221030312312132231012133111232302210332
000000000101000101010102002020301020102030302111030111121121312030130203002022112210303123121322310121331112323022103330
00000000010100010101010200202030102010203030211103011112112131203013020300202211221030312312132231012133111232302210333111301223
000000000101000101010102002020301020102030302111030111121121312030130203002022112210303123121322310121331112323022103331113012320
0000000001010001010101020020203010201020303021110301111211213120301302030020221122103031231213223101213311123230221033311130123212312
00000000010100010101010200202030102010203030211103011112112131203013020300202211221030312312132231012133111232302210333111301232123131320
00000000010100010101010200202030102010203030211103011112112131203013020300202211221030312312132231012133111232302210333111301232123131321311
00000000010100010101010200202030102010203030211103011112112131203013020300202211221030312312132231012133111232302210333111301232123131321312
0000000001010001010101020020203010201020303021110301111211213120301302030020221122103031231213223101213311123230221033311130123212313132131330
0000000001010001010101020020203010201020303021110301111211213120301302030020221122103031231213223101213311123230221033311130123212313132131331
0000000001010001010101020020203010201020303021110301111211213120301302030020221122103031231213223101213311123230221033311130123212313132131332
000000000101000101010102002020301020102030302111030111121121312030130203002022112210303123121322310121331112323022103331113012321231313213133321313
000000000101000101010102002020301020102030302111030111121121312030130203002022112210303123121322310121331112323022103331113012321231313213133321322
00000000010100010101010200202030102010203030211103011112112131203013020300202211221030312312132231012133111232302210333111301232123131321313332132330
00000000010100010101010200202030102010203030211103011112112131203013020300202211221030312312132231012133111232302210333111301232123131321313332132331
00000000010100010101010200202030102010203030211103011112112131203013020300202211221030312312132231012133111232302210333111301232123131321313332132332
00000000010100010101010200202030102010203030211103011112112131203013020300202211221030312312132231012133111232302210333111301232123131321313332132333
00000000010100010101010200202030102010203030211103011112112131203013020300202211221030312312132231012133111232302210333111301232123131321313332133
000000000101000101010102002020301020102030302111030111121121312030130203002022112210303123121322310121331112323022103331113012321231313213133322
000000000101000101010102002020301020102030302111030111121121312030130203002022112210303123121322310121331112323022103331113012321231313213133323
00000000010100010101010200202030102010203030211103011112112131203013020300202211221030312312132231012133111232302210333111301232123131322232
000000000101000101010102002020301020102030302111030111121121312030130203002022112210303123121322310121331112323022103331113012321231313222330
000000000101000101010102002020301020102030302111030111121121312030130203002022112210303123121322310121331112323022103331113012321231313222331
000000000101000101010102002020301020102030302111030111121121312030130203002022112210303123121322310121331112323022103331113012321231313222332
0000000001010001010101020020203010201020303021110301111211213120301302030020221122103031231213223101213311123230221033311130123212313132223332
0000000001010001010101020020203010201020303021110301111211213120301302030020221122103031231213223101213311123230221033311130123212313132223333
000000000101000101010102002020301020102030302111030111121121312030130203002022112210303123121322310121331112323022103331113012321231313223
0000000001010001010101020020203010201020303021110301111211213120301302030020221122103031231213223101213311123230221033311130123212313133
000000000101000101010102002020301020102030302111030111121121312030130203002022112210303123121322310121331112323022103331113012321231322
0000000001010001010101020020203010201020303021110301111211213120301302030020221122103031231213223101213311123230221033311130123212313233
0000000001010001010101020020203010201020303021110301111211213120301302030020221122103031231213223101213311123230221033311130123213
00000000010100010101010200202030102010203030211103011112112131203013020300202211221030312312132231012133111232302210333111302
00000000010100010101010200202030102010203030211103011112112131203013020300202211221030312312132231012133111232302210333111303
00000000010100010101010200202030102010203030211103011112112131203013020300202211221030312312132231012133111232303
00000000010100010101010200202030102010203030211103011112112131203013020300202211221030312312132231012133112
00000000010100010101010200202030102010203030211103011112112131203013020300202211221030312312132231012133113
0000000001010001010101020020203010201020303021110301111211213120301303
0000000001010001010101020020203010201020303021110302
0000000001010001010101020020203010201020303021110303
0000000001010001010101020020203010201020303021110311
0000000001010001010101020020203010201020303021110312
0000000001010001010101020020203010201020303021110313
0000000001010001010101020020203010201020303021110321
0000000001010001010101020020203010201020303021110322
0000000001010001010101020020203010201020303021110323
000000000101000101010102002020301020102030302111033
2000000000101010101000101021101020020203020303020
2000000000101010101000101021101020020203020303021110301111211213120300
20000000001010101010001010211010200202030203030211103011112112131203013020300200
20000000001010101010001010211010200202030203030211103011112112131203013020300201
20000000001010101010001010211010200202030203030211103011112112131203013020300202221030311
200000000010101010100010102110102002020302030302111030111121121312030130203002022210303123121322310120
20000000001010101010001010211010200202030203030211103011112112131203013020300202221030312312132231012133102
20000000001010101010001010211010200202030203030211103011112112131203013020300202221030312312132231012133103
2000000000101010101000101021101020020203020303021110301111211213120301302030020222103031231213223101213311120
2000000000101010101000101021101020020203020303021110301111211213120301302030020222103031231213223101213311121
2000000000101010101000101021101020020203020303021110301111211213120301302030020222103031231213223101213311122
2000000000101010101000101021101020020203020303021110301111211213120301302030020222103031231213223101213311123220
2000000000101010101000101021101020020203020303021110301111211213120301302030020222103031231213223101213311123221
2000000000101010101000101021101020020203020303021110301111211213120301302030020222103031231213223101213311123222
2000000000101010101000101021101020020203020303021110301111211213120301302030020222103031231213223101213311123223
200000000010101010100010102110102002020302030302111030111121121312030130203002022210303123121322310121331112323022101
200000000010101010100010102110102002020302030302111030111121121312030130203002022210303123121322310121331112323022102
20000000001010101010001010211010200202030203030211103011112112131203013020300202221030312312132231012133111232302210332
200000000010101010100010102110102002020302030302111030111121121312030130203002022210303123121322310121331112323022103330
20000000001010101010001010211010200202030203030211103011112112131203013020300202221030312312132231012133111232302210333111301223
200000000010101010100010102110102002020302030302111030111121121312030130203002022210303123121322310121331112323022103331113012320
2000000000101010101000101021101020020203020303021110301111211213120301302030020222103031231213223101213311123230221033311130123212312
20000000001010101010001010211010200202030203030211103011112112131203013020300202221030312312132231012133111232302210333111301232123131320
20000000001010101010001010211010200202030203030211103011112112131203013020300202221030312312132231012133111232302210333111301232123131321311
20000000001010101010001010211010200202030203030211103011112112131203013020300202221030312312132231012133111232302210333111301232123131321312
2000000000101010101000101021101020020203020303021110301111211213120301302030020222103031231213223101213311123230221033311130123212313132131330
2000000000101010101000101021101020020203020303021110301111211213120301302030020222103031231213223101213311123230221033311130123212313132131331
2000000000101010101000101021101020020203020303021110301111211213120301302030020222103031231213223101213311123230221033311130123212313132131332
200000000010101010100010102110102002020302030302111030111121121312030130203002022210303123121322310121331112323022103331113012321231313213133321312
200000000010101010100010102110102002020302030302111030111121121312030130203002022210303123121322310121331112323022103331113012321231313213133321313
200000000010101010100010102110102002020302030302111030111121121312030130203002022210303123121322310121331112323022103331113012321231313213133321322
20000000001010101010001010211010200202030203030211103011112112131203013020300202221030312312132231012133111232302210333111301232123131321313332132330
20000000001010101010001010211010200202030203030211103011112112131203013020300202221030312312132231012133111232302210333111301232123131321313332132331
20000000001010101010001010211010200202030203030211103011112112131203013020300202221030312312132231012133111232302210333111301232123131321313332132332
20000000001010101010001010211010200202030203030211103011112112131203013020300202221030312312132231012133111232302210333111301232123131321313332132333
20000000001010101010001010211010200202030203030211103011112112131203013020300202221030312312132231012133111232302210333111301232123131321313332133
200000000010101010100010102110102002020302030302111030111121121312030130203002022210303123121322310121331112323022103331113012321231313213133322
200000000010101010100010102110102002020302030302111030111121121312030130203002022210303123121322310121331112323022103331113012321231313213133323
20000000001010101010001010211010200202030203030211103011112112131203013020300202221030312312132231012133111232302210333111301232123131322232
200000000010101010100010102110102002020302030302111030111121121312030130203002022210303123121322310121331112323022103331113012321231313222330
200000000010101010100010102110102002020302030302111030111121121312030130203002022210303123121322310121331112323022103331113012321231313222331
200000000010101010100010102110102002020302030302111030111121121312030130203002022210303123121322310121331112323022103331113012321231313222332
2000000000101010101000101021101020020203020303021110301111211213120301302030020222103031231213223101213311123230221033311130123212313132223332
2000000000101010101000101021101020020203020303021110301111211213120301302030020222103031231213223101213311123230221033311130123212313132223333
200000000010101010100010102110102002020302030302111030111121121312030130203002022210303123121322310121331112323022103331113012321231313223
2000000000101010101000101021101020020203020303021110301111211213120301302030020222103031231213223101213311123230221033311130123212313133
200000000010101010100010102110102002020302030302111030111121121312030130203002022210303123121322310121331112323022103331113012321231322
2000000000101010101000101021101020020203020303021110301111211213120301302030020222103031231213223101213311123230221033311130123212313233
2000000000101010101000101021101020020203020303021110301111211213120301302030020222103031231213223101213311123230221033311130123213
20000000001010101010001010211010200202030203030211103011112112131203013020300202221030312312132231012133111232302210333111302
20000000001010101010001010211010200202030203030211103011112112131203013020300202221030312312132231012133111232302210333111303
20000000001010101010001010211010200202030203030211103011112112131203013020300202221030312312132231012133111232303
20000000001010101010001010211010200202030203030211103011112112131203013020300202221030312312132231012133112
20000000001010101010001010211010200202030203030211103011112112131203013020300202221030312312132231012133113
2000000000101010101000101021101020020203020303021110301111211213120301303
2000000000101010101000101021101020020203020303021110302
2000000000101010101000101021101020020203020303021110303
2000000000101010101000101021101020020203020303021110311
2000000000101010101000101021101020020203020303021110312
2000000000101010101000101021101020020203020303021110313
2000000000101010101000101021101020020203020303021110321
2000000000101010101000101021101020020203020303021110322
2000000000101010101000101021101020020203020303021110323
200000000010101010100010102110102002020302030302111033
1000000000101000101011020011010201020202030302030301110
1000000000101000101011020011010201020202030302030301111211213120300
10000000001010001010110200110102010202020303020303011112112131203013020300200
10000000001010001010110200110102010202020303020303011112112131203013020300201
10000000001010001010110200110102010202020303020303011112112131203013020300202211221030311
100000000010100010101102001101020102020203030203030111121121312030130203002022112210303123121321
100000000010100010101102001101020102020203030203030111121121312030130203002022112210303123121322310120
10000000001010001010110200110102010202020303020303011112112131203013020300202211221030312312132231012133102
10000000001010001010110200110102010202020303020303011112112131203013020300202211221030312312132231012133103
1000000000101000101011020011010201020202030302030301111211213120301302030020221122103031231213223101213311120
1000000000101000101011020011010201020202030302030301111211213120301302030020221122103031231213223101213311121
1000000000101000101011020011010201020202030302030301111211213120301302030020221122103031231213223101213311122
1000000000101000101011020011010201020202030302030301111211213120301302030020221122103031231213223101213311123220
1000000000101000101011020011010201020202030302030301111211213120301302030020221122103031231213223101213311123221
1000000000101000101011020011010201020202030302030301111211213120301302030020221122103031231213223101213311123222
1000000000101000101011020011010201020202030302030301111211213120301302030020221122103031231213223101213311123223
100000000010100010101102001101020102020203030203030111121121312030130203002022112210303123121322310121331112323022101
100000000010100010101102001101020102020203030203030111121121312030130203002022112210303123121322310121331112323022102
10000000001010001010110200110102010202020303020303011112112131203013020300202211221030312312132231012133111232302210332
100000000010100010101102001101020102020203030203030111121121312030130203002022112210303123121322310121331112323022103330
10000000001010001010110200110102010202020303020303011112112131203013020300202211221030312312132231012133111232302210333111301223
100000000010100010101102001101020102020203030203030111121121312030130203002022112210303123121322310121331112323022103331113012320
1000000000101000101011020011010201020202030302030301111211213120301302030020221122103031231213223101213311123230221033311130123212312
10000000001010001010110200110102010202020303020303011112112131203013020300202211221030312312132231012133111232302210333111301232123131320
10000000001010001010110200110102010202020303020303011112112131203013020300202211221030312312132231012133111232302210333111301232123131321311
10000000001010001010110200110102010202020303020303011112112131203013020300202211221030312312132231012133111232302210333111301232123131321312
1000000000101000101011020011010201020202030302030301111211213120301302030020221122103031231213223101213311123230221033311130123212313132131330
1000000000101000101011020011010201020202030302030301111211213120301302030020221122103031231213223101213311123230221033311130123212313132131331
1000000000101000101011020011010201020202030302030301111211213120301302030020221122103031231213223101213311123230221033311130123212313132131332
100000000010100010101102001101020102020203030203030111121121312030130203002022112210303123121322310121331112323022103331113012321231313213133321313
100000000010100010101102001101020102020203030203030111121121312030130203002022112210303123121322310121331112323022103331113012321231313213133321322
10000000001010001010110200110102010202020303020303011112112131203013020300202211221030312312132231012133111232302210333111301232123131321313332132330
10000000001010001010110200110102010202020303020303011112112131203013020300202211221030312312132231012133111232302210333111301232123131321313332132331
10000000001010001010110200110102010202020303020303011112112131203013020300202211221030312312132231012133111232302210333111301232123131321313332132332
10000000001010001010110200110102010202020303020303011112112131203013020300202211221030312312132231012133111232302210333111301232123131321313332132333
10000000001010001010110200110102010202020303020303011112112131203013020300202211221030312312132231012133111232302210333111301232123131321313332133
100000000010100010101102001101020102020203030203030111121121312030130203002022112210303123121322310121331112323022103331113012321231313213133322
100000000010100010101102001101020102020203030203030111121121312030130203002022112210303123121322310121331112323022103331113012321231313213133323
10000000001010001010110200110102010202020303020303011112112131203013020300202211221030312312132231012133111232302210333111301232123131322232
100000000010100010101102001101020102020203030203030111121121312030130203002022112210303123121322310121331112323022103331113012321231313222330
100000000010100010101102001101020102020203030203030111121121312030130203002022112210303123121322310121331112323022103331113012321231313222331
100000000010100010101102001101020102020203030203030111121121312030130203002022112210303123121322310121331112323022103331113012321231313222332
1000000000101000101011020011010201020202030302030301111211213120301302030020221122103031231213223101213311123230221033311130123212313132223332
1000000000101000101011020011010201020202030302030301111211213120301302030020221122103031231213223101213311123230221033311130123212313132223333
100000000010100010101102001101020102020203030203030111121121312030130203002022112210303123121322310121331112323022103331113012321231313223
1000000000101000101011020011010201020202030302030301111211213120301302030020221122103031231213223101213311123230221033311130123212313133
100000000010100010101102001101020102020203030203030111121121312030130203002022112210303123121322310121331112323022103331113012321231322
1000000000101000101011020011010201020202030302030301111211213120301302030020221122103031231213223101213311123230221033311130123212313233
1000000000101000101011020011010201020202030302030301111211213120301302030020221122103031231213223101213311123230221033311130123213
10000000001010001010110200110102010202020303020303011112112131203013020300202211221030312312132231012133111232302210333111302
10000000001010001010110200110102010202020303020303011112112131203013020300202211221030312312132231012133111232302210333111303
10000000001010001010110200110102010202020303020303011112112131203013020300202211221030312312132231012133111232303
10000000001010001010110200110102010202020303020303011112112131203013020300202211221030312312132231012133112
10000000001010001010110200110102010202020303020303011112112131203013020300202211221030312312132231012133113
1000000000101000101011020011010201020202030302030301111211213120301303
1000000000101000101011020011010201020202030302030302
1000000000101000101011020011010201020202030302030303
1000000000101000101011020011010201020202030302030311
1000000000101000101011020011010201020202030302030312
1000000000101000101011020011010201020202030302030313
1000000000101000101011020011010201020202030302030321
1000000000101000101011020011010201020202030302030322
1000000000101000101011020011010201020202030302030323
100000000010100010101102001101020102020203030203033
3000000000101010101000101020201020020203020303110
3000000000101010101000101020201020020203020303111110301112120300
300000000010101010100010102020102002020302030311111030111212030121212113113020300200
300000000010101010100010102020102002020302030311111030111212030121212113113020300201
30000000001010101010001010202010200202030203031111103011121203012121211311302030020222103032131
300000000010101010100010102020102002020302030311111030111212030121212113113020300202221030321323220
300000000010101010100010102020102002020302030311111030111212030121212113113020300202221030321323221
300000000010101010100010102020102002020302030311111030111212030121212113113020300202221030321323222
3000000000101010101000101020201020020203020303111110301112120301212121131130203002022210303213232233102
3000000000101010101000101020201020020203020303111110301112120301212121131130203002022210303213232233103
3000000000101010101000101020201020020203020303111110301112120301212121131130203002022210303213232233110120
30000000001010101010001010202010200202030203031111103011121203012121211311302030020222103032132322331101212
30000000001010101010001010202010200202030203031111103011121203012121211311302030020222103032132322331101213
3000000000101010101000101020201020020203020303111110301112120301212121131130203002022210303213232233110122231120
3000000000101010101000101020201020020203020303111110301112120301212121131130203002022210303213232233110122231121
3000000000101010101000101020201020020203020303111110301112120301212121131130203002022210303213232233110122231122
300000000010101010100010102020102002020302030311111030111212030121212113113020300202221030321323223311012223112332
3000000000101010101000101020201020020203020303111110301112120301212121131130203002022210303213232233110122231123330
300000000010101010100010102020102002020302030311111030111212030121212113113020300202221030321323223311012223112333101
300000000010101010100010102020102002020302030311111030111212030121212113113020300202221030321323223311012223112333102
300000000010101010100010102020102002020302030311111030111212030121212113113020300202221030321323223311012223112333103
3000000000101010101000101020201020020203020303111110301112120301212121131130203002022210303213232233110122231123331113012320
30000000001010101010001010202010200202030203031111103011121203012121211311302030020222103032132322331101222311233311130123212212
300000000010101010100010102020102002020302030311111030111212030121212113113020300202221030321323223311012223112333111301232122130231
3000000000101010101000101020201020020203020303111110301112120301212121131130203002022210303213232233110122231123331113012321221302320
3000000000101010101000101020201020020203020303111110301112120301212121131130203002022210303213232233110122231123331113012321221302321311
30000000001010101010001010202010200202030203031111103011121203012121211311302030020222103032132322331101222311233311130123212213023213123
300000000010101010100010102020102002020302030311111030111212030121212113113020300202221030321323223311012223112333111301232122130232131330
300000000010101010100010102020102002020302030311111030111212030121212113113020300202221030321323223311012223112333111301232122130232131331
300000000010101010100010102020102002020302030311111030111212030121212113113020300202221030321323223311012223112333111301232122130232131332
30000000001010101010001010202010200202030203031111103011121203012121211311302030020222103032132322331101222311233311130123212213023213133321313
30000000001010101010001010202010200202030203031111103011121203012121211311302030020222103032132322331101222311233311130123212213023213133321322
3000000000101010101000101020201020020203020303111110301112120301212121131130203002022210303213232233110122231123331113012321221302321313332132330
3000000000101010101000101020201020020203020303111110301112120301212121131130203002022210303213232233110122231123331113012321221302321313332132331
3000000000101010101000101020201020020203020303111110301112120301212121131130203002022210303213232233110122231123331113012321221302321313332132332
3000000000101010101000101020201020020203020303111110301112120301212121131130203002022210303213232233110122231123331113012321221302321313332132333
3000000000101010101000101020201020020203020303111110301112120301212121131130203002022210303213232233110122231123331113012321221302321313332133
30000000001010101010001010202010200202030203031111103011121203012121211311302030020222103032132322331101222311233311130123212213023213133322313222330
30000000001010101010001010202010200202030203031111103011121203012121211311302030020222103032132322331101222311233311130123212213023213133322313222331
30000000001010101010001010202010200202030203031111103011121203012121211311302030020222103032132322331101222311233311130123212213023213133322313222332
300000000010101010100010102020102002020302030311111030111212030121212113113020300202221030321323223311012223112333111301232122130232131333223132223333
30000000001010101010001010202010200202030203031111103011121203012121211311302030020222103032132322331101222311233311130123212213023213133322313223
300000000010101010100010102020102002020302030311111030111212030121212113113020300202221030321323223311012223112333111301232122130232131333223133
30000000001010101010001010202010200202030203031111103011121203012121211311302030020222103032132322331101222311233311130123212213023213133322322
300000000010101010100010102020102002020302030311111030111212030121212113113020300202221030321323223311012223112333111301232122130232131333223233
30000000001010101010001010202010200202030203031111103011121203012121211311302030020222103032132322331101222311233311130123212213023213133323
3000000000101010101000101020201020020203020303111110301112120301212121131130203002022210303213232233110122231123331113012321221303
30000000001010101010001010202010200202030203031111103011121203012121211311302030020222103032132322331101222311233311130123213
300000000010101010100010102020102002020302030311111030111212030121212113113020300202221030321323223311012223112333111302
300000000010101010100010102020102002020302030311111030111212030121212113113020300202221030321323223311012223112333111303
30000000001010101010001010202010200202030203031111103011121203012121211311302030020222103032132322331101222312
30000000001010101010001010202010200202030203031111103011121203012121211311302030020222103032132322331101222313
30000000001010101010001010202010200202030203031111103011121203012121211311303
3000000000101010101000101020201020020203020303111110302
3000000000101010101000101020201020020203020303111110303
3000000000101010101000101020201020020203020303111110311
3000000000101010101000101020201020020203020303111110312
3000000000101010101000101020201020020203020303111110313
3000000000101010101000101020201020020203020303111110321
3000000000101010101000101020201020020203020303111110322
3000000000101010101000101020201020020203020303111110323
300000000010101010100010102020102002020302030311111033
