20000100010200112100220101030
200001000102001121002201010313230203011021102030
2000010001020011210022010103132302030110211020312022003011210211230
200001000102001121002201010313230203011021102031202200301121021123130
20000100010200112100220101031323020301102110203120220030112102112313132201
20000100010200112100220101031323020301102110203120220030112102112313132202211232
2000010001020011210022010103132302030110211020312022003011210211231313220221123311211
2000010001020011210022010103132302030110211020312022003011210211231313220221123311212
20000100010200112100220101031323020301102110203120220030112102112313132202211233112133
2000010001020011210022010103132302030110211020312022003011210211231313220221123311221
200001000102001121002201010313230203011021102031202200301121021123131322022112331122230
200001000102001121002201010313230203011021102031202200301121021123131322022112331122231
200001000102001121002201010313230203011021102031202200301121021123131322022112331122232
20000100010200112100220101031323020301102110203120220030112102112313132202211233112223323122133
20000100010200112100220101031323020301102110203120220030112102112313132202211233112223323122231
20000100010200112100220101031323020301102110203120220030112102112313132202211233112223323122232
200001000102001121002201010313230203011021102031202200301121021123131322022112331122233231222332
200001000102001121002201010313230203011021102031202200301121021123131322022112331122233231222333
200001000102001121002201010313230203011021102031202200301121021123131322022112331122233231223
2000010001020011210022010103132302030110211020312022003011210211231313220221123311222332313
200001000102001121002201010313230203011021102031202200301121021123131322022112331122233232
200001000102001121002201010313230203011021102031202200301121021123131322022112331122233233
2000010001020011210022010103132302030110211020312022003011210211231313220221123311223
20000100010200112100220101031323020301102110203120220030112102112313132202211233113
20000100010200112100220101031323020301102110203120220030112102112313132203
20000100010200112100220101031323020301102110203120220030112102112313133
20000100010200112100220101031323020301102110203120220030112103
20000100010200112100220101031323020301102110203120220030113
200001000102001121002201010313230203011021102031203
200001000102001121003
10000100010200112100220110201030
100001000102001121002201102010313230203012002030
10000100010200112100220110201031323020301200203110301130
10000100010200112100220110201031323020301200203110301131202130
10000100010200112100220110201031323020301200203110301131202131221021132201
10000100010200112100220110201031323020301200203110301131202131221021132202211232
1000010001020011210022011020103132302030120020311030113120213122102113220221123311211
1000010001020011210022011020103132302030120020311030113120213122102113220221123311212
10000100010200112100220110201031323020301200203110301131202131221021132202211233112133
1000010001020011210022011020103132302030120020311030113120213122102113220221123311221
100001000102001121002201102010313230203012002031103011312021312210211322022112331122230
100001000102001121002201102010313230203012002031103011312021312210211322022112331122231
100001000102001121002201102010313230203012002031103011312021312210211322022112331122232
10000100010200112100220110201031323020301200203110301131202131221021132202211233112223323122133
10000100010200112100220110201031323020301200203110301131202131221021132202211233112223323122231
10000100010200112100220110201031323020301200203110301131202131221021132202211233112223323122232
100001000102001121002201102010313230203012002031103011312021312210211322022112331122233231222332
100001000102001121002201102010313230203012002031103011312021312210211322022112331122233231222333
100001000102001121002201102010313230203012002031103011312021312210211322022112331122233231223
1000010001020011210022011020103132302030120020311030113120213122102113220221123311222332313
100001000102001121002201102010313230203012002031103011312021312210211322022112331122233232
100001000102001121002201102010313230203012002031103011312021312210211322022112331122233233
1000010001020011210022011020103132302030120020311030113120213122102113220221123311223
10000100010200112100220110201031323020301200203110301131202131221021132202211233113
10000100010200112100220110201031323020301200203110301131202131221021132203
10000100010200112100220110201031323020301200203110301131202131221021133
1000010001020011210022011020103132302030120020311030113120213122103
1000010001020011210022011020103132302030120020311030113120213123
10000100010200112100220110201031323020301200203110301131203
100001000102001121003
0001020011210022010000103031323010
0001020011210022010000103031323011
0001020011210022010000103031323012
00010200112100220100001030313230133
00010200112100220100001030313230203011020
00010200112100220100001030313230203011021102030
000102001121002201000010303132302030110211020312022003011210211230
00010200112100220100001030313230203011021102031202200301121021123130
0001020011210022010000103031323020301102110203120220030112102112313132201
0001020011210022010000103031323020301102110203120220030112102112313132202211232
00010200112100220100001030313230203011021102031202200301121021123131322022112331121
000102001121002201000010303132302030110211020312022003011210211231313220221123311221
00010200112100220100001030313230203011021102031202200301121021123131322022112331122230
00010200112100220100001030313230203011021102031202200301121021123131322022112331122231
00010200112100220100001030313230203011021102031202200301121021123131322022112331122232
0001020011210022010000103031323020301102110203120220030112102112313132202211233112223323122133
0001020011210022010000103031323020301102110203120220030112102112313132202211233112223323122231
0001020011210022010000103031323020301102110203120220030112102112313132202211233112223323122232
00010200112100220100001030313230203011021102031202200301121021123131322022112331122233231222332
00010200112100220100001030313230203011021102031202200301121021123131322022112331122233231222333
00010200112100220100001030313230203011021102031202200301121021123131322022112331122233231223
000102001121002201000010303132302030110211020312022003011210211231313220221123311222332313
00010200112100220100001030313230203011021102031202200301121021123131322022112331122233232
00010200112100220100001030313230203011021102031202200301121021123131322022112331122233233
000102001121002201000010303132302030110211020312022003011210211231313220221123311223
0001020011210022010000103031323020301102110203120220030112102112313132202211233113
0001020011210022010000103031323020301102110203120220030112102112313132203
0001020011210022010000103031323020301102110203120220030112102112313133
0001020011210022010000103031323020301102110203120220030112103
0001020011210022010000103031323020301102110203120220030113
00010200112100220100001030313230203011021102031203
30000100010200112100220101030
300001000102001121002201010313230203011020
3000010001020011210022010103132302030110211020312022003011210211230
300001000102001121002201010313230203011021102031202200301121021123130
30000100010200112100220101031323020301102110203120220030112102112313132201
30000100010200112100220101031323020301102110203120220030112102112313132202211232
3000010001020011210022010103132302030110211020312022003011210211231313220221123311211
3000010001020011210022010103132302030110211020312022003011210211231313220221123311212
30000100010200112100220101031323020301102110203120220030112102112313132202211233112133
3000010001020011210022010103132302030110211020312022003011210211231313220221123311221
300001000102001121002201010313230203011021102031202200301121021123131322022112331122230
300001000102001121002201010313230203011021102031202200301121021123131322022112331122231
300001000102001121002201010313230203011021102031202200301121021123131322022112331122232
30000100010200112100220101031323020301102110203120220030112102112313132202211233112223323122133
30000100010200112100220101031323020301102110203120220030112102112313132202211233112223323122231
30000100010200112100220101031323020301102110203120220030112102112313132202211233112223323122232
300001000102001121002201010313230203011021102031202200301121021123131322022112331122233231222332
300001000102001121002201010313230203011021102031202200301121021123131322022112331122233231222333
300001000102001121002201010313230203011021102031202200301121021123131322022112331122233231223
3000010001020011210022010103132302030110211020312022003011210211231313220221123311222332313
300001000102001121002201010313230203011021102031202200301121021123131322022112331122233232
300001000102001121002201010313230203011021102031202200301121021123131322022112331122233233
3000010001020011210022010103132302030110211020312022003011210211231313220221123311223
30000100010200112100220101031323020301102110203120220030112102112313132202211233113
30000100010200112100220101031323020301102110203120220030112102112313132203
30000100010200112100220101031323020301102110203120220030112102112313133
30000100010200112100220101031323020301102110203120220030112103
30000100010200112100220101031323020301102110203120220030113
300001000102001121002201010313230203011021102031203
300001000102001121003
