100
1100
120000
130
101
102
103
11100
1120
1130
1101
1102
1103
12100
1220
1230
120100
12020
12030
120010
120020
120030
120001
120002
120003
131
132
133
11110
11120
11130
11101
11102
11103
1121
1122
1123
1131
1132
1133
1211
12120
12130
12101
12102
12103
1221
1222
1223
1231
1232
1233
120110
120120
120130
120101
120102
120103
12021
12022
12023
12031
12032
12033
120011
120012
120013
120021
120022
120023
120031
120032
120033
11111
11112
11113
11121
11122
11123
11131
11132
11133
12121
12122
12123
12131
12132
12133
120111
120112
120113
120121
120122
120123
120131
120132
120133
20000
210
220
230
2010
2020
2030
200100
200200
200300
20001
20002
20003
211
212
213
221
222
223
231
232
233
2011
2012
2013
2021
2022
2023
2031
2032
2033
200110
2001200
200130
200101
200102
200103
200210
200220
200230
200201
200202
200203
2003100
200320
200330
200301
200302
200303
200111
200112
200113
2001210
2001220
2001230
2001201
2001202
2001203
200131
200132
200133
200211
200212
200213
200221
200222
200223
200231
200232
200233
2003110
200312
2003130
2003101
2003102
2003103
200321
200322
200323
200331
200332
200333
2001211
2001212
2001213
2001221
2001222
2001223
2001231
2001232
2001233
2003111
2003112
2003113
2003131
2003132
2003133
000
01000
0200
0300
001
002
003
01100
01200
0130
01010
01020
01030
01001
01002
01003
0210
0220
0230
0201
0202
0203
0310
0320
0330
0301
0302
0303
01110
01120
01130
01101
01102
01103
01210
01220
01230
01201
01202
01203
0131
0132
0133
01011
01012
01013
01021
01022
01023
01031
01032
01033
0211
0212
0213
0221
0222
0223
0231
0232
0233
03110
03120
03130
0321
0322
0323
0331
0332
0333
01111
01112
01113
01121
01122
01123
01131
01132
01133
01211
01212
01213
01221
01222
01223
01231
01232
01233
03111
03112
03113
03121
03122
03123
03131
03132
03133
3000
3100
32000
33
30100
30200
30300
3001
3002
3003
3110
3120
3130
3101
3102
3103
3210
3220
3230
32010
32020
32030
32001
32002
32003
30110
30120
30130
30101
30102
30103
30210
30220
30230
30201
30202
30203
30310
30320
30330
30301
30302
30303
3111
3112
3113
3121
3122
3123
3131
3132
3133
3211
3212
3213
3221
3222
3223
3231
3232
3233
32011
32012
32013
32021
32022
32023
32031
32032
32033
30111
30112
30113
30121
30122
30123
30131
30132
30133
30211
30212
30213
30221
30222
30223
30231
30232
30233
30311
30312
30313
30321
30322
30323
30331
30332
30333
