0 4 8 8
0 2 17 18 7 13 3 8
0 14 18
0 6 3
0 4 16 16
0 4 1 9 18
0 4 14
0 4 8 12 10 6
0 4 8 14
0 4 8 5 15 8
0 2 12
0 2 18
0 2 17 8
0 2 17 0
0 2 17 11 4
0 2 17 18 17
0 2 17 18 8
0 2 17 18 16
0 2 17 18 7 14
0 2 17 18 7 18
0 2 17 18 7 16
0 2 17 18 7 13 10
0 2 17 18 7 13 6
0 2 17 18 7 13 12
0 2 17 18 7 13 3 19 14
0 14 0
0 14 16
0 6 10
0 6 19
0 6 13
0 4 16 8
0 4 16 0
0 4 16 2
0 4 1 10
0 4 1 7
0 4 1 9 0
0 4 1 9 13
0 4 1 9 15
0 4 8 12 5
0 4 8 12 15
0 4 8 12 10 3
0 4 8 12 10 15
0 4 8 12 10 12
0 4 8 5 19
0 4 8 5 3
0 4 8 5 15 4
0 4 8 5 15 3
0 4 8 5 15 5
0 2 17 11 6
0 2 17 11 15
0 2 17 11 8
0 2 17 18 7 13 3 19 9
0 2 17 18 7 13 3 19 2
