00001000002000001101020010010203000
00001000002000001101020010010203001201013021010010
00001000002000001101020010010203001201013021010011
00001000002000001101020010010203001201013021010012202020002030300110
00001000002000001101020010010203001201013021010012202020002030300111
00001000002000001101020010010203001201013021010012202020002030300112303030
0000100000200000110102001001020300120101302101001220202000203030011230303131011013202
00001000002000001101020010010203001201013021010012202020002030300112303031310110132033021
0000100000200000110102001001020300120101302101001220202000203030011230303131011013203302211010
000010000020000011010200100102030012010130210100122020200020303001123030313101101320330221101103120
00001000002000001101020010010203001201013021010012202020002030300112303031310110132033022110110312120
000010000020000011010200100102030012010130210100122020200020303001123030313101101320330221101103121213010
000010000020000011010200100102030012010130210100122020200020303001123030313101101320330221101103121213011
0000100000200000110102001001020300120101302101001220202000203030011230303131011013203302211011031212130120
000010000020000011010200100102030012010130210100122020200020303001123030313101101320330221101103121213012122311120
000010000020000011010200100102030012010130210100122020200020303001123030313101101320330221101103121213012122311121
000010000020000011010200100102030012010130210100122020200020303001123030313101101320330221101103121213012122311122
000010000020000011010200100102030012010130210100122020200020303001123030313101101320330221101103121213012122311123
000010000020000011010200100102030012010130210100122020200020303001123030313101101320330221101103121213012122311130
000010000020000011010200100102030012010130210100122020200020303001123030313101101320330221101103121213012122311131013002
000010000020000011010200100102030012010130210100122020200020303001123030313101101320330221101103121213012122311131013003
000010000020000011010200100102030012010130210100122020200020303001123030313101101320330221101103121213012122311131013011
000010000020000011010200100102030012010130210100122020200020303001123030313101101320330221101103121213012122311131013012232
0000100000200000110102001001020300120101302101001220202000203030011230303131011013203302211011031212130121223111310130122330111311
000010000020000011010200100102030012010130210100122020200020303001123030313101101320330221101103121213012122311131013012233011131203
0000100000200000110102001001020300120101302101001220202000203030011230303131011013203302211011031212130121223111310130122330111312113221
0000100000200000110102001001020300120101302101001220202000203030011230303131011013203302211011031212130121223111310130122330111312113222
0000100000200000110102001001020300120101302101001220202000203030011230303131011013203302211011031212130121223111310130122330111312113223
00001000002000001101020010010203001201013021010012202020002030300112303031310110132033022110110312121301212231113101301223301113121132323212012022
00001000002000001101020010010203001201013021010012202020002030300112303031310110132033022110110312121301212231113101301223301113121132323212012023302
000010000020000011010200100102030012010130210100122020200020303001123030313101101320330221101103121213012122311131013012233011131211323232120120233032121130
000010000020000011010200100102030012010130210100122020200020303001123030313101101320330221101103121213012122311131013012233011131211323232120120233032121131210210311
00001000002000001101020010010203001201013021010012202020002030300112303031310110132033022110110312121301212231113101301223301113121132323212012023303212113121021031220
00001000002000001101020010010203001201013021010012202020002030300112303031310110132033022110110312121301212231113101301223301113121132323212012023303212113121021031221302
00001000002000001101020010010203001201013021010012202020002030300112303031310110132033022110110312121301212231113101301223301113121132323212012023303212113121021031221303331120
00001000002000001101020010010203001201013021010012202020002030300112303031310110132033022110110312121301212231113101301223301113121132323212012023303212113121021031221303331121
000010000020000011010200100102030012010130210100122020200020303001123030313101101320330221101103121213012122311131013012233011131211323232120120233032121131210210312213033311223022
00001000002000001101020010010203001201013021010012202020002030300112303031310110132033022110110312121301212231113101301223301113121132323212012023303212113121021031221303331122302331
00001000002000001101020010010203001201013021010012202020002030300112303031310110132033022110110312121301212231113101301223301113121132323212012023303212113121021031221303331122302332202
00001000002000001101020010010203001201013021010012202020002030300112303031310110132033022110110312121301212231113101301223301113121132323212012023303212113121021031221303331122302332203
0000100000200000110102001001020300120101302101001220202000203030011230303131011013203302211011031212130121223111310130122330111312113232321201202330321211312102103122130333112230233221302
000010000020000011010200100102030012010130210100122020200020303001123030313101101320330221101103121213012122311131013012233011131211323232120120233032121131210210312213033311223023322130312
000010000020000011010200100102030012010130210100122020200020303001123030313101101320330221101103121213012122311131013012233011131211323232120120233032121131210210312213033311223023322130313221
000010000020000011010200100102030012010130210100122020200020303001123030313101101320330221101103121213012122311131013012233011131211323232120120233032121131210210312213033311223023322130313222
000010000020000011010200100102030012010130210100122020200020303001123030313101101320330221101103121213012122311131013012233011131211323232120120233032121131210210312213033311223023322130313223
000010000020000011010200100102030012010130210100122020200020303001123030313101101320330221101103121213012122311131013012233011131211323232120120233032121131210210312213033311223023322130313231
0000100000200000110102001001020300120101302101001220202000203030011230303131011013203302211011031212130121223111310130122330111312113232321201202330321211312102103122130333112230233221303132322
00001000002000001101020010010203001201013021010012202020002030300112303031310110132033022110110312121301212231113101301223301113121132323212012023303212113121021031221303331122302332213031323232331313
0000100000200000110102001001020300120101302101001220202000203030011230303131011013203302211011031212130121223111310130122330111312113232321201202330321211312102103122130333112230233221303132323233132
0000100000200000110102001001020300120101302101001220202000203030011230303131011013203302211011031212130121223111310130122330111312113232321201202330321211312102103122130333112230233221303132323233133
00001000002000001101020010010203001201013021010012202020002030300112303031310110132033022110110312121301212231113101301223301113121132323212012023303212113121021031221303331122302332213031323232332
0000100000200000110102001001020300120101302101001220202000203030011230303131011013203302211011031212130121223111310130122330111312113232321201202330321211312102103122130333112230233221303132323233312
000010000020000011010200100102030012010130210100122020200020303001123030313101101320330221101103121213012122311131013012233011131211323232120120233032121131210210312213033311223023322130313232323331332
0000100000200000110102001001020300120101302101001220202000203030011230303131011013203302211011031212130121223111310130122330111312113232321201202330321211312102103122130333112230233221303132323233313332
00001000002000001101020010010203001201013021010012202020002030300112303031310110132033022110110312121301212231113101301223301113121132323212012023303212113121021031221303331122302332213031323232333133333
00001000002000001101020010010203001201013021010012202020002030300112303031310110132033022110110312121301212231113101301223301113121132323212012023303212113121021031221303331122302332213031323233013
000010000020000011010200100102030012010130210100122020200020303001123030313101101320330221101103121213012122311131013012233011131211323232120120233032121131210210312213033311223023322130313232330222
000010000020000011010200100102030012010130210100122020200020303001123030313101101320330221101103121213012122311131013012233011131211323232120120233032121131210210312213033311223023322130313232330223
000010000020000011010200100102030012010130210100122020200020303001123030313101101320330221101103121213012122311131013012233011131211323232120120233032121131210210312213033311223023322130313232330232
0000100000200000110102001001020300120101302101001220202000203030011230303131011013203302211011031212130121223111310130122330111312113232321201202330321211312102103122130333112230233221303132323302330
0000100000200000110102001001020300120101302101001220202000203030011230303131011013203302211011031212130121223111310130122330111312113232321201202330321211312102103122130333112230233221303132323302331
0000100000200000110102001001020300120101302101001220202000203030011230303131011013203302211011031212130121223111310130122330111312113232321201202330321211312102103122130333112230233221303132323302332
0000100000200000110102001001020300120101302101001220202000203030011230303131011013203302211011031212130121223111310130122330111312113232321201202330321211312102103122130333112230233221303132323302333
0000100000200000110102001001020300120101302101001220202000203030011230303131011013203302211011031212130121223111310130122330111312113232321201202330321211312102103122130333112230233221303132323303
0000100000200000110102001001020300120101302101001220202000203030011230303131011013203302211011031212130121223111310130122330111312113232321201202330321211312102103122130333112230233221303132323311
0000100000200000110102001001020300120101302101001220202000203030011230303131011013203302211011031212130121223111310130122330111312113232321201202330321211312102103122130333112230233221303132323312
0000100000200000110102001001020300120101302101001220202000203030011230303131011013203302211011031212130121223111310130122330111312113232321201202330321211312102103122130333112230233221303132323313
0000100000200000110102001001020300120101302101001220202000203030011230303131011013203302211011031212130121223111310130122330111312113232321201202330321211312102103122130333112230233221303132323321
0000100000200000110102001001020300120101302101001220202000203030011230303131011013203302211011031212130121223111310130122330111312113232321201202330321211312102103122130333112230233221303132323322
0000100000200000110102001001020300120101302101001220202000203030011230303131011013203302211011031212130121223111310130122330111312113232321201202330321211312102103122130333112230233221303132323323
0000100000200000110102001001020300120101302101001220202000203030011230303131011013203302211011031212130121223111310130122330111312113232321201202330321211312102103122130333112230233221303132323331
0000100000200000110102001001020300120101302101001220202000203030011230303131011013203302211011031212130121223111310130122330111312113232321201202330321211312102103122130333112230233221303132323332
0000100000200000110102001001020300120101302101001220202000203030011230303131011013203302211011031212130121223111310130122330111312113232321201202330321211312102103122130333112230233221303132323333
000010000020000011010200100102030012010130210100122020200020303001123030313101101320330221101103121213012122311131013012233011131211323232120120233032121131210210312213033311223023323
00001000002000001101020010010203001201013021010012202020002030300112303031310110132033022110110312121301212231113101301223301113121132323212012023303212113121021031221303331122303
0000100000200000110102001001020300120101302101001220202000203030011230303131011013203302211011031212130121223111310130122330111312113232321201202330321211312102103122130333113
0000100000200000110102001001020300120101302101001220202000203030011230303131011013203302211011031212130121223111310130122330111312113232321201202330321211312103
00001000002000001101020010010203001201013021010012202020002030300112303031310110132033022110110312121301212231113101301223301113121132323212012023303212113122
00001000002000001101020010010203001201013021010012202020002030300112303031310110132033022110110312121301212231113101301223301113121132323212012023303212113123
00001000002000001101020010010203001201013021010012202020002030300112303031310110132033022110110312121301212231113101301223301113121132323212012023303213
000010000020000011010200100102030012010130210100122020200020303001123030313101101320330221101103121213012122311131013012233011131211323232120120310
000010000020000011010200100102030012010130210100122020200020303001123030313101101320330221101103121213012122311131013012233011131211323232120120311
000010000020000011010200100102030012010130210100122020200020303001123030313101101320330221101103121213012122311131013012233011131211323232120120312
000010000020000011010200100102030012010130210100122020200020303001123030313101101320330221101103121213012122311131013012233011131211323232120120313
000010000020000011010200100102030012010130210100122020200020303001123030313101101320330221101103121213012122311131013012233011131211323232120120320
000010000020000011010200100102030012010130210100122020200020303001123030313101101320330221101103121213012122311131013012233011131211323232120120321
000010000020000011010200100102030012010130210100122020200020303001123030313101101320330221101103121213012122311131013012233011131211323232120120322
000010000020000011010200100102030012010130210100122020200020303001123030313101101320330221101103121213012122311131013012233011131211323232120120323
000010000020000011010200100102030012010130210100122020200020303001123030313101101320330221101103121213012122311131013012233011131211323232120120330
000010000020000011010200100102030012010130210100122020200020303001123030313101101320330221101103121213012122311131013012233011131211323232120120331
000010000020000011010200100102030012010130210100122020200020303001123030313101101320330221101103121213012122311131013012233011131211323232120120332
000010000020000011010200100102030012010130210100122020200020303001123030313101101320330221101103121213012122311131013012233011131211323232120120333
00001000002000001101020010010203001201013021010012202020002030300112303031310110132033022110110312121301212231113101302
00001000002000001101020010010203001201013021010012202020002030300112303031310110132033022110110312121301212231113101303
000010000020000011010200100102030012010130210100122020200020303002
000010000020000011010200100102030012010130210100122020200020303003
200000001000011010200100102020300103000
20000000100001101020010010202030010300120100
200000001000011010200100102020300103001201013021002202010300110
200000001000011010200100102020300103001201013021002202010300111
2000000010000110102001001020203001030012010130210022020103001123020002030
20000000100001101020010010202030010300120101302100220201030011230200020311
20000000100001101020010010202030010300120101302100220201030011230200020312
200000001000011010200100102020300103001201013021002202010300112302000203131011013202
2000000010000110102001001020203001030012010130210022020103001123020002031310110132033021
200000001000011010200100102020300103001201013021002202010300112302000203131011013203302211010
20000000100001101020010010202030010300120101302100220201030011230200020313101101320330221101103120
200000001000011010200100102020300103001201013021002202010300112302000203131011013203302211011031212030
200000001000011010200100102020300103001201013021002202010300112302000203131011013203302211011031212031213011013003
200000001000011010200100102020300103001201013021002202010300112302000203131011013203302211011031212031213011013011
20000000100001101020010010202030010300120101302100220201030011230200020313101101320330221101103121203121301101301222311120
20000000100001101020010010202030010300120101302100220201030011230200020313101101320330221101103121203121301101301222311121
20000000100001101020010010202030010300120101302100220201030011230200020313101101320330221101103121203121301101301222311122
20000000100001101020010010202030010300120101302100220201030011230200020313101101320330221101103121203121301101301222311123
20000000100001101020010010202030010300120101302100220201030011230200020313101101320330221101103121203121301101301222311130
2000000010000110102001001020203001030012010130210022020103001123020002031310110132033022110110312120312130110130122231113110
2000000010000110102001001020203001030012010130210022020103001123020002031310110132033022110110312120312130110130122231113111301232
200000001000011010200100102020300103001201013021002202010300112302000203131011013203302211011031212031213011013012223111311130123311
20000000100001101020010010202030010300120101302100220201030011230200020313101101320330221101103121203121301101301222311131113012331203
200000001000011010200100102020300103001201013021002202010300112302000203131011013203302211011031212031213011013012223111311130123312113221
200000001000011010200100102020300103001201013021002202010300112302000203131011013203302211011031212031213011013012223111311130123312113222
200000001000011010200100102020300103001201013021002202010300112302000203131011013203302211011031212031213011013012223111311130123312113223
200000001000011010200100102020300103001201013021002202010300112302000203131011013203302211011031212031213011013012223111311130123312113231
2000000010000110102001001020203001030012010130210022020103001123020002031310110132033022110110312120312130110130122231113111301233121132323212012021
2000000010000110102001001020203001030012010130210022020103001123020002031310110132033022110110312120312130110130122231113111301233121132323212012022
2000000010000110102001001020203001030012010130210022020103001123020002031310110132033022110110312120312130110130122231113111301233121132323212012023302
20000000100001101020010010202030010300120101302100220201030011230200020313101101320330221101103121203121301101301222311131113012331211323232120120233032121130
20000000100001101020010010202030010300120101302100220201030011230200020313101101320330221101103121203121301101301222311131113012331211323232120120233032121131210210311
2000000010000110102001001020203001030012010130210022020103001123020002031310110132033022110110312120312130110130122231113111301233121132323212012023303212113121021031220
2000000010000110102001001020203001030012010130210022020103001123020002031310110132033022110110312120312130110130122231113111301233121132323212012023303212113121021031221302
2000000010000110102001001020203001030012010130210022020103001123020002031310110132033022110110312120312130110130122231113111301233121132323212012023303212113121021031221303331120
2000000010000110102001001020203001030012010130210022020103001123020002031310110132033022110110312120312130110130122231113111301233121132323212012023303212113121021031221303331121
20000000100001101020010010202030010300120101302100220201030011230200020313101101320330221101103121203121301101301222311131113012331211323232120120233032121131210210312213033311223022
20000000100001101020010010202030010300120101302100220201030011230200020313101101320330221101103121203121301101301222311131113012331211323232120120233032121131210210312213033311223023313
2000000010000110102001001020203001030012010130210022020103001123020002031310110132033022110110312120312130110130122231113111301233121132323212012023303212113121021031221303331122302332202
2000000010000110102001001020203001030012010130210022020103001123020002031310110132033022110110312120312130110130122231113111301233121132323212012023303212113121021031221303331122302332203
200000001000011010200100102020300103001201013021002202010300112302000203131011013203302211011031212031213011013012223111311130123312113232321201202330321211312102103122130333112230233221302
20000000100001101020010010202030010300120101302100220201030011230200020313101101320330221101103121203121301101301222311131113012331211323232120120233032121131210210312213033311223023322130312
20000000100001101020010010202030010300120101302100220201030011230200020313101101320330221101103121203121301101301222311131113012331211323232120120233032121131210210312213033311223023322130313221
20000000100001101020010010202030010300120101302100220201030011230200020313101101320330221101103121203121301101301222311131113012331211323232120120233032121131210210312213033311223023322130313222
20000000100001101020010010202030010300120101302100220201030011230200020313101101320330221101103121203121301101301222311131113012331211323232120120233032121131210210312213033311223023322130313223
20000000100001101020010010202030010300120101302100220201030011230200020313101101320330221101103121203121301101301222311131113012331211323232120120233032121131210210312213033311223023322130313231
200000001000011010200100102020300103001201013021002202010300112302000203131011013203302211011031212031213011013012223111311130123312113232321201202330321211312102103122130333112230233221303132322
200000001000011010200100102020300103001201013021002202010300112302000203131011013203302211011031212031213011013012223111311130123312113232321201202330321211312102103122130333112230233221303132323233132
200000001000011010200100102020300103001201013021002202010300112302000203131011013203302211011031212031213011013012223111311130123312113232321201202330321211312102103122130333112230233221303132323233133
2000000010000110102001001020203001030012010130210022020103001123020002031310110132033022110110312120312130110130122231113111301233121132323212012023303212113121021031221303331122302332213031323232332
200000001000011010200100102020300103001201013021002202010300112302000203131011013203302211011031212031213011013012223111311130123312113232321201202330321211312102103122130333112230233221303132323233312
20000000100001101020010010202030010300120101302100220201030011230200020313101101320330221101103121203121301101301222311131113012331211323232120120233032121131210210312213033311223023322130313232323331332
200000001000011010200100102020300103001201013021002202010300112302000203131011013203302211011031212031213011013012223111311130123312113232321201202330321211312102103122130333112230233221303132323233313332
2000000010000110102001001020203001030012010130210022020103001123020002031310110132033022110110312120312130110130122231113111301233121132323212012023303212113121021031221303331122302332213031323232333133333
2000000010000110102001001020203001030012010130210022020103001123020002031310110132033022110110312120312130110130122231113111301233121132323212012023303212113121021031221303331122302332213031323233013
20000000100001101020010010202030010300120101302100220201030011230200020313101101320330221101103121203121301101301222311131113012331211323232120120233032121131210210312213033311223023322130313232330222
20000000100001101020010010202030010300120101302100220201030011230200020313101101320330221101103121203121301101301222311131113012331211323232120120233032121131210210312213033311223023322130313232330223
20000000100001101020010010202030010300120101302100220201030011230200020313101101320330221101103121203121301101301222311131113012331211323232120120233032121131210210312213033311223023322130313232330232
200000001000011010200100102020300103001201013021002202010300112302000203131011013203302211011031212031213011013012223111311130123312113232321201202330321211312102103122130333112230233221303132323302330
200000001000011010200100102020300103001201013021002202010300112302000203131011013203302211011031212031213011013012223111311130123312113232321201202330321211312102103122130333112230233221303132323302331
200000001000011010200100102020300103001201013021002202010300112302000203131011013203302211011031212031213011013012223111311130123312113232321201202330321211312102103122130333112230233221303132323302332
200000001000011010200100102020300103001201013021002202010300112302000203131011013203302211011031212031213011013012223111311130123312113232321201202330321211312102103122130333112230233221303132323302333
200000001000011010200100102020300103001201013021002202010300112302000203131011013203302211011031212031213011013012223111311130123312113232321201202330321211312102103122130333112230233221303132323303
200000001000011010200100102020300103001201013021002202010300112302000203131011013203302211011031212031213011013012223111311130123312113232321201202330321211312102103122130333112230233221303132323311
200000001000011010200100102020300103001201013021002202010300112302000203131011013203302211011031212031213011013012223111311130123312113232321201202330321211312102103122130333112230233221303132323312
200000001000011010200100102020300103001201013021002202010300112302000203131011013203302211011031212031213011013012223111311130123312113232321201202330321211312102103122130333112230233221303132323313
200000001000011010200100102020300103001201013021002202010300112302000203131011013203302211011031212031213011013012223111311130123312113232321201202330321211312102103122130333112230233221303132323321
200000001000011010200100102020300103001201013021002202010300112302000203131011013203302211011031212031213011013012223111311130123312113232321201202330321211312102103122130333112230233221303132323322
200000001000011010200100102020300103001201013021002202010300112302000203131011013203302211011031212031213011013012223111311130123312113232321201202330321211312102103122130333112230233221303132323323
200000001000011010200100102020300103001201013021002202010300112302000203131011013203302211011031212031213011013012223111311130123312113232321201202330321211312102103122130333112230233221303132323332
200000001000011010200100102020300103001201013021002202010300112302000203131011013203302211011031212031213011013012223111311130123312113232321201202330321211312102103122130333112230233221303132323333
20000000100001101020010010202030010300120101302100220201030011230200020313101101320330221101103121203121301101301222311131113012331211323232120120233032121131210210312213033311223023323
2000000010000110102001001020203001030012010130210022020103001123020002031310110132033022110110312120312130110130122231113111301233121132323212012023303212113121021031221303331122303
200000001000011010200100102020300103001201013021002202010300112302000203131011013203302211011031212031213011013012223111311130123312113232321201202330321211312102103122130333113
200000001000011010200100102020300103001201013021002202010300112302000203131011013203302211011031212031213011013012223111311130123312113232321201202330321211312103
2000000010000110102001001020203001030012010130210022020103001123020002031310110132033022110110312120312130110130122231113111301233121132323212012023303212113122
2000000010000110102001001020203001030012010130210022020103001123020002031310110132033022110110312120312130110130122231113111301233121132323212012023303212113123
2000000010000110102001001020203001030012010130210022020103001123020002031310110132033022110110312120312130110130122231113111301233121132323212012023303213
20000000100001101020010010202030010300120101302100220201030011230200020313101101320330221101103121203121301101301222311131113012331211323232120120310
20000000100001101020010010202030010300120101302100220201030011230200020313101101320330221101103121203121301101301222311131113012331211323232120120311
20000000100001101020010010202030010300120101302100220201030011230200020313101101320330221101103121203121301101301222311131113012331211323232120120312
20000000100001101020010010202030010300120101302100220201030011230200020313101101320330221101103121203121301101301222311131113012331211323232120120313
20000000100001101020010010202030010300120101302100220201030011230200020313101101320330221101103121203121301101301222311131113012331211323232120120320
20000000100001101020010010202030010300120101302100220201030011230200020313101101320330221101103121203121301101301222311131113012331211323232120120321
20000000100001101020010010202030010300120101302100220201030011230200020313101101320330221101103121203121301101301222311131113012331211323232120120322
20000000100001101020010010202030010300120101302100220201030011230200020313101101320330221101103121203121301101301222311131113012331211323232120120323
20000000100001101020010010202030010300120101302100220201030011230200020313101101320330221101103121203121301101301222311131113012331211323232120120330
20000000100001101020010010202030010300120101302100220201030011230200020313101101320330221101103121203121301101301222311131113012331211323232120120331
20000000100001101020010010202030010300120101302100220201030011230200020313101101320330221101103121203121301101301222311131113012331211323232120120332
20000000100001101020010010202030010300120101302100220201030011230200020313101101320330221101103121203121301101301222311131113012331211323232120120333
20000000100001101020010010202030010300120101302100220201030011230200020313101101320330221101103121203121301101302
20000000100001101020010010202030010300120101302100220201030011230200020313101101320330221101103121203121301101303
2000000010000110102001001020203001030012010130210022020103002
2000000010000110102001001020203001030012010130210022020103003
10000000010000110102000101011020203000
1000000001000011010200010101102020300120100
1000000001000011010200010101102020300120101302100220010
1000000001000011010200010101102020300120101302100220011
1000000001000011010200010101102020300120101302100220012301020200020303011
1000000001000011010200010101102020300120101302100220012301020200020303012
1000000001000011010200010101102020300120101302100220012301020200020303013101110102
100000000100001101020001010110202030012010130210022001230102020002030301310111010320
1000000001000011010200010101102020300120101302100220012301020200020303013101110103210213303120
1000000001000011010200010101102020300120101302100220012301020200020303013101110103210213303121203030
1000000001000011010200010101102020300120101302100220012301020200020303013101110103210213303121203031
100000000100001101020001010110202030012010130210022001230102020002030301310111010321021330312120303213010
100000000100001101020001010110202030012010130210022001230102020002030301310111010321021330312120303213011
1000000001000011010200010101102020300120101302100220012301020200020303013101110103210213303121203032130120
1000000001000011010200010101102020300120101302100220012301020200020303013101110103210213303121203032130121222232
1000000001000011010200010101102020300120101302100220012301020200020303013101110103210213303121203032130121222233011013003
1000000001000011010200010101102020300120101302100220012301020200020303013101110103210213303121203032130121222233011013011
100000000100001101020001010110202030012010130210022001230102020002030301310111010321021330312120303213012122223301101301231112021
100000000100001101020001010110202030012010130210022001230102020002030301310111010321021330312120303213012122223301101301231112022
10000000010000110102000101011020203001201013021002200123010202000203030131011101032102133031212030321301212222330110130123111202321133013021
10000000010000110102000101011020203001201013021002200123010202000203030131011101032102133031212030321301212222330110130123111202321133013022
10000000010000110102000101011020203001201013021002200123010202000203030131011101032102133031212030321301212222330110130123111202321133013023
1000000001000011010200010101102020300120101302100220012301020200020303013101110103210213303121203032130121222233011013012311120232113301303311120
1000000001000011010200010101102020300120101302100220012301020200020303013101110103210213303121203032130121222233011013012311120232113301303311121
1000000001000011010200010101102020300120101302100220012301020200020303013101110103210213303121203032130121222233011013012311120232113301303311122
1000000001000011010200010101102020300120101302100220012301020200020303013101110103210213303121203032130121222233011013012311120232113301303311123
1000000001000011010200010101102020300120101302100220012301020200020303013101110103210213303121203032130121222233011013012311120232113301303311130
1000000001000011010200010101102020300120101302100220012301020200020303013101110103210213303121203032130121222233011013012311120232113301303311131202
100000000100001101020001010110202030012010130210022001230102020002030301310111010321021330312120303213012122223301101301231112023211330130331113120321211303
100000000100001101020001010110202030012010130210022001230102020002030301310111010321021330312120303213012122223301101301231112023211330130331113120321211311322
100000000100001101020001010110202030012010130210022001230102020002030301310111010321021330312120303213012122223301101301231112023211330130331113120321211311323
1000000001000011010200010101102020300120101302100220012301020200020303013101110103210213303121203032130121222233011013012311120232113301303311131203212113113310210311
10000000010000110102000101011020203001201013021002200123010202000203030131011101032102133031212030321301212222330110130123111202321133013033111312032121131133102103120
1000000001000011010200010101102020300120101302100220012301020200020303013101110103210213303121203032130121222233011013012311120232113301303311131203212113113310210312121120
1000000001000011010200010101102020300120101302100220012301020200020303013101110103210213303121203032130121222233011013012311120232113301303311131203212113113310210312121121
100000000100001101020001010110202030012010130210022001230102020002030301310111010321021330312120303213012122223301101301231112023211330130331113120321211311331021031212112220
100000000100001101020001010110202030012010130210022001230102020002030301310111010321021330312120303213012122223301101301231112023211330130331113120321211311331021031212112221
100000000100001101020001010110202030012010130210022001230102020002030301310111010321021330312120303213012122223301101301231112023211330130331113120321211311331021031212112222
10000000010000110102000101011020203001201013021002200123010202000203030131011101032102133031212030321301212222330110130123111202321133013033111312032121131133102103121211222331
10000000010000110102000101011020203001201013021002200123010202000203030131011101032102133031212030321301212222330110130123111202321133013033111312032121131133102103121211222332202
10000000010000110102000101011020203001201013021002200123010202000203030131011101032102133031212030321301212222330110130123111202321133013033111312032121131133102103121211222332203
10000000010000110102000101011020203001201013021002200123010202000203030131011101032102133031212030321301212222330110130123111202321133013033111312032121131133102103121211222332212302
10000000010000110102000101011020203001201013021002200123010202000203030131011101032102133031212030321301212222330110130123111202321133013033111312032121131133102103121211222332212303122
100000000100001101020001010110202030012010130210022001230102020002030301310111010321021330312120303213012122223301101301231112023211330130331113120321211311331021031212112223322123031232302
10000000010000110102000101011020203001201013021002200123010202000203030131011101032102133031212030321301212222330110130123111202321133013033111312032121131133102103121211222332212303123230312
10000000010000110102000101011020203001201013021002200123010202000203030131011101032102133031212030321301212222330110130123111202321133013033111312032121131133102103121211222332212303123230313222
10000000010000110102000101011020203001201013021002200123010202000203030131011101032102133031212030321301212222330110130123111202321133013033111312032121131133102103121211222332212303123230313223
10000000010000110102000101011020203001201013021002200123010202000203030131011101032102133031212030321301212222330110130123111202321133013033111312032121131133102103121211222332212303123230313231
10000000010000110102000101011020203001201013021002200123010202000203030131011101032102133031212030321301212222330110130123111202321133013033111312032121131133102103121211222332212303123230313232
1000000001000011010200010101102020300120101302100220012301020200020303013101110103210213303121203032130121222233011013012311120232113301303311131203212113113310210312121122233221230312323031323332
10000000010000110102000101011020203001201013021002200123010202000203030131011101032102133031212030321301212222330110130123111202321133013033111312032121131133102103121211222332212303123230313233332
10000000010000110102000101011020203001201013021002200123010202000203030131011101032102133031212030321301212222330110130123111202321133013033111312032121131133102103121211222332212303123230313233333
1000000001000011010200010101102020300120101302100220012301020200020303013101110103210213303121203032130121222233011013012311120232113301303311131203212113113310210312121122233221230312323031331313
1000000001000011010200010101102020300120101302100220012301020200020303013101110103210213303121203032130121222233011013012311120232113301303311131203212113113310210312121122233221230312323031331323
100000000100001101020001010110202030012010130210022001230102020002030301310111010321021330312120303213012122223301101301231112023211330130331113120321211311331021031212112223322123031232303133133
1000000001000011010200010101102020300120101302100220012301020200020303013101110103210213303121203032130121222233011013012311120232113301303311131203212113113310210312121122233221230312323031332
1000000001000011010200010101102020300120101302100220012301020200020303013101110103210213303121203032130121222233011013012311120232113301303311131203212113113310210312121122233221230312323031333
100000000100001101020001010110202030012010130210022001230102020002030301310111010321021330312120303213012122223301101301231112023211330130331113120321211311331021031212112223322123031233013
1000000001000011010200010101102020300120101302100220012301020200020303013101110103210213303121203032130121222233011013012311120232113301303311131203212113113310210312121122233221230312330222
1000000001000011010200010101102020300120101302100220012301020200020303013101110103210213303121203032130121222233011013012311120232113301303311131203212113113310210312121122233221230312330223
1000000001000011010200010101102020300120101302100220012301020200020303013101110103210213303121203032130121222233011013012311120232113301303311131203212113113310210312121122233221230312330232
10000000010000110102000101011020203001201013021002200123010202000203030131011101032102133031212030321301212222330110130123111202321133013033111312032121131133102103121211222332212303123302330
10000000010000110102000101011020203001201013021002200123010202000203030131011101032102133031212030321301212222330110130123111202321133013033111312032121131133102103121211222332212303123302331
10000000010000110102000101011020203001201013021002200123010202000203030131011101032102133031212030321301212222330110130123111202321133013033111312032121131133102103121211222332212303123302332
10000000010000110102000101011020203001201013021002200123010202000203030131011101032102133031212030321301212222330110130123111202321133013033111312032121131133102103121211222332212303123302333
10000000010000110102000101011020203001201013021002200123010202000203030131011101032102133031212030321301212222330110130123111202321133013033111312032121131133102103121211222332212303123303
10000000010000110102000101011020203001201013021002200123010202000203030131011101032102133031212030321301212222330110130123111202321133013033111312032121131133102103121211222332212303123311
10000000010000110102000101011020203001201013021002200123010202000203030131011101032102133031212030321301212222330110130123111202321133013033111312032121131133102103121211222332212303123312
10000000010000110102000101011020203001201013021002200123010202000203030131011101032102133031212030321301212222330110130123111202321133013033111312032121131133102103121211222332212303123313
10000000010000110102000101011020203001201013021002200123010202000203030131011101032102133031212030321301212222330110130123111202321133013033111312032121131133102103121211222332212303123321
10000000010000110102000101011020203001201013021002200123010202000203030131011101032102133031212030321301212222330110130123111202321133013033111312032121131133102103121211222332212303123322
10000000010000110102000101011020203001201013021002200123010202000203030131011101032102133031212030321301212222330110130123111202321133013033111312032121131133102103121211222332212303123323
10000000010000110102000101011020203001201013021002200123010202000203030131011101032102133031212030321301212222330110130123111202321133013033111312032121131133102103121211222332212303123331
10000000010000110102000101011020203001201013021002200123010202000203030131011101032102133031212030321301212222330110130123111202321133013033111312032121131133102103121211222332212303123332
10000000010000110102000101011020203001201013021002200123010202000203030131011101032102133031212030321301212222330110130123111202321133013033111312032121131133102103121211222332212303123333
1000000001000011010200010101102020300120101302100220012301020200020303013101110103210213303121203032130121222233011013012311120232113301303311131203212113113310210312121122233221230313
10000000010000110102000101011020203001201013021002200123010202000203030131011101032102133031212030321301212222330110130123111202321133013033111312032121131133102103121211222332213
100000000100001101020001010110202030012010130210022001230102020002030301310111010321021330312120303213012122223301101301231112023211330130331113120321211311331021031212112223323
100000000100001101020001010110202030012010130210022001230102020002030301310111010321021330312120303213012122223301101301231112023211330130331113120321211311331021031212113
1000000001000011010200010101102020300120101302100220012301020200020303013101110103210213303121203032130121222233011013012311120232113301303311131203212113113310210312122
1000000001000011010200010101102020300120101302100220012301020200020303013101110103210213303121203032130121222233011013012311120232113301303311131203212113113310210312123
10000000010000110102000101011020203001201013021002200123010202000203030131011101032102133031212030321301212222330110130123111202321133013033111312032121131133103
1000000001000011010200010101102020300120101302100220012301020200020303013101110103210213303121203032130121222233011013012311120232113301303311131203213
1000000001000011010200010101102020300120101302100220012301020200020303013101110103210213303121203032130121222233011013012311120310
1000000001000011010200010101102020300120101302100220012301020200020303013101110103210213303121203032130121222233011013012311120311
1000000001000011010200010101102020300120101302100220012301020200020303013101110103210213303121203032130121222233011013012311120312
1000000001000011010200010101102020300120101302100220012301020200020303013101110103210213303121203032130121222233011013012311120313
1000000001000011010200010101102020300120101302100220012301020200020303013101110103210213303121203032130121222233011013012311120320
1000000001000011010200010101102020300120101302100220012301020200020303013101110103210213303121203032130121222233011013012311120321
1000000001000011010200010101102020300120101302100220012301020200020303013101110103210213303121203032130121222233011013012311120322
1000000001000011010200010101102020300120101302100220012301020200020303013101110103210213303121203032130121222233011013012311120323
1000000001000011010200010101102020300120101302100220012301020200020303013101110103210213303121203032130121222233011013012311120330
1000000001000011010200010101102020300120101302100220012301020200020303013101110103210213303121203032130121222233011013012311120331
1000000001000011010200010101102020300120101302100220012301020200020303013101110103210213303121203032130121222233011013012311120332
1000000001000011010200010101102020300120101302100220012301020200020303013101110103210213303121203032130121222233011013012311120333
100000000100001101020001010110202030012010130210022001230102020002030301310111010321021330312120303213012122223301101302
100000000100001101020001010110202030012010130210022001230102020002030301310111010321021330312120303213012122223301101303
1000000001000011010200010102
1000000001000011010200010103
3000010001000000110102010002010010203000
3000010001000000110102010002010010203001201013021100110
3000010001000000110102010002010010203001201013021100111
300001000100000011010201000201001020300120101302110011220010
300001000100000011010201000201001020300120101302110011220011
30000100010000001101020100020100102030012010130211001122001230102020002030301310213202
3000010001000000110102010002010010203001201013021100112200123010202000203030131021320330311010
3000010001000000110102010002010010203001201013021100112200123010202000203030131021320330311011101203030
3000010001000000110102010002010010203001201013021100112200123010202000203030131021320330311011101203031
3000010001000000110102010002010010203001201013021100112200123010202000203030131021320330311011101203032120
30000100010000001101020100020100102030012010130211001122001230102020002030301310213203303110111012030321213002
30000100010000001101020100020100102030012010130211001122001230102020002030301310213203303110111012030321213003
30000100010000001101020100020100102030012010130211001122001230102020002030301310213203303110111012030321213011
3000010001000000110102010002010010203001201013021100112200123010202000203030131021320330311011101203032121301220
300001000100000011010201000201001020300120101302110011220012301020200020303013102132033031101110120303212130122122231120
300001000100000011010201000201001020300120101302110011220012301020200020303013102132033031101110120303212130122122231121
300001000100000011010201000201001020300120101302110011220012301020200020303013102132033031101110120303212130122122231122
300001000100000011010201000201001020300120101302110011220012301020200020303013102132033031101110120303212130122122231123
300001000100000011010201000201001020300120101302110011220012301020200020303013102132033031101110120303212130122122231130
30000100010000001101020100020100102030012010130211001122001230102020002030301310213203303110111012030321213012212223113110
30000100010000001101020100020100102030012010130211001122001230102020002030301310213203303110111012030321213012212223113111301232
30000100010000001101020100020100102030012010130211001122001230102020002030301310213203303110111012030321213012212223113111301233212012021
30000100010000001101020100020100102030012010130211001122001230102020002030301310213203303110111012030321213012212223113111301233212012022
30000100010000001101020100020100102030012010130211001122001230102020002030301310213203303110111012030321213012212223113111301233212012023302
300001000100000011010201000201001020300120101302110011220012301020200020303013102132033031101110120303212130122122231131113012332120120233032111
30000100010000001101020100020100102030012010130211001122001230102020002030301310213203303110111012030321213012212223113111301233212012023303211203
300001000100000011010201000201001020300120101302110011220012301020200020303013102132033031101110120303212130122122231131113012332120120233032112113121130
300001000100000011010201000201001020300120101302110011220012301020200020303013102132033031101110120303212130122122231131113012332120120233032112113121131210210311
30000100010000001101020100020100102030012010130211001122001230102020002030301310213203303110111012030321213012212223113111301233212012023303211211312113121021031220
300001000100000011010201000201001020300120101302110011220012301020200020303013102132033031101110120303212130122122231131113012332120120233032112113121131210210312213021
300001000100000011010201000201001020300120101302110011220012301020200020303013102132033031101110120303212130122122231131113012332120120233032112113121131210210312213022
300001000100000011010201000201001020300120101302110011220012301020200020303013102132033031101110120303212130122122231131113012332120120233032112113121131210210312213023
30000100010000001101020100020100102030012010130211001122001230102020002030301310213203303110111012030321213012212223113111301233212012023303211211312113121021031221303322
30000100010000001101020100020100102030012010130211001122001230102020002030301310213203303110111012030321213012212223113111301233212012023303211211312113121021031221303323
30000100010000001101020100020100102030012010130211001122001230102020002030301310213203303110111012030321213012212223113111301233212012023303211211312113121021031221303331120
30000100010000001101020100020100102030012010130211001122001230102020002030301310213203303110111012030321213012212223113111301233212012023303211211312113121021031221303331121
300001000100000011010201000201001020300120101302110011220012301020200020303013102132033031101110120303212130122122231131113012332120120233032112113121131210210312213033311223022
300001000100000011010201000201001020300120101302110011220012301020200020303013102132033031101110120303212130122122231131113012332120120233032112113121131210210312213033311223023313
30000100010000001101020100020100102030012010130211001122001230102020002030301310213203303110111012030321213012212223113111301233212012023303211211312113121021031221303331122302332202
30000100010000001101020100020100102030012010130211001122001230102020002030301310213203303110111012030321213012212223113111301233212012023303211211312113121021031221303331122302332203
30000100010000001101020100020100102030012010130211001122001230102020002030301310213203303110111012030321213012212223113111301233212012023303211211312113121021031221303331122302332212
3000010001000000110102010002010010203001201013021100112200123010202000203030131021320330311011101203032121301221222311311130123321201202330321121131211312102103122130333112230233221302
300001000100000011010201000201001020300120101302110011220012301020200020303013102132033031101110120303212130122122231131113012332120120233032112113121131210210312213033311223023322130313221
300001000100000011010201000201001020300120101302110011220012301020200020303013102132033031101110120303212130122122231131113012332120120233032112113121131210210312213033311223023322130313222
300001000100000011010201000201001020300120101302110011220012301020200020303013102132033031101110120303212130122122231131113012332120120233032112113121131210210312213033311223023322130313223
300001000100000011010201000201001020300120101302110011220012301020200020303013102132033031101110120303212130122122231131113012332120120233032112113121131210210312213033311223023322130313231
3000010001000000110102010002010010203001201013021100112200123010202000203030131021320330311011101203032121301221222311311130123321201202330321121131211312102103122130333112230233221303132322
30000100010000001101020100020100102030012010130211001122001230102020002030301310213203303110111012030321213012212223113111301233212012023303211211312113121021031221303331122302332213031323232331313
30000100010000001101020100020100102030012010130211001122001230102020002030301310213203303110111012030321213012212223113111301233212012023303211211312113121021031221303331122302332213031323232331323
3000010001000000110102010002010010203001201013021100112200123010202000203030131021320330311011101203032121301221222311311130123321201202330321121131211312102103122130333112230233221303132323233133
30000100010000001101020100020100102030012010130211001122001230102020002030301310213203303110111012030321213012212223113111301233212012023303211211312113121021031221303331122302332213031323232332
3000010001000000110102010002010010203001201013021100112200123010202000203030131021320330311011101203032121301221222311311130123321201202330321121131211312102103122130333112230233221303132323233312
300001000100000011010201000201001020300120101302110011220012301020200020303013102132033031101110120303212130122122231131113012332120120233032112113121131210210312213033311223023322130313232323331332
3000010001000000110102010002010010203001201013021100112200123010202000203030131021320330311011101203032121301221222311311130123321201202330321121131211312102103122130333112230233221303132323233313332
30000100010000001101020100020100102030012010130211001122001230102020002030301310213203303110111012030321213012212223113111301233212012023303211211312113121021031221303331122302332213031323232333133333
30000100010000001101020100020100102030012010130211001122001230102020002030301310213203303110111012030321213012212223113111301233212012023303211211312113121021031221303331122302332213031323233013
300001000100000011010201000201001020300120101302110011220012301020200020303013102132033031101110120303212130122122231131113012332120120233032112113121131210210312213033311223023322130313232330222
300001000100000011010201000201001020300120101302110011220012301020200020303013102132033031101110120303212130122122231131113012332120120233032112113121131210210312213033311223023322130313232330223
300001000100000011010201000201001020300120101302110011220012301020200020303013102132033031101110120303212130122122231131113012332120120233032112113121131210210312213033311223023322130313232330232
3000010001000000110102010002010010203001201013021100112200123010202000203030131021320330311011101203032121301221222311311130123321201202330321121131211312102103122130333112230233221303132323302330
3000010001000000110102010002010010203001201013021100112200123010202000203030131021320330311011101203032121301221222311311130123321201202330321121131211312102103122130333112230233221303132323302331
3000010001000000110102010002010010203001201013021100112200123010202000203030131021320330311011101203032121301221222311311130123321201202330321121131211312102103122130333112230233221303132323302332
3000010001000000110102010002010010203001201013021100112200123010202000203030131021320330311011101203032121301221222311311130123321201202330321121131211312102103122130333112230233221303132323302333
3000010001000000110102010002010010203001201013021100112200123010202000203030131021320330311011101203032121301221222311311130123321201202330321121131211312102103122130333112230233221303132323303
3000010001000000110102010002010010203001201013021100112200123010202000203030131021320330311011101203032121301221222311311130123321201202330321121131211312102103122130333112230233221303132323311
3000010001000000110102010002010010203001201013021100112200123010202000203030131021320330311011101203032121301221222311311130123321201202330321121131211312102103122130333112230233221303132323312
3000010001000000110102010002010010203001201013021100112200123010202000203030131021320330311011101203032121301221222311311130123321201202330321121131211312102103122130333112230233221303132323313
3000010001000000110102010002010010203001201013021100112200123010202000203030131021320330311011101203032121301221222311311130123321201202330321121131211312102103122130333112230233221303132323321
3000010001000000110102010002010010203001201013021100112200123010202000203030131021320330311011101203032121301221222311311130123321201202330321121131211312102103122130333112230233221303132323322
3000010001000000110102010002010010203001201013021100112200123010202000203030131021320330311011101203032121301221222311311130123321201202330321121131211312102103122130333112230233221303132323323
3000010001000000110102010002010010203001201013021100112200123010202000203030131021320330311011101203032121301221222311311130123321201202330321121131211312102103122130333112230233221303132323331
3000010001000000110102010002010010203001201013021100112200123010202000203030131021320330311011101203032121301221222311311130123321201202330321121131211312102103122130333112230233221303132323332
3000010001000000110102010002010010203001201013021100112200123010202000203030131021320330311011101203032121301221222311311130123321201202330321121131211312102103122130333112230233221303132323333
300001000100000011010201000201001020300120101302110011220012301020200020303013102132033031101110120303212130122122231131113012332120120233032112113121131210210312213033311223023323
30000100010000001101020100020100102030012010130211001122001230102020002030301310213203303110111012030321213012212223113111301233212012023303211211312113121021031221303331122303
3000010001000000110102010002010010203001201013021100112200123010202000203030131021320330311011101203032121301221222311311130123321201202330321121131211312102103122130333113
3000010001000000110102010002010010203001201013021100112200123010202000203030131021320330311011101203032121301221222311311130123321201202330321121131211312103
30000100010000001101020100020100102030012010130211001122001230102020002030301310213203303110111012030321213012212223113111301233212012023303211211312113122
30000100010000001101020100020100102030012010130211001122001230102020002030301310213203303110111012030321213012212223113111301233212012023303211211312113123
30000100010000001101020100020100102030012010130211001122001230102020002030301310213203303110111012030321213012212223113111301233212012023303211211313
300001000100000011010201000201001020300120101302110011220012301020200020303013102132033031101110120303212130122122231131113012332120120310
300001000100000011010201000201001020300120101302110011220012301020200020303013102132033031101110120303212130122122231131113012332120120311
300001000100000011010201000201001020300120101302110011220012301020200020303013102132033031101110120303212130122122231131113012332120120312
300001000100000011010201000201001020300120101302110011220012301020200020303013102132033031101110120303212130122122231131113012332120120313
300001000100000011010201000201001020300120101302110011220012301020200020303013102132033031101110120303212130122122231131113012332120120320
300001000100000011010201000201001020300120101302110011220012301020200020303013102132033031101110120303212130122122231131113012332120120321
300001000100000011010201000201001020300120101302110011220012301020200020303013102132033031101110120303212130122122231131113012332120120322
300001000100000011010201000201001020300120101302110011220012301020200020303013102132033031101110120303212130122122231131113012332120120323
300001000100000011010201000201001020300120101302110011220012301020200020303013102132033031101110120303212130122122231131113012332120120330
300001000100000011010201000201001020300120101302110011220012301020200020303013102132033031101110120303212130122122231131113012332120120331
300001000100000011010201000201001020300120101302110011220012301020200020303013102132033031101110120303212130122122231131113012332120120332
300001000100000011010201000201001020300120101302110011220012301020200020303013102132033031101110120303212130122122231131113012332120120333
3000010001000000110102010002010010203001201013021100112200123010202000203030131021320330311011101203032121302
3000010001000000110102010002010010203001201013021100112200123010202000203030131021320330311011101203032121303
30000100010000001101020100020100102030012010130211002
30000100010000001101020100020100102030012010130211003
