20000000010100100201001002030001000101100
2000000001010010020100100203000100010110110
20000000010100100201001002030001000101101112010110202000101013020
20000000010100100201001002030001000101101112010110202000101013021
20000000010100100201001002030001000101101112010110202000101013022112210102020302303012021020030110101302120
20000000010100100201001002030001000101101112010110202000101013022112210102020302303012021020030110101302121202230
20000000010100100201001002030001000101101112010110202000101013022112210102020302303012021020030110101302121202231
20000000010100100201001002030001000101101112010110202000101013022112210102020302303012021020030110101302121202232
2000000001010010020100100203000100010110111201011020200010101302211221010202030230301202102003011010130212120223311111030
20000000010100100201001002030001000101101112010110202000101013022112210102020302303012021020030110101302121202233111110313
200000000101001002010010020300010001011011120101102020001010130221122101020203023030120210200301101013021212022331111103220
20000000010100100201001002030001000101101112010110202000101013022112210102020302303012021020030110101302121202233111110322130202
200000000101001002010010020300010001011011120101102020001010130221122101020203023030120210200301101013021212022331111103221302032111
200000000101001002010010020300010001011011120101102020001010130221122101020203023030120210200301101013021212022331111103221302032112
20000000010100100201001002030001000101101112010110202000101013022112210102020302303012021020030110101302121202233111110322130203211330
20000000010100100201001002030001000101101112010110202000101013022112210102020302303012021020030110101302121202233111110322130203211331
2000000001010010020100100203000100010110111201011020200010101302211221010202030230301202102003011010130212120223311111032213020321133230
2000000001010010020100100203000100010110111201011020200010101302211221010202030230301202102003011010130212120223311111032213020321133231123
2000000001010010020100100203000100010110111201011020200010101302211221010202030230301202102003011010130212120223311111032213020321133231131
200000000101001002010010020300010001011011120101102020001010130221122101020203023030120210200301101013021212022331111103221302032113323113212121
200000000101001002010010020300010001011011120101102020001010130221122101020203023030120210200301101013021212022331111103221302032113323113212122
200000000101001002010010020300010001011011120101102020001010130221122101020203023030120210200301101013021212022331111103221302032113323113212123
2000000001010010020100100203000100010110111201011020200010101302211221010202030230301202102003011010130212120223311111032213020321133231132121311
2000000001010010020100100203000100010110111201011020200010101302211221010202030230301202102003011010130212120223311111032213020321133231132121312
2000000001010010020100100203000100010110111201011020200010101302211221010202030230301202102003011010130212120223311111032213020321133231132121313020331112022
2000000001010010020100100203000100010110111201011020200010101302211221010202030230301202102003011010130212120223311111032213020321133231132121313020331112023203
2000000001010010020100100203000100010110111201011020200010101302211221010202030230301202102003011010130212120223311111032213020321133231132121313020331112023212
200000000101001002010010020300010001011011120101102020001010130221122101020203023030120210200301101013021212022331111103221302032113323113212131302033111202321321
200000000101001002010010020300010001011011120101102020001010130221122101020203023030120210200301101013021212022331111103221302032113323113212131302033111202321322303
2000000001010010020100100203000100010110111201011020200010101302211221010202030230301202102003011010130212120223311111032213020321133231132121313020331112023213223111
20000000010100100201001002030001000101101112010110202000101013022112210102020302303012021020030110101302121202233111110322130203211332311321213130203311120232132231121211
20000000010100100201001002030001000101101112010110202000101013022112210102020302303012021020030110101302121202233111110322130203211332311321213130203311120232132231121212
2000000001010010020100100203000100010110111201011020200010101302211221010202030230301202102003011010130212120223311111032213020321133231132121313020331112023213223112121321
200000000101001002010010020300010001011011120101102020001010130221122101020203023030120210200301101013021212022331111103221302032113323113212131302033111202321322311212132221
2000000001010010020100100203000100010110111201011020200010101302211221010202030230301202102003011010130212120223311111032213020321133231132121313020331112023213223112121322222
2000000001010010020100100203000100010110111201011020200010101302211221010202030230301202102003011010130212120223311111032213020321133231132121313020331112023213223112121322223
200000000101001002010010020300010001011011120101102020001010130221122101020203023030120210200301101013021212022331111103221302032113323113212131302033111202321322311212132223222122
2000000001010010020100100203000100010110111201011020200010101302211221010202030230301202102003011010130212120223311111032213020321133231132121313020331112023213223112121322232221233120
2000000001010010020100100203000100010110111201011020200010101302211221010202030230301202102003011010130212120223311111032213020321133231132121313020331112023213223112121322232221233121
2000000001010010020100100203000100010110111201011020200010101302211221010202030230301202102003011010130212120223311111032213020321133231132121313020331112023213223112121322232221233122
2000000001010010020100100203000100010110111201011020200010101302211221010202030230301202102003011010130212120223311111032213020321133231132121313020331112023213223112121322232221233123
2000000001010010020100100203000100010110111201011020200010101302211221010202030230301202102003011010130212120223311111032213020321133231132121313020331112023213223112121322232221233130
2000000001010010020100100203000100010110111201011020200010101302211221010202030230301202102003011010130212120223311111032213020321133231132121313020331112023213223112121322232221233131
2000000001010010020100100203000100010110111201011020200010101302211221010202030230301202102003011010130212120223311111032213020321133231132121313020331112023213223112121322232221233132
2000000001010010020100100203000100010110111201011020200010101302211221010202030230301202102003011010130212120223311111032213020321133231132121313020331112023213223112121322232221233133
200000000101001002010010020300010001011011120101102020001010130221122101020203023030120210200301101013021212022331111103221302032113323113212131302033111202321322311212132223222123323
20000000010100100201001002030001000101101112010110202000101013022112210102020302303012021020030110101302121202233111110322130203211332311321213130203311120232132231121213222322212333131
20000000010100100201001002030001000101101112010110202000101013022112210102020302303012021020030110101302121202233111110322130203211332311321213130203311120232132231121213222322212333132
20000000010100100201001002030001000101101112010110202000101013022112210102020302303012021020030110101302121202233111110322130203211332311321213130203311120232132231121213222322212333133
200000000101001002010010020300010001011011120101102020001010130221122101020203023030120210200301101013021212022331111103221302032113323113212131302033111202321322311212132223222123332
200000000101001002010010020300010001011011120101102020001010130221122101020203023030120210200301101013021212022331111103221302032113323113212131302033111202321322311212132223222123333
20000000010100100201001002030001000101101112010110202000101013022112210102020302303012021020030110101302121202233111110322130203211332311321213130203311120232132231121213222322213
2000000001010010020100100203000100010110111201011020200010101302211221010202030230301202102003011010130212120223311111032213020321133231132121313020331112023213223112121322232222
200000000101001002010010020300010001011011120101102020001010130221122101020203023030120210200301101013021212022331111103221302032113323113212131302033111202321322311212132223222303330
200000000101001002010010020300010001011011120101102020001010130221122101020203023030120210200301101013021212022331111103221302032113323113212131302033111202321322311212132223222303331
20000000010100100201001002030001000101101112010110202000101013022112210102020302303012021020030110101302121202233111110322130203211332311321213130203311120232132231121213222322230333231300
20000000010100100201001002030001000101101112010110202000101013022112210102020302303012021020030110101302121202233111110322130203211332311321213130203311120232132231121213222322230333231301
20000000010100100201001002030001000101101112010110202000101013022112210102020302303012021020030110101302121202233111110322130203211332311321213130203311120232132231121213222322230333231302
200000000101001002010010020300010001011011120101102020001010130221122101020203023030120210200301101013021212022331111103221302032113323113212131302033111202321322311212132223222303332313033
200000000101001002010010020300010001011011120101102020001010130221122101020203023030120210200301101013021212022331111103221302032113323113212131302033111202321322311212132223222303332313103
20000000010100100201001002030001000101101112010110202000101013022112210102020302303012021020030110101302121202233111110322130203211332311321213130203311120232132231121213222322230333231311303
200000000101001002010010020300010001011011120101102020001010130221122101020203023030120210200301101013021212022331111103221302032113323113212131302033111202321322311212132223222303332313113131
200000000101001002010010020300010001011011120101102020001010130221122101020203023030120210200301101013021212022331111103221302032113323113212131302033111202321322311212132223222303332313113132
200000000101001002010010020300010001011011120101102020001010130221122101020203023030120210200301101013021212022331111103221302032113323113212131302033111202321322311212132223222303332313113133
2000000001010010020100100203000100010110111201011020200010101302211221010202030230301202102003011010130212120223311111032213020321133231132121313020331112023213223112121322232223033323131132331
2000000001010010020100100203000100010110111201011020200010101302211221010202030230301202102003011010130212120223311111032213020321133231132121313020331112023213223112121322232223033323131132332
2000000001010010020100100203000100010110111201011020200010101302211221010202030230301202102003011010130212120223311111032213020321133231132121313020331112023213223112121322232223033323131132333
200000000101001002010010020300010001011011120101102020001010130221122101020203023030120210200301101013021212022331111103221302032113323113212131302033111202321322311212132223222303332313122
200000000101001002010010020300010001011011120101102020001010130221122101020203023030120210200301101013021212022331111103221302032113323113212131302033111202321322311212132223222303332313123
200000000101001002010010020300010001011011120101102020001010130221122101020203023030120210200301101013021212022331111103221302032113323113212131302033111202321322311212132223222303332313133
200000000101001002010010020300010001011011120101102020001010130221122101020203023030120210200301101013021212022331111103221302032113323113212131302033111202321322311212132223222303332313203
20000000010100100201001002030001000101101112010110202000101013022112210102020302303012021020030110101302121202233111110322130203211332311321213130203311120232132231121213222322230333231321
20000000010100100201001002030001000101101112010110202000101013022112210102020302303012021020030110101302121202233111110322130203211332311321213130203311120232132231121213222322230333231322
200000000101001002010010020300010001011011120101102020001010130221122101020203023030120210200301101013021212022331111103221302032113323113212131302033111202321322311212132223222303332313233
20000000010100100201001002030001000101101112010110202000101013022112210102020302303012021020030110101302121202233111110322130203211332311321213130203311120232132231121213222322230333231330
20000000010100100201001002030001000101101112010110202000101013022112210102020302303012021020030110101302121202233111110322130203211332311321213130203311120232132231121213222322230333231331
20000000010100100201001002030001000101101112010110202000101013022112210102020302303012021020030110101302121202233111110322130203211332311321213130203311120232132231121213222322230333231332
20000000010100100201001002030001000101101112010110202000101013022112210102020302303012021020030110101302121202233111110322130203211332311321213130203311120232132231121213222322230333231333
20000000010100100201001002030001000101101112010110202000101013022112210102020302303012021020030110101302121202233111110322130203211332311321213130203311120232132231121213222322230333232
20000000010100100201001002030001000101101112010110202000101013022112210102020302303012021020030110101302121202233111110322130203211332311321213130203311120232132231121213222322230333233
20000000010100100201001002030001000101101112010110202000101013022112210102020302303012021020030110101302121202233111110322130203211332311321213130203311120232132231121213222323
2000000001010010020100100203000100010110111201011020200010101302211221010202030230301202102003011010130212120223311111032213020321133231132121313020331112023213223112121322233
2000000001010010020100100203000100010110111201011020200010101302211221010202030230301202102003011010130212120223311111032213020321133231132121313020331112023213223112122
2000000001010010020100100203000100010110111201011020200010101302211221010202030230301202102003011010130212120223311111032213020321133231132121313020331112023213223112123
200000000101001002010010020300010001011011120101102020001010130221122101020203023030120210200301101013021212022331111103221302032113323113212131302033111203
200000000101001002010010020300010001011011120101102020001010130221122101020203023030120210200301101013021212022331111103221302032113323113212131302033112
200000000101001002010010020300010001011011120101102020001010130221122101020203023030120210200301101013021212022331111103221302032113323113212131302033113
2000000001010010020100100203000100010110111201011020200010101302211221010202030230301202102003011010130212120223311111032213020321133231132122
2000000001010010020100100203000100010110111201011020200010101302211221010202030230301202102003011010130212120223311111032213020321133231132123
200000000101001002010010020300010001011011120101102020001010130221122101020203023030120210200301101013021212022331111103221303
2000000001010010020100100203000100010110111201011020200010101302211221010202030230301202102003011010130212120223311112
2000000001010010020100100203000100010110111201011020200010101302211221010202030230301202102003011010130212120223311113
20000000010100100201001002030001000101101112010110202000101013022113
20000000010100100201001002030001000101101112010110202000102
20000000010100100201001002030001000101101112010110202000103
200000000101001002010010020300010001011011120101102020002
200000000101001002010010020300010001011011120101102020003
20000000010100100201001002030001000101101112010110203
200000000101001002010010020300010001011011120102
200000000101001002010010020300010001011011120103
000000010020010100300010020300100
00000001002001010030001002030010110
000000010020010100300010020300101112001010001011100100101102010120210202020212020
00000001002001010030001002030010111200101000101110010010110201012021020202021202130301302220
00000001002001010030001002030010111200101000101110010010110201012021020202021202130301302221202130201
00000001002001010030001002030010111200101000101110010010110201012021020202021202130301302221202130202112201031111103030230
00000001002001010030001002030010111200101000101110010010110201012021020202021202130301302221202130202112201031111103030231
00000001002001010030001002030010111200101000101110010010110201012021020202021202130301302221202130202112201031111103030232230
00000001002001010030001002030010111200101000101110010010110201012021020202021202130301302221202130202112201031111103030232231
00000001002001010030001002030010111200101000101110010010110201012021020202021202130301302221202130202112201031111103030232232
000000010020010100300010020300101112001010001011100100101102010120210202020212021303013022212021302021122010311111030302322332111
000000010020010100300010020300101112001010001011100100101102010120210202020212021303013022212021302021122010311111030302322332112
00000001002001010030001002030010111200101000101110010010110201012021020202021202130301302221202130202112201031111103030232233211330
000000010020010100300010020300101112001010001011100100101102010120210202020212021303013022212021302021122010311111030302322332113313
0000000100200101003000100203001011120010100010111001001011020101202102020202120213030130222120213020211220103111110303023223321133230
0000000100200101003000100203001011120010100010111001001011020101202102020202120213030130222120213020211220103111110303023223321133231122
0000000100200101003000100203001011120010100010111001001011020101202102020202120213030130222120213020211220103111110303023223321133231123
0000000100200101003000100203001011120010100010111001001011020101202102020202120213030130222120213020211220103111110303023223321133231131
000000010020010100300010020300101112001010001011100100101102010120210202020212021303013022212021302021122010311111030302322332113323113212121
000000010020010100300010020300101112001010001011100100101102010120210202020212021303013022212021302021122010311111030302322332113323113212122
000000010020010100300010020300101112001010001011100100101102010120210202020212021303013022212021302021122010311111030302322332113323113212123
0000000100200101003000100203001011120010100010111001001011020101202102020202120213030130222120213020211220103111110303023223321133231132121310
0000000100200101003000100203001011120010100010111001001011020101202102020202120213030130222120213020211220103111110303023223321133231132121311
0000000100200101003000100203001011120010100010111001001011020101202102020202120213030130222120213020211220103111110303023223321133231132121312
000000010020010100300010020300101112001010001011100100101102010120210202020212021303013022212021302021122010311111030302322332113323113212131301
000000010020010100300010020300101112001010001011100100101102010120210202020212021303013022212021302021122010311111030302322332113323113212131302033110303
0000000100200101003000100203001011120010100010111001001011020101202102020202120213030130222120213020211220103111110303023223321133231132121313020331103111
00000001002001010030001002030010111200101000101110010010110201012021020202021202130301302221202130202112201031111103030232233211332311321213130203311031121211
000000010020010100300010020300101112001010001011100100101102010120210202020212021303013022212021302021122010311111030302322332113323113212131302033110311212121
0000000100200101003000100203001011120010100010111001001011020101202102020202120213030130222120213020211220103111110303023223321133231132121313020331103112121223212
00000001002001010030001002030010111200101000101110010010110201012021020202021202130301302221202130202112201031111103030232233211332311321213130203311031121212232132
000000010020010100300010020300101112001010001011100100101102010120210202020212021303013022212021302021122010311111030302322332113323113212131302033110311212122321333131
0000000100200101003000100203001011120010100010111001001011020101202102020202120213030130222120213020211220103111110303023223321133231132121313020331103112121223213331322
00000001002001010030001002030010111200101000101110010010110201012021020202021202130301302221202130202112201031111103030232233211332311321213130203311031121212232133313233120
00000001002001010030001002030010111200101000101110010010110201012021020202021202130301302221202130202112201031111103030232233211332311321213130203311031121212232133313233121
00000001002001010030001002030010111200101000101110010010110201012021020202021202130301302221202130202112201031111103030232233211332311321213130203311031121212232133313233122
00000001002001010030001002030010111200101000101110010010110201012021020202021202130301302221202130202112201031111103030232233211332311321213130203311031121212232133313233123
00000001002001010030001002030010111200101000101110010010110201012021020202021202130301302221202130202112201031111103030232233211332311321213130203311031121212232133313233130
00000001002001010030001002030010111200101000101110010010110201012021020202021202130301302221202130202112201031111103030232233211332311321213130203311031121212232133313233131
00000001002001010030001002030010111200101000101110010010110201012021020202021202130301302221202130202112201031111103030232233211332311321213130203311031121212232133313233132
00000001002001010030001002030010111200101000101110010010110201012021020202021202130301302221202130202112201031111103030232233211332311321213130203311031121212232133313233133
0000000100200101003000100203001011120010100010111001001011020101202102020202120213030130222120213020211220103111110303023223321133231132121313020331103112121223213331323322202112031
0000000100200101003000100203001011120010100010111001001011020101202102020202120213030130222120213020211220103111110303023223321133231132121313020331103112121223213331323322202112032
0000000100200101003000100203001011120010100010111001001011020101202102020202120213030130222120213020211220103111110303023223321133231132121313020331103112121223213331323322202112033203
000000010020010100300010020300101112001010001011100100101102010120210202020212021303013022212021302021122010311111030302322332113323113212131302033110311212122321333132332220211203321
000000010020010100300010020300101112001010001011100100101102010120210202020212021303013022212021302021122010311111030302322332113323113212131302033110311212122321333132332220211203322303
00000001002001010030001002030010111200101000101110010010110201012021020202021202130301302221202130202112201031111103030232233211332311321213130203311031121212232133313233222021120332231300
00000001002001010030001002030010111200101000101110010010110201012021020202021202130301302221202130202112201031111103030232233211332311321213130203311031121212232133313233222021120332231301
00000001002001010030001002030010111200101000101110010010110201012021020202021202130301302221202130202112201031111103030232233211332311321213130203311031121212232133313233222021120332231302
00000001002001010030001002030010111200101000101110010010110201012021020202021202130301302221202130202112201031111103030232233211332311321213130203311031121212232133313233222021120332231303
00000001002001010030001002030010111200101000101110010010110201012021020202021202130301302221202130202112201031111103030232233211332311321213130203311031121212232133313233222021120332231310
0000000100200101003000100203001011120010100010111001001011020101202102020202120213030130222120213020211220103111110303023223321133231132121313020331103112121223213331323322202112033223131130330
0000000100200101003000100203001011120010100010111001001011020101202102020202120213030130222120213020211220103111110303023223321133231132121313020331103112121223213331323322202112033223131130331
0000000100200101003000100203001011120010100010111001001011020101202102020202120213030130222120213020211220103111110303023223321133231132121313020331103112121223213331323322202112033223131130332
0000000100200101003000100203001011120010100010111001001011020101202102020202120213030130222120213020211220103111110303023223321133231132121313020331103112121223213331323322202112033223131130333
000000010020010100300010020300101112001010001011100100101102010120210202020212021303013022212021302021122010311111030302322332113323113212131302033110311212122321333132332220211203322313113131
000000010020010100300010020300101112001010001011100100101102010120210202020212021303013022212021302021122010311111030302322332113323113212131302033110311212122321333132332220211203322313113132
000000010020010100300010020300101112001010001011100100101102010120210202020212021303013022212021302021122010311111030302322332113323113212131302033110311212122321333132332220211203322313113133
0000000100200101003000100203001011120010100010111001001011020101202102020202120213030130222120213020211220103111110303023223321133231132121313020331103112121223213331323322202112033223131132212
000000010020010100300010020300101112001010001011100100101102010120210202020212021303013022212021302021122010311111030302322332113323113212131302033110311212122321333132332220211203322313113221332
000000010020010100300010020300101112001010001011100100101102010120210202020212021303013022212021302021122010311111030302322332113323113212131302033110311212122321333132332220211203322313113221333
00000001002001010030001002030010111200101000101110010010110201012021020202021202130301302221202130202112201031111103030232233211332311321213130203311031121212232133313233222021120332231311322213
00000001002001010030001002030010111200101000101110010010110201012021020202021202130301302221202130202112201031111103030232233211332311321213130203311031121212232133313233222021120332231311322222
00000001002001010030001002030010111200101000101110010010110201012021020202021202130301302221202130202112201031111103030232233211332311321213130203311031121212232133313233222021120332231311322223
000000010020010100300010020300101112001010001011100100101102010120210202020212021303013022212021302021122010311111030302322332113323113212131302033110311212122321333132332220211203322313113222322333
000000010020010100300010020300101112001010001011100100101102010120210202020212021303013022212021302021122010311111030302322332113323113212131302033110311212122321333132332220211203322313113222323
000000010020010100300010020300101112001010001011100100101102010120210202020212021303013022212021302021122010311111030302322332113323113212131302033110311212122321333132332220211203322313113222333
0000000100200101003000100203001011120010100010111001001011020101202102020202120213030130222120213020211220103111110303023223321133231132121313020331103112121223213331323322202112033223131132232
0000000100200101003000100203001011120010100010111001001011020101202102020202120213030130222120213020211220103111110303023223321133231132121313020331103112121223213331323322202112033223131132233
000000010020010100300010020300101112001010001011100100101102010120210202020212021303013022212021302021122010311111030302322332113323113212131302033110311212122321333132332220211203322313123
00000001002001010030001002030010111200101000101110010010110201012021020202021202130301302221202130202112201031111103030232233211332311321213130203311031121212232133313233222021120332231313
000000010020010100300010020300101112001010001011100100101102010120210202020212021303013022212021302021122010311111030302322332113323113212131302033110311212122321333132332220211203322313203
00000001002001010030001002030010111200101000101110010010110201012021020202021202130301302221202130202112201031111103030232233211332311321213130203311031121212232133313233222021120332231321
00000001002001010030001002030010111200101000101110010010110201012021020202021202130301302221202130202112201031111103030232233211332311321213130203311031121212232133313233222021120332231322
00000001002001010030001002030010111200101000101110010010110201012021020202021202130301302221202130202112201031111103030232233211332311321213130203311031121212232133313233222021120332231323
00000001002001010030001002030010111200101000101110010010110201012021020202021202130301302221202130202112201031111103030232233211332311321213130203311031121212232133313233222021120332231330
00000001002001010030001002030010111200101000101110010010110201012021020202021202130301302221202130202112201031111103030232233211332311321213130203311031121212232133313233222021120332231331
00000001002001010030001002030010111200101000101110010010110201012021020202021202130301302221202130202112201031111103030232233211332311321213130203311031121212232133313233222021120332231332
00000001002001010030001002030010111200101000101110010010110201012021020202021202130301302221202130202112201031111103030232233211332311321213130203311031121212232133313233222021120332231333
000000010020010100300010020300101112001010001011100100101102010120210202020212021303013022212021302021122010311111030302322332113323113212131302033110311212122321333132332220212
000000010020010100300010020300101112001010001011100100101102010120210202020212021303013022212021302021122010311111030302322332113323113212131302033110311212122321333132332220213
0000000100200101003000100203001011120010100010111001001011020101202102020202120213030130222120213020211220103111110303023223321133231132121313020331103112121223213331323322203
0000000100200101003000100203001011120010100010111001001011020101202102020202120213030130222120213020211220103111110303023223321133231132121313020331103112121223213331323323
0000000100200101003000100203001011120010100010111001001011020101202102020202120213030130222120213020211220103111110303023223321133231132121313020331103112122
0000000100200101003000100203001011120010100010111001001011020101202102020202120213030130222120213020211220103111110303023223321133231132121313020331103112123
0000000100200101003000100203001011120010100010111001001011020101202102020202120213030130222120213020211220103111110303023223321133231132122
0000000100200101003000100203001011120010100010111001001011020101202102020202120213030130222120213020211220103111110303023223321133231132123
000000010020010100300010020300101112001010001011100100101102010120210202020212021303013022212021302021122010311112
000000010020010100300010020300101112001010001011100100101102010120210202020212021303013022212021302021122010311113
00000001002001010030001002030010111200101000101110010010110201012021020202021202130301302221202130202112202
00000001002001010030001002030010111200101000101110010010110201012021020202021202130301302221202130202112203
00000001002001010030001002030010111200101000101110010010110201012021020202021202130301302221202130202113
000000010020010100300010020300101112001010001011100100101102010120210202020212021303013022212021303
000000010020010100300010020300101112001010001011100100101102010120210202020212021303013023
0000000100200101003000100203001011120010100010111001001011020102
0000000100200101003000100203001011120010100010111001001011020103
0000000100200101003000100203001011120010100010111002
0000000100200101003000100203001011120010100010111003
1000000100100100200102030000110101000102001100
100000010010010020010203000011010100010200110110
1000000100100100200102030000110101000102001101112010120210200301100100101302020212020
100000010010010020010203000011010100010200110111201012021020030110010010130202021202130303030211220101
10000001001001002001020300001101010001020011011120101202102003011001001013020202120213030303021122010230
100000010010010020010203000011010100010200110111201012021020030110010010130202021202130303030211220102312021302031111111
100000010010010020010203000011010100010200110111201012021020030110010010130202021202130303030211220102312021302031111112
100000010010010020010203000011010100010200110111201012021020030110010010130202021202130303030211220102312021302031111113212121122
10000001001001002001020300001101010001020011011120101202102003011001001013020202120213030303021122010231202130203111111321212112330
1000000100100100200102030000110101000102001101112010120210200301100100101302020212021303030302112201023120213020311111132121211233130
1000000100100100200102030000110101000102001101112010120210200301100100101302020212021303030302112201023120213020311111132121211233131
1000000100100100200102030000110101000102001101112010120210200301100100101302020212021303030302112201023120213020311111132121211233132
1000000100100100200102030000110101000102001101112010120210200301100100101302020212021303030302112201023120213020311111132121211233133
1000000100100100200102030000110101000102001101112010120210200301100100101302020212021303030302112201023120213020311111132121211233220
1000000100100100200102030000110101000102001101112010120210200301100100101302020212021303030302112201023120213020311111132121211233221
100000010010010020010203000011010100010200110111201012021020030110010010130202021202130303030211220102312021302031111113212121123322223
1000000100100100200102030000110101000102001101112010120210200301100100101302020212021303030302112201023120213020311111132121211233223
1000000100100100200102030000110101000102001101112010120210200301100100101302020212021303030302112201023120213020311111132121211233230
100000010010010020010203000011010100010200110111201012021020030110010010130202021202130303030211220102312021302031111113212121123323121
100000010010010020010203000011010100010200110111201012021020030110010010130202021202130303030211220102312021302031111113212121123323122
100000010010010020010203000011010100010200110111201012021020030110010010130202021202130303030211220102312021302031111113212121123323123
1000000100100100200102030000110101000102001101112010120210200301100100101302020212021303030302112201023120213020311111132121211233231310
1000000100100100200102030000110101000102001101112010120210200301100100101302020212021303030302112201023120213020311111132121211233231311
1000000100100100200102030000110101000102001101112010120210200301100100101302020212021303030302112201023120213020311111132121211233231312
100000010010010020010203000011010100010200110111201012021020030110010010130202021202130303030211220102312021302031111113212121123323131301
100000010010010020010203000011010100010200110111201012021020030110010010130202021202130303030211220102312021302031111113212121123323131302033110303
1000000100100100200102030000110101000102001101112010120210200301100100101302020212021303030302112201023120213020311111132121211233231313020331103111
10000001001001002001020300001101010001020011011120101202102003011001001013020202120213030303021122010231202130203111111321212112332313130203311031121211
100000010010010020010203000011010100010200110111201012021020030110010010130202021202130303030211220102312021302031111113212121123323131302033110311212121
1000000100100100200102030000110101000102001101112010120210200301100100101302020212021303030302112201023120213020311111132121211233231313020331103112121223212
10000001001001002001020300001101010001020011011120101202102003011001001013020202120213030303021122010231202130203111111321212112332313130203311031121212232132
100000010010010020010203000011010100010200110111201012021020030110010010130202021202130303030211220102312021302031111113212121123323131302033110311212122321333131
1000000100100100200102030000110101000102001101112010120210200301100100101302020212021303030302112201023120213020311111132121211233231313020331103112121223213331322
10000001001001002001020300001101010001020011011120101202102003011001001013020202120213030303021122010231202130203111111321212112332313130203311031121212232133313231
10000001001001002001020300001101010001020011011120101202102003011001001013020202120213030303021122010231202130203111111321212112332313130203311031121212232133313232
10000001001001002001020300001101010001020011011120101202102003011001001013020202120213030303021122010231202130203111111321212112332313130203311031121212232133313233120
10000001001001002001020300001101010001020011011120101202102003011001001013020202120213030303021122010231202130203111111321212112332313130203311031121212232133313233121
10000001001001002001020300001101010001020011011120101202102003011001001013020202120213030303021122010231202130203111111321212112332313130203311031121212232133313233122
10000001001001002001020300001101010001020011011120101202102003011001001013020202120213030303021122010231202130203111111321212112332313130203311031121212232133313233123
10000001001001002001020300001101010001020011011120101202102003011001001013020202120213030303021122010231202130203111111321212112332313130203311031121212232133313233130
10000001001001002001020300001101010001020011011120101202102003011001001013020202120213030303021122010231202130203111111321212112332313130203311031121212232133313233131
10000001001001002001020300001101010001020011011120101202102003011001001013020202120213030303021122010231202130203111111321212112332313130203311031121212232133313233132
10000001001001002001020300001101010001020011011120101202102003011001001013020202120213030303021122010231202130203111111321212112332313130203311031121212232133313233133
1000000100100100200102030000110101000102001101112010120210200301100100101302020212021303030302112201023120213020311111132121211233231313020331103112121223213331323322202112022
1000000100100100200102030000110101000102001101112010120210200301100100101302020212021303030302112201023120213020311111132121211233231313020331103112121223213331323322202112023203
100000010010010020010203000011010100010200110111201012021020030110010010130202021202130303030211220102312021302031111113212121123323131302033110311212122321333132332220211202321
1000000100100100200102030000110101000102001101112010120210200301100100101302020212021303030302112201023120213020311111132121211233231313020331103112121223213331323322202112023223031
1000000100100100200102030000110101000102001101112010120210200301100100101302020212021303030302112201023120213020311111132121211233231313020331103112121223213331323322202112023223032
100000010010010020010203000011010100010200110111201012021020030110010010130202021202130303030211220102312021302031111113212121123323131302033110311212122321333132332220211202322303330
100000010010010020010203000011010100010200110111201012021020030110010010130202021202130303030211220102312021302031111113212121123323131302033110311212122321333132332220211202322303331
100000010010010020010203000011010100010200110111201012021020030110010010130202021202130303030211220102312021302031111113212121123323131302033110311212122321333132332220211202322303332
100000010010010020010203000011010100010200110111201012021020030110010010130202021202130303030211220102312021302031111113212121123323131302033110311212122321333132332220211202322303333
10000001001001002001020300001101010001020011011120101202102003011001001013020202120213030303021122010231202130203111111321212112332313130203311031121212232133313233222021120232231300
10000001001001002001020300001101010001020011011120101202102003011001001013020202120213030303021122010231202130203111111321212112332313130203311031121212232133313233222021120232231301
10000001001001002001020300001101010001020011011120101202102003011001001013020202120213030303021122010231202130203111111321212112332313130203311031121212232133313233222021120232231302
10000001001001002001020300001101010001020011011120101202102003011001001013020202120213030303021122010231202130203111111321212112332313130203311031121212232133313233222021120232231303
10000001001001002001020300001101010001020011011120101202102003011001001013020202120213030303021122010231202130203111111321212112332313130203311031121212232133313233222021120232231310
10000001001001002001020300001101010001020011011120101202102003011001001013020202120213030303021122010231202130203111111321212112332313130203311031121212232133313233222021120232231311303
100000010010010020010203000011010100010200110111201012021020030110010010130202021202130303030211220102312021302031111113212121123323131302033110311212122321333132332220211202322313113131
100000010010010020010203000011010100010200110111201012021020030110010010130202021202130303030211220102312021302031111113212121123323131302033110311212122321333132332220211202322313113132
100000010010010020010203000011010100010200110111201012021020030110010010130202021202130303030211220102312021302031111113212121123323131302033110311212122321333132332220211202322313113133
100000010010010020010203000011010100010200110111201012021020030110010010130202021202130303030211220102312021302031111113212121123323131302033110311212122321333132332220211202322313113221332
100000010010010020010203000011010100010200110111201012021020030110010010130202021202130303030211220102312021302031111113212121123323131302033110311212122321333132332220211202322313113221333
10000001001001002001020300001101010001020011011120101202102003011001001013020202120213030303021122010231202130203111111321212112332313130203311031121212232133313233222021120232231311322213
1000000100100100200102030000110101000102001101112010120210200301100100101302020212021303030302112201023120213020311111132121211233231313020331103112121223213331323322202112023223131132222
100000010010010020010203000011010100010200110111201012021020030110010010130202021202130303030211220102312021302031111113212121123323131302033110311212122321333132332220211202322313113222322332
100000010010010020010203000011010100010200110111201012021020030110010010130202021202130303030211220102312021302031111113212121123323131302033110311212122321333132332220211202322313113222322333
100000010010010020010203000011010100010200110111201012021020030110010010130202021202130303030211220102312021302031111113212121123323131302033110311212122321333132332220211202322313113222323
100000010010010020010203000011010100010200110111201012021020030110010010130202021202130303030211220102312021302031111113212121123323131302033110311212122321333132332220211202322313113222333
1000000100100100200102030000110101000102001101112010120210200301100100101302020212021303030302112201023120213020311111132121211233231313020331103112121223213331323322202112023223131132232
1000000100100100200102030000110101000102001101112010120210200301100100101302020212021303030302112201023120213020311111132121211233231313020331103112121223213331323322202112023223131132233
100000010010010020010203000011010100010200110111201012021020030110010010130202021202130303030211220102312021302031111113212121123323131302033110311212122321333132332220211202322313123
10000001001001002001020300001101010001020011011120101202102003011001001013020202120213030303021122010231202130203111111321212112332313130203311031121212232133313233222021120232231313
100000010010010020010203000011010100010200110111201012021020030110010010130202021202130303030211220102312021302031111113212121123323131302033110311212122321333132332220211202322313203
100000010010010020010203000011010100010200110111201012021020030110010010130202021202130303030211220102312021302031111113212121123323131302033110311212122321333132332220211202322313213
10000001001001002001020300001101010001020011011120101202102003011001001013020202120213030303021122010231202130203111111321212112332313130203311031121212232133313233222021120232231322
10000001001001002001020300001101010001020011011120101202102003011001001013020202120213030303021122010231202130203111111321212112332313130203311031121212232133313233222021120232231323
10000001001001002001020300001101010001020011011120101202102003011001001013020202120213030303021122010231202130203111111321212112332313130203311031121212232133313233222021120232231330
10000001001001002001020300001101010001020011011120101202102003011001001013020202120213030303021122010231202130203111111321212112332313130203311031121212232133313233222021120232231331
10000001001001002001020300001101010001020011011120101202102003011001001013020202120213030303021122010231202130203111111321212112332313130203311031121212232133313233222021120232231332
10000001001001002001020300001101010001020011011120101202102003011001001013020202120213030303021122010231202130203111111321212112332313130203311031121212232133313233222021120232231333
100000010010010020010203000011010100010200110111201012021020030110010010130202021202130303030211220102312021302031111113212121123323131302033110311212122321333132332220211203
100000010010010020010203000011010100010200110111201012021020030110010010130202021202130303030211220102312021302031111113212121123323131302033110311212122321333132332220212
100000010010010020010203000011010100010200110111201012021020030110010010130202021202130303030211220102312021302031111113212121123323131302033110311212122321333132332220213
1000000100100100200102030000110101000102001101112010120210200301100100101302020212021303030302112201023120213020311111132121211233231313020331103112121223213331323322203
1000000100100100200102030000110101000102001101112010120210200301100100101302020212021303030302112201023120213020311111132121211233231313020331103112121223213331323323
1000000100100100200102030000110101000102001101112010120210200301100100101302020212021303030302112201023120213020311111132121211233231313020331103112122
1000000100100100200102030000110101000102001101112010120210200301100100101302020212021303030302112201023120213020311111132121211233231313020331103112123
100000010010010020010203000011010100010200110111201012021020030110010010130202021202130303030211220102312021302031111113212122
100000010010010020010203000011010100010200110111201012021020030110010010130202021202130303030211220102312021302031111113212123
1000000100100100200102030000110101000102001101112010120210200301100100101302020212021303030302112201023120213020311112
1000000100100100200102030000110101000102001101112010120210200301100100101302020212021303030302112201023120213020311113
100000010010010020010203000011010100010200110111201012021020030110010010130202021202130303030211220102312021303
1000000100100100200102030000110101000102001101112010120210200301100100101302020212021303030302112202
1000000100100100200102030000110101000102001101112010120210200301100100101302020212021303030302112203
1000000100100100200102030000110101000102001101112010120210200301100100101302020212021303030302113
10000001001001002001020300001101010001020011011120101202102003011002
10000001001001002001020300001101010001020011011120101202102003011003
10000001001001002001020300001101010001020011011120102
10000001001001002001020300001101010001020011011120103
3000000010020010101002030000202030300
300000001002001010100203000020203030110
30000000100200101010020300002020303011120010100010110210110201122000101013020
30000000100200101010020300002020303011120010100010110210110201122000101013021
30000000100200101010020300002020303011120010100010110210110201122000101013022303012021020030110101302120
30000000100200101010020300002020303011120010100010110210110201122000101013022303012021020030110101302121202230
30000000100200101010020300002020303011120010100010110210110201122000101013022303012021020030110101302121202231
30000000100200101010020300002020303011120010100010110210110201122000101013022303012021020030110101302121202232
30000000100200101010020300002020303011120010100010110210110201122000101013022303012021020030110101302121202233111110313
300000001002001010100203000020203030111200101000101102101102011220001010130223030120210200301101013021212022331111103220
30000000100200101010020300002020303011120010100010110210110201122000101013022303012021020030110101302121202233111110322130202
300000001002001010100203000020203030111200101000101102101102011220001010130223030120210200301101013021212022331111103221302032111
300000001002001010100203000020203030111200101000101102101102011220001010130223030120210200301101013021212022331111103221302032112
30000000100200101010020300002020303011120010100010110210110201122000101013022303012021020030110101302121202233111110322130203211330
30000000100200101010020300002020303011120010100010110210110201122000101013022303012021020030110101302121202233111110322130203211331
3000000010020010101002030000202030301112001010001011021011020112200010101302230301202102003011010130212120223311111032213020321133230
3000000010020010101002030000202030301112001010001011021011020112200010101302230301202102003011010130212120223311111032213020321133231123
3000000010020010101002030000202030301112001010001011021011020112200010101302230301202102003011010130212120223311111032213020321133231131
300000001002001010100203000020203030111200101000101102101102011220001010130223030120210200301101013021212022331111103221302032113323113212121
300000001002001010100203000020203030111200101000101102101102011220001010130223030120210200301101013021212022331111103221302032113323113212122
300000001002001010100203000020203030111200101000101102101102011220001010130223030120210200301101013021212022331111103221302032113323113212123
3000000010020010101002030000202030301112001010001011021011020112200010101302230301202102003011010130212120223311111032213020321133231132121310
3000000010020010101002030000202030301112001010001011021011020112200010101302230301202102003011010130212120223311111032213020321133231132121311
3000000010020010101002030000202030301112001010001011021011020112200010101302230301202102003011010130212120223311111032213020321133231132121312
300000001002001010100203000020203030111200101000101102101102011220001010130223030120210200301101013021212022331111103221302032113323113212131301
300000001002001010100203000020203030111200101000101102101102011220001010130223030120210200301101013021212022331111103221302032113323113212131302033110303
3000000010020010101002030000202030301112001010001011021011020112200010101302230301202102003011010130212120223311111032213020321133231132121313020331103111
30000000100200101010020300002020303011120010100010110210110201122000101013022303012021020030110101302121202233111110322130203211332311321213130203311031121211
300000001002001010100203000020203030111200101000101102101102011220001010130223030120210200301101013021212022331111103221302032113323113212131302033110311212121
3000000010020010101002030000202030301112001010001011021011020112200010101302230301202102003011010130212120223311111032213020321133231132121313020331103112121223212
30000000100200101010020300002020303011120010100010110210110201122000101013022303012021020030110101302121202233111110322130203211332311321213130203311031121212232132
300000001002001010100203000020203030111200101000101102101102011220001010130223030120210200301101013021212022331111103221302032113323113212131302033110311212122321333131
3000000010020010101002030000202030301112001010001011021011020112200010101302230301202102003011010130212120223311111032213020321133231132121313020331103112121223213331322
30000000100200101010020300002020303011120010100010110210110201122000101013022303012021020030110101302121202233111110322130203211332311321213130203311031121212232133313233120
30000000100200101010020300002020303011120010100010110210110201122000101013022303012021020030110101302121202233111110322130203211332311321213130203311031121212232133313233121
30000000100200101010020300002020303011120010100010110210110201122000101013022303012021020030110101302121202233111110322130203211332311321213130203311031121212232133313233122
30000000100200101010020300002020303011120010100010110210110201122000101013022303012021020030110101302121202233111110322130203211332311321213130203311031121212232133313233123
30000000100200101010020300002020303011120010100010110210110201122000101013022303012021020030110101302121202233111110322130203211332311321213130203311031121212232133313233130
30000000100200101010020300002020303011120010100010110210110201122000101013022303012021020030110101302121202233111110322130203211332311321213130203311031121212232133313233131
30000000100200101010020300002020303011120010100010110210110201122000101013022303012021020030110101302121202233111110322130203211332311321213130203311031121212232133313233132
30000000100200101010020300002020303011120010100010110210110201122000101013022303012021020030110101302121202233111110322130203211332311321213130203311031121212232133313233133
3000000010020010101002030000202030301112001010001011021011020112200010101302230301202102003011010130212120223311111032213020321133231132121313020331103112121223213331323322202112022
3000000010020010101002030000202030301112001010001011021011020112200010101302230301202102003011010130212120223311111032213020321133231132121313020331103112121223213331323322202112023203
300000001002001010100203000020203030111200101000101102101102011220001010130223030120210200301101013021212022331111103221302032113323113212131302033110311212122321333132332220211202321
30000000100200101010020300002020303011120010100010110210110201122000101013022303012021020030110101302121202233111110322130203211332311321213130203311031121212232133313233222021120232231300
30000000100200101010020300002020303011120010100010110210110201122000101013022303012021020030110101302121202233111110322130203211332311321213130203311031121212232133313233222021120232231301
30000000100200101010020300002020303011120010100010110210110201122000101013022303012021020030110101302121202233111110322130203211332311321213130203311031121212232133313233222021120232231302
30000000100200101010020300002020303011120010100010110210110201122000101013022303012021020030110101302121202233111110322130203211332311321213130203311031121212232133313233222021120232231303
30000000100200101010020300002020303011120010100010110210110201122000101013022303012021020030110101302121202233111110322130203211332311321213130203311031121212232133313233222021120232231310
3000000010020010101002030000202030301112001010001011021011020112200010101302230301202102003011010130212120223311111032213020321133231132121313020331103112121223213331323322202112023223131130330
3000000010020010101002030000202030301112001010001011021011020112200010101302230301202102003011010130212120223311111032213020321133231132121313020331103112121223213331323322202112023223131130331
3000000010020010101002030000202030301112001010001011021011020112200010101302230301202102003011010130212120223311111032213020321133231132121313020331103112121223213331323322202112023223131130332
3000000010020010101002030000202030301112001010001011021011020112200010101302230301202102003011010130212120223311111032213020321133231132121313020331103112121223213331323322202112023223131130333
300000001002001010100203000020203030111200101000101102101102011220001010130223030120210200301101013021212022331111103221302032113323113212131302033110311212122321333132332220211202322313113131
300000001002001010100203000020203030111200101000101102101102011220001010130223030120210200301101013021212022331111103221302032113323113212131302033110311212122321333132332220211202322313113132
300000001002001010100203000020203030111200101000101102101102011220001010130223030120210200301101013021212022331111103221302032113323113212131302033110311212122321333132332220211202322313113133
3000000010020010101002030000202030301112001010001011021011020112200010101302230301202102003011010130212120223311111032213020321133231132121313020331103112121223213331323322202112023223131132212
300000001002001010100203000020203030111200101000101102101102011220001010130223030120210200301101013021212022331111103221302032113323113212131302033110311212122321333132332220211202322313113221332
300000001002001010100203000020203030111200101000101102101102011220001010130223030120210200301101013021212022331111103221302032113323113212131302033110311212122321333132332220211202322313113221333
30000000100200101010020300002020303011120010100010110210110201122000101013022303012021020030110101302121202233111110322130203211332311321213130203311031121212232133313233222021120232231311322213
30000000100200101010020300002020303011120010100010110210110201122000101013022303012021020030110101302121202233111110322130203211332311321213130203311031121212232133313233222021120232231311322222
30000000100200101010020300002020303011120010100010110210110201122000101013022303012021020030110101302121202233111110322130203211332311321213130203311031121212232133313233222021120232231311322223
300000001002001010100203000020203030111200101000101102101102011220001010130223030120210200301101013021212022331111103221302032113323113212131302033110311212122321333132332220211202322313113222322331
300000001002001010100203000020203030111200101000101102101102011220001010130223030120210200301101013021212022331111103221302032113323113212131302033110311212122321333132332220211202322313113222322332
300000001002001010100203000020203030111200101000101102101102011220001010130223030120210200301101013021212022331111103221302032113323113212131302033110311212122321333132332220211202322313113222322333
300000001002001010100203000020203030111200101000101102101102011220001010130223030120210200301101013021212022331111103221302032113323113212131302033110311212122321333132332220211202322313113222323
300000001002001010100203000020203030111200101000101102101102011220001010130223030120210200301101013021212022331111103221302032113323113212131302033110311212122321333132332220211202322313113222333
3000000010020010101002030000202030301112001010001011021011020112200010101302230301202102003011010130212120223311111032213020321133231132121313020331103112121223213331323322202112023223131132232
3000000010020010101002030000202030301112001010001011021011020112200010101302230301202102003011010130212120223311111032213020321133231132121313020331103112121223213331323322202112023223131132233
300000001002001010100203000020203030111200101000101102101102011220001010130223030120210200301101013021212022331111103221302032113323113212131302033110311212122321333132332220211202322313123
30000000100200101010020300002020303011120010100010110210110201122000101013022303012021020030110101302121202233111110322130203211332311321213130203311031121212232133313233222021120232231313
300000001002001010100203000020203030111200101000101102101102011220001010130223030120210200301101013021212022331111103221302032113323113212131302033110311212122321333132332220211202322313203
30000000100200101010020300002020303011120010100010110210110201122000101013022303012021020030110101302121202233111110322130203211332311321213130203311031121212232133313233222021120232231321
30000000100200101010020300002020303011120010100010110210110201122000101013022303012021020030110101302121202233111110322130203211332311321213130203311031121212232133313233222021120232231322
30000000100200101010020300002020303011120010100010110210110201122000101013022303012021020030110101302121202233111110322130203211332311321213130203311031121212232133313233222021120232231323
30000000100200101010020300002020303011120010100010110210110201122000101013022303012021020030110101302121202233111110322130203211332311321213130203311031121212232133313233222021120232231330
30000000100200101010020300002020303011120010100010110210110201122000101013022303012021020030110101302121202233111110322130203211332311321213130203311031121212232133313233222021120232231331
30000000100200101010020300002020303011120010100010110210110201122000101013022303012021020030110101302121202233111110322130203211332311321213130203311031121212232133313233222021120232231332
30000000100200101010020300002020303011120010100010110210110201122000101013022303012021020030110101302121202233111110322130203211332311321213130203311031121212232133313233222021120232231333
3000000010020010101002030000202030301112001010001011021011020112200010101302230301202102003011010130212120223311111032213020321133231132121313020331103112121223213331323322202112033
300000001002001010100203000020203030111200101000101102101102011220001010130223030120210200301101013021212022331111103221302032113323113212131302033110311212122321333132332220212
300000001002001010100203000020203030111200101000101102101102011220001010130223030120210200301101013021212022331111103221302032113323113212131302033110311212122321333132332220213
3000000010020010101002030000202030301112001010001011021011020112200010101302230301202102003011010130212120223311111032213020321133231132121313020331103112121223213331323322203
3000000010020010101002030000202030301112001010001011021011020112200010101302230301202102003011010130212120223311111032213020321133231132121313020331103112121223213331323323
3000000010020010101002030000202030301112001010001011021011020112200010101302230301202102003011010130212120223311111032213020321133231132121313020331103112122
3000000010020010101002030000202030301112001010001011021011020112200010101302230301202102003011010130212120223311111032213020321133231132121313020331103112123
3000000010020010101002030000202030301112001010001011021011020112200010101302230301202102003011010130212120223311111032213020321133231132122
3000000010020010101002030000202030301112001010001011021011020112200010101302230301202102003011010130212120223311111032213020321133231132123
300000001002001010100203000020203030111200101000101102101102011220001010130223030120210200301101013021212022331111103221303
3000000010020010101002030000202030301112001010001011021011020112200010101302230301202102003011010130212120223311112
3000000010020010101002030000202030301112001010001011021011020112200010101302230301202102003011010130212120223311113
30000000100200101010020300002020303011120010100010110210110201122000102
30000000100200101010020300002020303011120010100010110210110201122000103
300000001002001010100203000020203030111200101000101102101102011220002
300000001002001010100203000020203030111200101000101102101102011220003
3000000010020010101002030000202030301112001010001011021011020113
300000001002001010100203000020203030111200101000101102102
300000001002001010100203000020203030111200101000101102103
