0,8,11,5,9,13,14,2,11
0,13
0,2
0,8,5
0,8,12,9
0,8,0
0,8,11,12
0,8,11,8
0,8,11,5,4,1,11
0,8,11,5,12
0,8,11,5,9,8
0,8,11,5,9,4
0,8,11,5,9,6,3,12
0,8,11,5,9,13,13
0,8,11,5,9,13,12
0,8,11,5,9,13,3
0,8,11,5,9,13,14,3
0,8,11,5,9,13,14,12
0,8,11,5,9,13,14,10,0
0,8,11,5,9,13,14,2,7,13
0,8,11,5,9,13,14,2,15,13
0,8,12,12
0,8,12,11
0,8,11,5,4,8
0,8,11,5,4,13
0,8,11,5,4,2
0,8,11,5,4,1,12
0,8,11,5,4,1,3
0,8,11,5,4,1,9
0,8,11,5,9,6,10
0,8,11,5,9,6,6
0,8,11,5,9,6,11
0,8,11,5,9,6,3,4
0,8,11,5,9,6,3,10
0,8,11,5,9,13,14,10,1
0,8,11,5,9,13,14,10,4
0,8,11,5,9,13,14,10,9
0,8,11,5,9,13,14,2,7,14
0,8,11,5,9,13,14,2,7,0
0,8,11,5,9,13,14,2,15,3
0,8,11,5,9,13,14,2,15,4
0,8,11,5,9,13,14,2,15,5
