000100002010100110120021101030
00010000201010011012002110103112013020020
00010000201010011012002110103112013020021
0001000020101001101200211010311201302002210012022031112321100210110120302220230
0001000020101001101200211010311201302002210012022031112321100210110120302220231303122112130
000100002010100110120021101031120130200221001202203111232110021011012030222023130312211213130
000100002010100110120021101031120130200221001202203111232110021011012030222023130312211213131
00010000201010011012002110103112013020022100120220311123211002101101203022202313031221121313223232120
00010000201010011012002110103112013020022100120220311123211002101101203022202313031221121313223232121
00010000201010011012002110103112013020022100120220311123211002101101203022202313031221121313223232122
00010000201010011012002110103112013020022100120220311123211002101101203022202313031221121313223232123033313
000100002010100110120021101031120130200221001202203111232110021011012030222023130312211213132232321230333230
000100002010100110120021101031120130200221001202203111232110021011012030222023130312211213132232321230333231
000100002010100110120021101031120130200221001202203111232110021011012030222023130312211213132232321230333232
000100002010100110120021101031120130200221001202203111232110021011012030222023130312211213132232321230333233332
000100002010100110120021101031120130200221001202203111232110021011012030222023130312211213132232321230333233333
00010000201010011012002110103112013020022100120220311123211002101101203022202313031221121313223232130222
00010000201010011012002110103112013020022100120220311123211002101101203022202313031221121313223232130223
00010000201010011012002110103112013020022100120220311123211002101101203022202313031221121313223232130233
000100002010100110120021101031120130200221001202203111232110021011012030222023130312211213132232321303
000100002010100110120021101031120130200221001202203111232110021011012030222023130312211213132232321311121
000100002010100110120021101031120130200221001202203111232110021011012030222023130312211213132232321311122
000100002010100110120021101031120130200221001202203111232110021011012030222023130312211213132232321311123
000100002010100110120021101031120130200221001202203111232110021011012030222023130312211213132232321311131
000100002010100110120021101031120130200221001202203111232110021011012030222023130312211213132232321311132
000100002010100110120021101031120130200221001202203111232110021011012030222023130312211213132232321311133
0001000020101001101200211010311201302002210012022031112321100210110120302220231303122112131322323213112
00010000201010011012002110103112013020022100120220311123211002101101203022202313031221121313223232131132
00010000201010011012002110103112013020022100120220311123211002101101203022202313031221121313223232131133
000100002010100110120021101031120130200221001202203111232110021011012030222023130313
00010000201010011012002110103112013020022100120220311123211002101101203022203
00010000201010011012002110103112013020022100120220311123211002101101203023
00010000201010011012002110103112013020022100120220311123211002101101203032
00010000201010011012002110103112013020022100120220311123211002101101203033
00010000201010011012002110103112013020022100120220311123211002102
00010000201010011012002110103112013020022100120220311123211002103
00010000201010011013
000100003
10001000020101001101200211011201302002030
10001000020101001101200211011201302002031
10001000020101001101200211011201302002032100120220311121
100010000201010011012002110112013020020321001202203111223021003022202
1000100002010100110120021101120130200203210012022031112230210030222032110110120
1000100002010100110120021101120130200203210012022031112230210030222032110110121303122112130
100010000201010011012002110112013020020321001202203111223021003022203211011012130312211213130
100010000201010011012002110112013020020321001202203111223021003022203211011012130312211213131
10001000020101001101200211011201302002032100120220311122302100302220321101101213031221121313223231
10001000020101001101200211011201302002032100120220311122302100302220321101101213031221121313223232120
10001000020101001101200211011201302002032100120220311122302100302220321101101213031221121313223232121
10001000020101001101200211011201302002032100120220311122302100302220321101101213031221121313223232122
10001000020101001101200211011201302002032100120220311122302100302220321101101213031221121313223232123033313
100010000201010011012002110112013020020321001202203111223021003022203211011012130312211213132232321230333230
100010000201010011012002110112013020020321001202203111223021003022203211011012130312211213132232321230333231
100010000201010011012002110112013020020321001202203111223021003022203211011012130312211213132232321230333232
1000100002010100110120021101120130200203210012022031112230210030222032110110121303122112131322323212303332333323
100010000201010011012002110112013020020321001202203111223021003022203211011012130312211213132232321230333233333
10001000020101001101200211011201302002032100120220311122302100302220321101101213031221121313223232130222
10001000020101001101200211011201302002032100120220311122302100302220321101101213031221121313223232130223
10001000020101001101200211011201302002032100120220311122302100302220321101101213031221121313223232130233
100010000201010011012002110112013020020321001202203111223021003022203211011012130312211213132232321303
100010000201010011012002110112013020020321001202203111223021003022203211011012130312211213132232321311122
100010000201010011012002110112013020020321001202203111223021003022203211011012130312211213132232321311123
100010000201010011012002110112013020020321001202203111223021003022203211011012130312211213132232321311131
100010000201010011012002110112013020020321001202203111223021003022203211011012130312211213132232321311132
100010000201010011012002110112013020020321001202203111223021003022203211011012130312211213132232321311133
1000100002010100110120021101120130200203210012022031112230210030222032110110121303122112131322323213112
10001000020101001101200211011201302002032100120220311122302100302220321101101213031221121313223232131132
10001000020101001101200211011201302002032100120220311122302100302220321101101213031221121313223232131133
100010000201010011012002110112013020020321001202203111223021003022203211011012130313
10001000020101001101200211011201302002032100120220311122302100302220321102
10001000020101001101200211011201302002032100120220311122302100302220321103
100010000201010011012002110112013020020321001202203111223021003023
100010000201010011012002110112013020020321001202203111223021003033
100010000201010011013
1000100003
300000101000201020020110120021101030
3000001010002010200201101200211010311201311121
3000001010002010200201101200211010311201311122100120220321100210110120302220230
3000001010002010200201101200211010311201311122100120220321100210110120302220231303122112130
300000101000201020020110120021101031120131112210012022032110021011012030222023130312211213130
300000101000201020020110120021101031120131112210012022032110021011012030222023130312211213131
30000010100020102002011012002110103112013111221001202203211002101101203022202313031221121313223232120
30000010100020102002011012002110103112013111221001202203211002101101203022202313031221121313223232121
30000010100020102002011012002110103112013111221001202203211002101101203022202313031221121313223232122
30000010100020102002011012002110103112013111221001202203211002101101203022202313031221121313223232123033313
300000101000201020020110120021101031120131112210012022032110021011012030222023130312211213132232321230333230
300000101000201020020110120021101031120131112210012022032110021011012030222023130312211213132232321230333231
300000101000201020020110120021101031120131112210012022032110021011012030222023130312211213132232321230333232
3000001010002010200201101200211010311201311122100120220321100210110120302220231303122112131322323212303332333323
300000101000201020020110120021101031120131112210012022032110021011012030222023130312211213132232321230333233333
30000010100020102002011012002110103112013111221001202203211002101101203022202313031221121313223232130222
30000010100020102002011012002110103112013111221001202203211002101101203022202313031221121313223232130223
30000010100020102002011012002110103112013111221001202203211002101101203022202313031221121313223232130233
300000101000201020020110120021101031120131112210012022032110021011012030222023130312211213132232321303
300000101000201020020110120021101031120131112210012022032110021011012030222023130312211213132232321311121
300000101000201020020110120021101031120131112210012022032110021011012030222023130312211213132232321311122
300000101000201020020110120021101031120131112210012022032110021011012030222023130312211213132232321311123
300000101000201020020110120021101031120131112210012022032110021011012030222023130312211213132232321311131
300000101000201020020110120021101031120131112210012022032110021011012030222023130312211213132232321311132
300000101000201020020110120021101031120131112210012022032110021011012030222023130312211213132232321311133
3000001010002010200201101200211010311201311122100120220321100210110120302220231303122112131322323213112
30000010100020102002011012002110103112013111221001202203211002101101203022202313031221121313223232131132
30000010100020102002011012002110103112013111221001202203211002101101203022202313031221121313223232131133
300000101000201020020110120021101031120131112210012022032110021011012030222023130313
30000010100020102002011012002110103112013111221001202203211002101101203022203
30000010100020102002011012002110103112013111221001202203211002101101203023
30000010100020102002011012002110103112013111221001202203211002101101203032
30000010100020102002011012002110103112013111221001202203211002101101203033
30000010100020102002011012002110103112013111221001202203211002102
30000010100020102002011012002110103112013111221001202203211002103
30000010100020102002011013
3000001010003
2000010000201010011012010211011210002030
20000100002010100110120102110112100020313020120220311121
200001000020101001101201021101121000203130201202203111223021003022202
2000010000201010011012010211011210002031302012022031112230210030222032110110120
2000010000201010011012010211011210002031302012022031112230210030222032110110121303122112130
200001000020101001101201021101121000203130201202203111223021003022203211011012130312211213130
200001000020101001101201021101121000203130201202203111223021003022203211011012130312211213131
20000100002010100110120102110112100020313020120220311122302100302220321101101213031221121313223231
20000100002010100110120102110112100020313020120220311122302100302220321101101213031221121313223232120
20000100002010100110120102110112100020313020120220311122302100302220321101101213031221121313223232121
20000100002010100110120102110112100020313020120220311122302100302220321101101213031221121313223232122
20000100002010100110120102110112100020313020120220311122302100302220321101101213031221121313223232123033313
200001000020101001101201021101121000203130201202203111223021003022203211011012130312211213132232321230333230
200001000020101001101201021101121000203130201202203111223021003022203211011012130312211213132232321230333231
200001000020101001101201021101121000203130201202203111223021003022203211011012130312211213132232321230333232
2000010000201010011012010211011210002031302012022031112230210030222032110110121303122112131322323212303332333323
200001000020101001101201021101121000203130201202203111223021003022203211011012130312211213132232321230333233333
20000100002010100110120102110112100020313020120220311122302100302220321101101213031221121313223232130222
20000100002010100110120102110112100020313020120220311122302100302220321101101213031221121313223232130223
20000100002010100110120102110112100020313020120220311122302100302220321101101213031221121313223232130233
200001000020101001101201021101121000203130201202203111223021003022203211011012130312211213132232321303
200001000020101001101201021101121000203130201202203111223021003022203211011012130312211213132232321311122
200001000020101001101201021101121000203130201202203111223021003022203211011012130312211213132232321311123
200001000020101001101201021101121000203130201202203111223021003022203211011012130312211213132232321311131
200001000020101001101201021101121000203130201202203111223021003022203211011012130312211213132232321311132
200001000020101001101201021101121000203130201202203111223021003022203211011012130312211213132232321311133
2000010000201010011012010211011210002031302012022031112230210030222032110110121303122112131322323213112
20000100002010100110120102110112100020313020120220311122302100302220321101101213031221121313223232131132
20000100002010100110120102110112100020313020120220311122302100302220321101101213031221121313223232131133
200001000020101001101201021101121000203130201202203111223021003022203211011012130313
20000100002010100110120102110112100020313020120220311122302100302220321102
20000100002010100110120102110112100020313020120220311122302100302220321103
200001000020101001101201021101121000203130201202203111223021003023
200001000020101001101201021101121000203130201202203111223021003032
200001000020101001101201021101121000203130201202203111223021003033
2000010000201010011013
20000100003
