000000000100100001020101020101000103010101011020
0000000001001000010201010201010001030101010110212020
0000000001001000010201010201010001030101010110212021302030203011020
0000000001001000010201010201010001030101010110212021302030203011021
000000000100100001020101020101000103010101011021202130203020301102202020302211110303030
0000000001001000010201010201010001030101010110212021302030203011022020203022111103030311
00000000010010000102010102010100010301010101102120213020302030110220202030221111030303122111130
00000000010010000102010102010100010301010101102120213020302030110220202030221111030303122111131202311
00000000010010000102010102010100010301010101102120213020302030110220202030221111030303122111131202312
0000000001001000010201010201010001030101010110212021302030203011022020203022111103030312211113120231320
00000000010010000102010102010100010301010101102120213020302030110220202030221111030303122111131202313212030330
0000000001001000010201010201010001030101010110212021302030203011022020203022111103030312211113120231321203033122
0000000001001000010201010201010001030101010110212021302030203011022020203022111103030312211113120231321203033123
00000000010010000102010102010100010301010101102120213020302030110220202030221111030303122111131202313212030331302
00000000010010000102010102010100010301010101102120213020302030110220202030221111030303122111131202313212030331303
0000000001001000010201010201010001030101010110212021302030203011022020203022111103030312211113120231321203033131130
0000000001001000010201010201010001030101010110212021302030203011022020203022111103030312211113120231321203033131131
00000000010010000102010102010100010301010101102120213020302030110220202030221111030303122111131202313212030331311321
000000000100100001020101020101000103010101011021202130203020301102202020302211110303031221111312023132120303313113223
00000000010010000102010102010100010301010101102120213020302030110220202030221111030303122111131202313212030331311323111
00000000010010000102010102010100010301010101102120213020302030110220202030221111030303122111131202313212030331311323112
000000000100100001020101020101000103010101011021202130203020301102202020302211110303031221111312023132120303313113231131
000000000100100001020101020101000103010101011021202130203020301102202020302211110303031221111312023132120303313113231132
000000000100100001020101020101000103010101011021202130203020301102202020302211110303031221111312023132120303313113231133
0000000001001000010201010201010001030101010110212021302030203011022020203022111103030312211113120231321203033131132312130
0000000001001000010201010201010001030101010110212021302030203011022020203022111103030312211113120231321203033131132312131
00000000010010000102010102010100010301010101102120213020302030110220202030221111030303122111131202313212030331311323121323
0000000001001000010201010201010001030101010110212021302030203011022020203022111103030312211113120231321203033131132312133131
0000000001001000010201010201010001030101010110212021302030203011022020203022111103030312211113120231321203033131132312133132
000000000100100001020101020101000103010101011021202130203020301102202020302211110303031221111312023132120303313113231213313321212
000000000100100001020101020101000103010101011021202130203020301102202020302211110303031221111312023132120303313113231213313321213
0000000001001000010201010201010001030101010110212021302030203011022020203022111103030312211113120231321203033131132312133133212233
0000000001001000010201010201010001030101010110212021302030203011022020203022111103030312211113120231321203033131132312133133213
0000000001001000010201010201010001030101010110212021302030203011022020203022111103030312211113120231321203033131132312133133221
00000000010010000102010102010100010301010101102120213020302030110220202030221111030303122111131202313212030331311323121331332222
000000000100100001020101020101000103010101011021202130203020301102202020302211110303031221111312023132120303313113231213313322233121
00000000010010000102010102010100010301010101102120213020302030110220202030221111030303122111131202313212030331311323121331332223312232
00000000010010000102010102010100010301010101102120213020302030110220202030221111030303122111131202313212030331311323121331332223312233
0000000001001000010201010201010001030101010110212021302030203011022020203022111103030312211113120231321203033131132312133133222331232
000000000100100001020101020101000103010101011021202130203020301102202020302211110303031221111312023132120303313113231213313322233123321
000000000100100001020101020101000103010101011021202130203020301102202020302211110303031221111312023132120303313113231213313322233123322
00000000010010000102010102010100010301010101102120213020302030110220202030221111030303122111131202313212030331311323121331332223312332323
000000000100100001020101020101000103010101011021202130203020301102202020302211110303031221111312023132120303313113231213313322233123323322
000000000100100001020101020101000103010101011021202130203020301102202020302211110303031221111312023132120303313113231213313322233123323323
000000000100100001020101020101000103010101011021202130203020301102202020302211110303031221111312023132120303313113231213313322233123323332
000000000100100001020101020101000103010101011021202130203020301102202020302211110303031221111312023132120303313113231213313322233123323333
00000000010010000102010102010100010301010101102120213020302030110220202030221111030303122111131202313212030331311323121331332223312333
000000000100100001020101020101000103010101011021202130203020301102202020302211110303031221111312023132120303313113231213313322233131
000000000100100001020101020101000103010101011021202130203020301102202020302211110303031221111312023132120303313113231213313322233132
000000000100100001020101020101000103010101011021202130203020301102202020302211110303031221111312023132120303313113231213313322233133
00000000010010000102010102010100010301010101102120213020302030110220202030221111030303122111131202313212030331311323122
00000000010010000102010102010100010301010101102120213020302030110220202030221111030303122111131202313212030331311323123
00000000010010000102010102010100010301010101102120213020302030110220202030221111030303122111131202313212030331312
00000000010010000102010102010100010301010101102120213020302030110220202030221111030303122111131202313212030331313
00000000010010000102010102010100010301010101102120213020302030110220202030221111030303122111131202313212031
00000000010010000102010102010100010301010101102120213020302030110220202030221111030303122111131202313212032
00000000010010000102010102010100010301010101102120213020302030110220202030221111030303122111131202313212033
0000000001001000010201010201010001030101010110212021302030203011022020203022112
0000000001001000010201010201010001030101010110212021302030203011022020203022113
000000000100100001020101020101000103010101011021202130203020301102202020303
00000000010010000102010102010100010301010101102120213021
00000000010010000102010102010100010301010101102120213022
00000000010010000102010102010100010301010101102120213023
00000000010010000102010102010100010301010101103
000000000100100001020101020101000103010102
000000000100100001020101020101000103010103
00000000010010000102011
00000000010010000102012
00000000010010000102013
00000000010010001
00000000010010002
00000000010010003
2000000001000010201010100203010010201003001010102020
20000000010000102010101002030100102010030010101020211020
20000000010000102010101002030100102010030010101020211021203011020
200000000100001020101010020301001020100300101010202110212030110213030202020302211110303030
2000000001000010201010100203010010201003001010102021102120301102130302020203022111103030311
20000000010000102010101002030100102010030010101020211021203011021303020202030221111030303122111130
2000000001000010201010100203010010201003001010102021102120301102130302020203022111103030312211113120320
2000000001000010201010100203010010201003001010102021102120301102130302020203022111103030312211113120321211
200000000100001020101010020301001020100300101010202110212030110213030202020302211110303031221111312032121231330
20000000010000102010101002030100102010030010101020211021203011021303020202030221111030303122111131203212123133122
20000000010000102010101002030100102010030010101020211021203011021303020202030221111030303122111131203212123133123
200000000100001020101010020301001020100300101010202110212030110213030202020302211110303031221111312032121231331301
200000000100001020101010020301001020100300101010202110212030110213030202020302211110303031221111312032121231331302
200000000100001020101010020301001020100300101010202110212030110213030202020302211110303031221111312032121231331303
20000000010000102010101002030100102010030010101020211021203011021303020202030221111030303122111131203212123133131130
20000000010000102010101002030100102010030010101020211021203011021303020202030221111030303122111131203212123133131131
200000000100001020101010020301001020100300101010202110212030110213030202020302211110303031221111312032121231331311321
2000000001000010201010100203010010201003001010102021102120301102130302020203022111103030312211113120321212313313113222
2000000001000010201010100203010010201003001010102021102120301102130302020203022111103030312211113120321212313313113223
200000000100001020101010020301001020100300101010202110212030110213030202020302211110303031221111312032121231331311323111
200000000100001020101010020301001020100300101010202110212030110213030202020302211110303031221111312032121231331311323112
2000000001000010201010100203010010201003001010102021102120301102130302020203022111103030312211113120321212313313113231131
2000000001000010201010100203010010201003001010102021102120301102130302020203022111103030312211113120321212313313113231132
2000000001000010201010100203010010201003001010102021102120301102130302020203022111103030312211113120321212313313113231133
20000000010000102010101002030100102010030010101020211021203011021303020202030221111030303122111131203212123133131132312130
20000000010000102010101002030100102010030010101020211021203011021303020202030221111030303122111131203212123133131132312131
200000000100001020101010020301001020100300101010202110212030110213030202020302211110303031221111312032121231331311323121323
20000000010000102010101002030100102010030010101020211021203011021303020202030221111030303122111131203212123133131132312133131
20000000010000102010101002030100102010030010101020211021203011021303020202030221111030303122111131203212123133131132312133132
2000000001000010201010100203010010201003001010102021102120301102130302020203022111103030312211113120321212313313113231213313321212
2000000001000010201010100203010010201003001010102021102120301102130302020203022111103030312211113120321212313313113231213313321213
20000000010000102010101002030100102010030010101020211021203011021303020202030221111030303122111131203212123133131132312133133212233
20000000010000102010101002030100102010030010101020211021203011021303020202030221111030303122111131203212123133131132312133133213
20000000010000102010101002030100102010030010101020211021203011021303020202030221111030303122111131203212123133131132312133133221
200000000100001020101010020301001020100300101010202110212030110213030202020302211110303031221111312032121231331311323121331332222
2000000001000010201010100203010010201003001010102021102120301102130302020203022111103030312211113120321212313313113231213313322233121
200000000100001020101010020301001020100300101010202110212030110213030202020302211110303031221111312032121231331311323121331332223312232
200000000100001020101010020301001020100300101010202110212030110213030202020302211110303031221111312032121231331311323121331332223312233
20000000010000102010101002030100102010030010101020211021203011021303020202030221111030303122111131203212123133131132312133133222331232
2000000001000010201010100203010010201003001010102021102120301102130302020203022111103030312211113120321212313313113231213313322233123322
200000000100001020101010020301001020100300101010202110212030110213030202020302211110303031221111312032121231331311323121331332223312332323
2000000001000010201010100203010010201003001010102021102120301102130302020203022111103030312211113120321212313313113231213313322233123323322
2000000001000010201010100203010010201003001010102021102120301102130302020203022111103030312211113120321212313313113231213313322233123323323
2000000001000010201010100203010010201003001010102021102120301102130302020203022111103030312211113120321212313313113231213313322233123323332
2000000001000010201010100203010010201003001010102021102120301102130302020203022111103030312211113120321212313313113231213313322233123323333
200000000100001020101010020301001020100300101010202110212030110213030202020302211110303031221111312032121231331311323121331332223312333
2000000001000010201010100203010010201003001010102021102120301102130302020203022111103030312211113120321212313313113231213313322233131
2000000001000010201010100203010010201003001010102021102120301102130302020203022111103030312211113120321212313313113231213313322233132
2000000001000010201010100203010010201003001010102021102120301102130302020203022111103030312211113120321212313313113231213313322233133
200000000100001020101010020301001020100300101010202110212030110213030202020302211110303031221111312032121231331311323122
200000000100001020101010020301001020100300101010202110212030110213030202020302211110303031221111312032121231331311323123
200000000100001020101010020301001020100300101010202110212030110213030202020302211110303031221111312032121231331312
200000000100001020101010020301001020100300101010202110212030110213030202020302211110303031221111312032121231331313
2000000001000010201010100203010010201003001010102021102120301102130302020203022112
2000000001000010201010100203010010201003001010102021102120301102130302020203022113
200000000100001020101010020301001020100300101010202110212030110213030202020303
200000000100001020101010020301001020100300101010202110212030110213031
200000000100001020101010020301001020100300101010202110212030110213032
200000000100001020101010020301001020100300101010202110212030110213033
2000000001000010201010100203010010201003001010102021103
2000000001000010201010100203010010201003002
2000000001000010201010100203010010201003003
200000000100001020101010021
200000000100001020101010022
200000000100001020101010023
20000000010000102011
20000000010000102012
20000000010000102013
2001
2002
2003
10000000001000010201010101020100300020
10000000001000010201010101020100300021010101011020
100000000010000102010101010201003000210101010110212020
100000000010000102010101010201003000210101010110212021302030203011110302020302203030
1000000000100001020101010102010030002101010101102120213020302030111103020203022030311
10000000001000010201010101020100300021010101011021202130203020301111030202030220303121112022111130
1000000000100001020101010102010030002101010101102120213020302030111103020203022030312111202211113130
100000000010000102010101010201003000210101010110212021302030203011110302020302203031211120221111313122311
100000000010000102010101010201003000210101010110212021302030203011110302020302203031211120221111313122312
10000000001000010201010101020100300021010101011021202130203020301111030202030220303121112022111131312231320
100000000010000102010101010201003000210101010110212021302030203011110302020302203031211120221111313122313212030330
100000000010000102010101010201003000210101010110212021302030203011110302020302203031211120221111313122313212030331301
100000000010000102010101010201003000210101010110212021302030203011110302020302203031211120221111313122313212030331302
100000000010000102010101010201003000210101010110212021302030203011110302020302203031211120221111313122313212030331303
10000000001000010201010101020100300021010101011021202130203020301111030202030220303121112022111131312231321203033131223
1000000000100001020101010102010030002101010101102120213020302030111103020203022030312111202211113131223132120303313123111
10000000001000010201010101020100300021010101011021202130203020301111030202030220303121112022111131312231321203033131231121
100000000010000102010101010201003000210101010110212021302030203011110302020302203031211120221111313122313212030331312311222
100000000010000102010101010201003000210101010110212021302030203011110302020302203031211120221111313122313212030331312311223
1000000000100001020101010102010030002101010101102120213020302030111103020203022030312111202211113131223132120303313123112312130
1000000000100001020101010102010030002101010101102120213020302030111103020203022030312111202211113131223132120303313123112312131
1000000000100001020101010102010030002101010101102120213020302030111103020203022030312111202211113131223132120303313123112312132
100000000010000102010101010201003000210101010110212021302030203011110302020302203031211120221111313122313212030331312311231213321212
1000000000100001020101010102010030002101010101102120213020302030111103020203022030312111202211113131223132120303313123112312133212131
1000000000100001020101010102010030002101010101102120213020302030111103020203022030312111202211113131223132120303313123112312133212132
1000000000100001020101010102010030002101010101102120213020302030111103020203022030312111202211113131223132120303313123112312133212133
1000000000100001020101010102010030002101010101102120213020302030111103020203022030312111202211113131223132120303313123112312133212232
1000000000100001020101010102010030002101010101102120213020302030111103020203022030312111202211113131223132120303313123112312133212233
1000000000100001020101010102010030002101010101102120213020302030111103020203022030312111202211113131223132120303313123112312133213
1000000000100001020101010102010030002101010101102120213020302030111103020203022030312111202211113131223132120303313123112312133221
1000000000100001020101010102010030002101010101102120213020302030111103020203022030312111202211113131223132120303313123112312133222
10000000001000010201010101020100300021010101011021202130203020301111030202030220303121112022111131312231321203033131231123121332232
10000000001000010201010101020100300021010101011021202130203020301111030202030220303121112022111131312231321203033131231123121332233
10000000001000010201010101020100300021010101011021202130203020301111030202030220303121112022111131312231321203033131231123121332323
100000000010000102010101010201003000210101010110212021302030203011110302020302203031211120221111313122313212030331312311231213323321
100000000010000102010101010201003000210101010110212021302030203011110302020302203031211120221111313122313212030331312311231213323322
1000000000100001020101010102010030002101010101102120213020302030111103020203022030312111202211113131223132120303313123112312133233232
1000000000100001020101010102010030002101010101102120213020302030111103020203022030312111202211113131223132120303313123112312133233233121
1000000000100001020101010102010030002101010101102120213020302030111103020203022030312111202211113131223132120303313123112312133233233122
1000000000100001020101010102010030002101010101102120213020302030111103020203022030312111202211113131223132120303313123112312133233233123
1000000000100001020101010102010030002101010101102120213020302030111103020203022030312111202211113131223132120303313123112312133233233131
10000000001000010201010101020100300021010101011021202130203020301111030202030220303121112022111131312231321203033131231123121332332331322
10000000001000010201010101020100300021010101011021202130203020301111030202030220303121112022111131312231321203033131231123121332332331323
10000000001000010201010101020100300021010101011021202130203020301111030202030220303121112022111131312231321203033131231123121332332331332
10000000001000010201010101020100300021010101011021202130203020301111030202030220303121112022111131312231321203033131231123121332332331333
10000000001000010201010101020100300021010101011021202130203020301111030202030220303121112022111131312231321203033131231123121332332332
10000000001000010201010101020100300021010101011021202130203020301111030202030220303121112022111131312231321203033131231123121332332333
10000000001000010201010101020100300021010101011021202130203020301111030202030220303121112022111131312231321203033131231123121332333
10000000001000010201010101020100300021010101011021202130203020301111030202030220303121112022111131312231321203033131231123121333
10000000001000010201010101020100300021010101011021202130203020301111030202030220303121112022111131312231321203033131231123122
10000000001000010201010101020100300021010101011021202130203020301111030202030220303121112022111131312231321203033131231123123
10000000001000010201010101020100300021010101011021202130203020301111030202030220303121112022111131312231321203033131231123131
10000000001000010201010101020100300021010101011021202130203020301111030202030220303121112022111131312231321203033131231123132
10000000001000010201010101020100300021010101011021202130203020301111030202030220303121112022111131312231321203033131231123133
1000000000100001020101010102010030002101010101102120213020302030111103020203022030312111202211113131223132120303313123113
100000000010000102010101010201003000210101010110212021302030203011110302020302203031211120221111313122313212030331313
100000000010000102010101010201003000210101010110212021302030203011110302020302203031211120221111313122313212031
100000000010000102010101010201003000210101010110212021302030203011110302020302203031211120221111313122313212032
100000000010000102010101010201003000210101010110212021302030203011110302020302203031211120221111313122313212033
1000000000100001020101010102010030002101010101102120213020302030111103020203022030312112
1000000000100001020101010102010030002101010101102120213020302030111103020203022030312113
100000000010000102010101010201003000210101010110212021302030203011110302020303
1000000000100001020101010102010030002101010101102120213021
1000000000100001020101010102010030002101010101102120213022
1000000000100001020101010102010030002101010101102120213023
1000000000100001020101010102010030002101010101103
10000000001000010201010101020100300021010102
10000000001000010201010101020100300021010103
100000000010000102011
100000000010000102012
100000000010000102013
10001
10002
10003
3000100000002000010201010101020100300020
3000100000002000010201010101020100300021010101011020
30001000000020000102010101010201003000210101010110212020
300010000000200001020101010102010030002101010101102120213020302030110302202030
3000100000002000010201010101020100300021010101011021202130203020301103022020311
3000100000002000010201010101020100300021010101011021202130203020301103022020312111103030
3000100000002000010201010101020100300021010101011021202130203020301103022020312111103031203022111130
300010000000200001020101010102010030002101010101102120213020302030110302202031211110303120302211113120320
30001000000020000102010101010201003000210101010110212021302030203011030220203121111030312030221111312032131
30001000000020000102010101010201003000210101010110212021302030203011030220203121111030312030221111312032132330
3000100000002000010201010101020100300021010101011021202130203020301103022020312111103031203022111131203213233122311
3000100000002000010201010101020100300021010101011021202130203020301103022020312111103031203022111131203213233122312
3000100000002000010201010101020100300021010101011021202130203020301103022020312111103031203022111131203213233122313
3000100000002000010201010101020100300021010101011021202130203020301103022020312111103031203022111131203213233122322
3000100000002000010201010101020100300021010101011021202130203020301103022020312111103031203022111131203213233122323
300010000000200001020101010102010030002101010101102120213020302030110302202031211110303120302211113120321323312233111301
300010000000200001020101010102010030002101010101102120213020302030110302202031211110303120302211113120321323312233111302
300010000000200001020101010102010030002101010101102120213020302030110302202031211110303120302211113120321323312233111303
30001000000020000102010101010201003000210101010110212021302030203011030220203121111030312030221111312032132331223311131130
30001000000020000102010101010201003000210101010110212021302030203011030220203121111030312030221111312032132331223311131131
300010000000200001020101010102010030002101010101102120213020302030110302202031211110303120302211113120321323312233111311321
300010000000200001020101010102010030002101010101102120213020302030110302202031211110303120302211113120321323312233111311322
30001000000020000102010101010201003000210101010110212021302030203011030220203121111030312030221111312032132331223311131132321212
300010000000200001020101010102010030002101010101102120213020302030110302202031211110303120302211113120321323312233111311323212131
300010000000200001020101010102010030002101010101102120213020302030110302202031211110303120302211113120321323312233111311323212132
300010000000200001020101010102010030002101010101102120213020302030110302202031211110303120302211113120321323312233111311323212133
300010000000200001020101010102010030002101010101102120213020302030110302202031211110303120302211113120321323312233111311323212233
300010000000200001020101010102010030002101010101102120213020302030110302202031211110303120302211113120321323312233111311323213
300010000000200001020101010102010030002101010101102120213020302030110302202031211110303120302211113120321323312233111311323221
3000100000002000010201010101020100300021010101011021202130203020301103022020312111103031203022111131203213233122331113113232222
3000100000002000010201010101020100300021010101011021202130203020301103022020312111103031203022111131203213233122331113113232223121
3000100000002000010201010101020100300021010101011021202130203020301103022020312111103031203022111131203213233122331113113232223122
30001000000020000102010101010201003000210101010110212021302030203011030220203121111030312030221111312032132331223311131132322231232323
300010000000200001020101010102010030002101010101102120213020302030110302202031211110303120302211113120321323312233111311323222312323321
300010000000200001020101010102010030002101010101102120213020302030110302202031211110303120302211113120321323312233111311323222312323322
3000100000002000010201010101020100300021010101011021202130203020301103022020312111103031203022111131203213233122331113113232223123233233121
300010000000200001020101010102010030002101010101102120213020302030110302202031211110303120302211113120321323312233111311323222312323323312232
300010000000200001020101010102010030002101010101102120213020302030110302202031211110303120302211113120321323312233111311323222312323323312233
3000100000002000010201010101020100300021010101011021202130203020301103022020312111103031203022111131203213233122331113113232223123233233123
3000100000002000010201010101020100300021010101011021202130203020301103022020312111103031203022111131203213233122331113113232223123233233131
30001000000020000102010101010201003000210101010110212021302030203011030220203121111030312030221111312032132331223311131132322231232332331322
30001000000020000102010101010201003000210101010110212021302030203011030220203121111030312030221111312032132331223311131132322231232332331323
3000100000002000010201010101020100300021010101011021202130203020301103022020312111103031203022111131203213233122331113113232223123233233133
30001000000020000102010101010201003000210101010110212021302030203011030220203121111030312030221111312032132331223311131132322231232332332
30001000000020000102010101010201003000210101010110212021302030203011030220203121111030312030221111312032132331223311131132322231232332333
3000100000002000010201010101020100300021010101011021202130203020301103022020312111103031203022111131203213233122331113113232223123233333
3000100000002000010201010101020100300021010101011021202130203020301103022020312111103031203022111131203213233122331113113232223132
3000100000002000010201010101020100300021010101011021202130203020301103022020312111103031203022111131203213233122331113113232223133
300010000000200001020101010102010030002101010101102120213020302030110302202031211110303120302211113120321323312233111312
300010000000200001020101010102010030002101010101102120213020302030110302202031211110303120302211113120321323312233111313
300010000000200001020101010102010030002101010101102120213020302030110302202031211110303120302211113120321323312233112
300010000000200001020101010102010030002101010101102120213020302030110302202031211110303120302211113120321323312233113
30001000000020000102010101010201003000210101010110212021302030203011030220203121111030312031
30001000000020000102010101010201003000210101010110212021302030203011030220203121111030312032
30001000000020000102010101010201003000210101010110212021302030203011030220203121111030312033
3000100000002000010201010101020100300021010101011021202130203020301103022020312112
3000100000002000010201010101020100300021010101011021202130203020301103022020312113
300010000000200001020101010102010030002101010101102120213020302030110303
300010000000200001020101010102010030002101010101102120213021
300010000000200001020101010102010030002101010101102120213022
300010000000200001020101010102010030002101010101102120213023
300010000000200001020101010102010030002101010101103
3000100000002000010201010101020100300021010102
3000100000002000010201010101020100300021010103
30001000000020000102011
30001000000020000102012
30001000000020000102013
30001000000020001
30001000000020002
30001000000020003
