0 11 14 15 7 12 5 2 3 5
0 6 12
0 9 10 7
0 11 13 2
0 11 2
0 11 14 2
0 11 14 12
0 11 14 15 12
0 11 14 15 4 3
0 11 14 15 3
0 11 14 15 7 13
0 11 14 15 7 11
0 11 14 15 7 0
0 11 14 15 7 12 7
0 11 14 15 7 12 15
0 11 14 15 7 12 1 9
0 11 14 15 7 12 5 10
0 11 14 15 7 12 5 6
0 11 14 15 7 12 5 11
0 11 14 15 7 12 5 2 11
0 11 14 15 7 12 5 2 0
0 11 14 15 7 12 5 2 4
0 11 14 15 7 12 5 2 3 7
0 11 14 15 7 12 5 2 3 11
0 6 13
0 6 5
0 6 0
0 9 11
0 9 4
0 9 10 11
0 9 10 8 8
0 11 13 10
0 11 13 15
0 11 13 13
0 11 14 15 4 9
0 11 14 15 4 15
0 11 14 15 4 8
0 11 14 15 7 12 1 12
0 11 14 15 7 12 1 5
0 11 14 15 7 12 1 14
0 9 10 8 14
0 9 10 8 9
0 9 10 8 11
