0 13 13
0 8 10 3 7 15 15
0 7
0 0
0 13 3
0 13 14 17 16 9 5 3
0 13 4 6 17
0 8 1 17
0 8 5
0 8 10 14
0 8 10 2 7
0 8 10 5
0 8 10 3 2
0 8 10 3 9
0 8 10 3 4
0 8 10 3 7 16
0 8 10 3 7 3
0 8 10 3 7 15 17
0 8 10 3 7 15 16
0 13 14 6
0 13 14 12 12
0 13 14 17 4
0 13 14 17 9
0 13 14 17 2
0 13 14 17 16 8
0 13 14 17 16 17
0 13 14 17 16 15
0 13 14 17 16 9 4
0 13 14 17 16 9 1
0 13 14 17 16 9 6
0 13 14 17 16 9 5 17
0 13 14 17 16 9 5 5
0 13 14 17 16 9 5 8
0 13 4 3
0 13 4 12
0 13 4 0
0 13 4 6 10
0 13 4 6 8
0 13 4 6 3
0 8 1 14
0 8 1 2
0 8 10 2 12
0 8 10 2 4
0 8 10 2 11 11
0 13 14 12 0
0 13 14 12 11
0 13 14 12 9
0 8 10 2 11 2
0 8 10 2 11 17
0 8 10 2 11 13
