00000
01000
0200
0300
00100
0020
0030
00010
00020
0003000
00001
00002
00003
011000
0120
01300
01010
01020
01030
01001
01002
01003
0210
02200
0230
0201
0202
0203
0310
0320
03300
0301
0302
0303
00110
00120
00130
0010100
001020
0010300
0021
0022
0023
0031
0032
0033
00011
00012
00013
00021
00022
00023
000310
000320
000330
0003010
0003020
0003030
0003001
0003002
0003003
01110
01120
01130
011010
011020
011030
011001
011002
011003
0121
0122
0123
01310
01320
01330
01301
01302
01303
01011
01012
01013
01021
01022
01023
01031
01032
01033
0211
0212
0213
02210
02220
02230
02201
02202
02203
0231
0232
0233
0311
0312
0313
0321
0322
0323
03310
03320
03330
03301
03302
03303
00111
00112
00113
00121
00122
00123
00131
00132
00133
0010110
0010120
0010130
0010101
0010102
0010103
001021
001022
001023
0010310
0010320
0010330
0010301
0010302
0010303
000311
000312
000313
000321
000322
000323
000331
000332
000333
0003011
0003012
0003013
0003021
0003022
0003023
0003031
0003032
0003033
01111
01112
01113
01121
01122
01123
01131
01132
01133
011011
011012
011013
011021
011022
011023
011031
011032
011033
01311
01312
01313
01321
01322
01323
01331
01332
01333
02211
02212
02213
02221
02222
02223
02231
02232
02233
03311
03312
03313
03321
03322
03323
03331
03332
03333
0010111
0010112
0010113
0010121
0010122
0010123
0010131
0010132
0010133
0010311
0010312
0010313
0010321
0010322
0010323
0010331
0010332
0010333
2000
21000
220
23000
2010000
2020
2030
2001
2002
2003
211000
21200
21300
21010
21020
210300
21001
21002
21003
221
222
223
2310
2320
2330
23010
23020
23030
23001
23002
23003
20110
201200
20130
201010
201020
201030
20100100
2010020
2010030
2010001
2010002
2010003
2021
2022
2023
2031
2032
2033
21110
21120
21130
211010
211020
2110300
211001
211002
211003
21210
21220
21230
21201
21202
21203
21310
21320
21330
21301
21302
21303
21011
21012
21013
21021
21022
21023
210310
210320
210330
210301
210302
210303
2311
2312
2313
2321
2322
2323
2331
2332
2333
23011
23012
23013
23021
23022
23023
23031
23032
23033
20111
20112
20113
201210
20122
2012300
201201
201202
201203
20131
20132
20133
201011
201012
201013
201021
201022
201023
201031
201032
201033
20100110
20100120
20100130
20100101
20100102
20100103
2010021
2010022
2010023
2010031
2010032
2010033
21111
21112
21113
21121
21122
21123
21131
21132
21133
211011
211012
211013
211021
211022
211023
2110310
2110320
2110330
2110301
2110302
2110303
21211
21212
21213
21221
21222
21223
21231
21232
21233
21311
21312
21313
21321
21322
21323
21331
21332
21333
210311
210312
210313
210321
210322
210323
210331
210332
210333
201211
201212
201213
2012310
2012320
2012330
2012301
2012302
2012303
20100111
20100112
20100113
20100121
20100122
20100123
20100131
20100132
20100133
2110311
2110312
2110313
2110321
2110322
2110323
2110331
2110332
2110333
2012311
2012312
2012313
2012321
2012322
2012323
2012331
2012332
2012333
10000
110
12000
13000
1010
10200
10300
10010
10020
10030
10001
10002
10003
111
112
113
121000000
1220
1230
12010
12020
120300
12001
12002
12003
1310
1320
1330
13010
13020
1303000
13001
13002
13003
1011
1012
1013
10210
10220
10230
10201
10202
10203
10310
10320
10330
10301
10302
10303
10011
10012
10013
10021
10022
10023
10031
10032
10033
12110
12120
12130
12101
121020
1210300
1210010
1210020
1210030
12100010
12100020
12100030
121000010
121000020
121000030
121000001
121000002
121000003
1221
1222
1223
1231
1232
1233
12011
12012
12013
12021
12022
12023
120310
120320
120330
120301
120302
120303
1311
1312
1313
1321
1322
1323
1331
1332
1333
13011
13012
13013
13021
13022
13023
130310
130320
130330
1303010
1303020
1303030
1303001
1303002
1303003
10211
10212
10213
10221
10222
10223
10231
10232
10233
10311
10312
10313
10321
10322
10323
10331
10332
10333
12111
12112
12113
12121
12122
12123
12131
12132
12133
121021
121022
121023
1210310
1210320
1210330
1210301
1210302
1210303
1210011
1210012
1210013
1210021
1210022
1210023
1210031
1210032
1210033
12100011
12100012
12100013
12100021
12100022
12100023
12100031
12100032
12100033
121000011
121000012
121000013
121000021
121000022
121000023
121000031
121000032
121000033
120311
120312
120313
120321
120322
120323
120331
120332
120333
130311
130312
130313
130321
130322
130323
130331
130332
130333
1303011
1303012
1303013
1303021
1303022
1303023
1303031
1303032
1303033
1210311
1210312
1210313
1210321
1210322
1210323
1210331
1210332
1210333
30000
31000
32000
330
30100
3020
303000
30010
30020
30030000
30001
30002
30003
3110
31200
31300
31010
31020
31030
31001
31002
31003
3210
3220
3230
32010
32020
32030
32001
32002
32003
331
332
333
30110
30120
30130
30101
30102
30103
3021
3022
3023
3031000
30320
30330
303010
303020
3030300
303001
303002
303003
30011
30012
30013
30021
30022
30023
300310
300320
300330
3003010
3003020
3003030
30030010
30030020
30030030
30030001
30030002
30030003
3111
3112
3113
31210
31220
31230
31201
31202
31203
31310
31320
31330
31301
31302
31303
31011
31012
31013
31021
31022
31023
31031
31032
31033
3211
3212
3213
3221
3222
3223
3231
3232
3233
32011
32012
32013
32021
32022
32023
32031
32032
32033
30111
30112
30113
30121
30122
30123
30131
30132
30133
303110
303120
303130
3031010
3031020
303103
3031001
3031002
3031003
30321
30322
30323
30331
30332
30333
303011
303012
303013
303021
303022
303023
3030310
3030320
3030330
3030301
3030302
3030303
300311
300312
300313
300321
300322
300323
300331
300332
300333
3003011
3003012
3003013
3003021
3003022
3003023
3003031
3003032
3003033
30030011
30030012
30030013
30030021
30030022
30030023
30030031
30030032
30030033
31211
31212
31213
31221
31222
31223
31231
31232
31233
31311
31312
31313
31321
31322
31323
31331
31332
31333
303111
303112
303113
303121
303122
303123
303131
303132
303133
3031011
3031012
3031013
3031021
3031022
3031023
3030311
3030312
3030313
3030321
3030322
3030323
3030331
3030332
3030333
