0 1 9 0 5 3 7 2 6 9 4 1 4 10 10 2 10 7 11 8 2 3 11 10 6 7 8 1 3 11 1 6 2 8 3 9 8 10
0 1 9 0 5 3 7 2 6 9 4 1 4 10 10 2 10 7 11 8 2 3 11 10 6 7 8 1 3 11 1 6 2 8 3 9 4 8
0 1 9 0 5 3 7 2 6 9 4 1 4 10 10 2 10 7 11 8 2 3 11 10 6 7 8 1 3 11 1 6 2 8 3 9 4 1
0 1 9 0 5 3 7 2 6 9 4 1 4 10 10 2 10 7 11 8 2 3 11 10 6 7 8 1 3 11 1 6 1
0 1 9 0 5 3 7 2 6 9 4 1 4 10 10 2 10 7 11 8 2 3 11 10 6 7 8 1 3 11 3
0 1 9 0 5 3 7 2 6 9 4 1 4 10 10 2 10 7 11 8 2 3 11 10 6 7 10
0 1 9 0 5 0 2
0 1 9 0 5 0 9
0 1 9 0 5 11
0 1 9 0 5 4
