0211441511140818113123717111981134181717010151111
0211441511140818113123717111981134181717010151110
0211441511140818113123717111981134181717010150
021144151114081811312371711198113418171125
021144151114081811312371711198113418171127
02114415111408181131237171119811341817111614
0211441511140818113123717111981134181711167
02114415111408181131237171119811341817111611
02114415111408181131237171119811341817111692
02114415111408181131237171119811341817111691
02114415111408181131237171119811341817111690
021144151114081811312371711198113418171111
021144151114081811312371711198113418171112
021144151114081811312371711198113418171111
0211441511140818113123717111981134181715
0211441511140818113123717111981134181711
0211441511140818113123717111981138
