20000000000
210000
22
2300
2010
2020
20300
200100
20020
200300
200010
200020
200030
2000010
2000020
2000030
20000010
200000200
20000030
200000010
200000020
200000030
2000000010
2000000020
2000000030
20000000010
20000000020
20000000030
20000000001
20000000002
20000000003
2110
2120
2130
21010
21020
210300
210010
210020
210030
210001
210002
210003
2310
2320
2330
2301
2302
2303
2011
2012
2013
2021
2022
2023
20310
20320
20330
20301
20302
20303
200110
200120
200130
200101
200102
200103
20021
20022
20023
200310
200320
200330
200301
200302
200303
200011
200012
200013
200021
200022
200023
200031
200032
200033
2000011
2000012
2000013
2000021
2000022
2000023
2000031
2000032
2000033
20000011
20000012
20000013
200000210
200000220
200000230
200000201
200000202
200000203
20000031
20000032
20000033
200000011
200000012
200000013
200000021
200000022
200000023
200000031
200000032
200000033
2000000011
2000000012
2000000013
2000000021
2000000022
2000000023
2000000031
2000000032
2000000033
20000000011
20000000012
20000000013
20000000021
20000000022
20000000023
20000000031
20000000032
20000000033
2111
2112
2113
2121
2122
2123
2131
2132
2133
21011
21012
21013
21021
21022
21023
210310
210320
210330
210301
210302
210303
210011
210012
210013
210021
210022
210023
210031
210032
210033
2311
2312
2313
2321
2322
2323
2331
2332
2333
20311
20312
20313
20321
20322
20323
20331
20332
20333
200111
200112
200113
200121
200122
200123
200131
200132
200133
200311
200312
200313
200321
200322
200323
200331
200332
200333
200000211
200000212
200000213
200000221
200000222
200000223
200000231
200000232
200000233
210311
210312
210313
210321
210322
210323
210331
210332
210333
0000000000
010
020
0300
00100
0020
00300
00010
0002000
00030
000010
000020
000030
0000010
000002000
0000030
00000010
00000020
000000300
000000010
000000020
000000030
0000000010
0000000020
0000000030
00000000010
00000000020
00000000030
011
012
013
021
022
023
0310
0320
0330
0301
0302
0303
00110
00120
00130
00101
00102
00103
0021
0022
0023
00310
003200
00330
00301
00302
00303
00011
00012
00013
000210
000220
000230
0002010
0002020
0002030
0002001
0002002
0002003
00031
00032
00033
000011
000012
000013
000021
000022
000023
000031
000032
000033
0000011
0000012
0000013
00000210
00000220
00000230
000002010
000002020
000002030
000002001
000002002
000002003
0000031
0000032
0000033
00000011
00000012
00000013
00000021
00000022
00000023
000000310
000000320
000000330
000000301
000000302
000000303
000000011
000000012
000000013
000000021
000000022
000000023
000000031
000000032
000000033
0000000011
0000000012
0000000013
0000000021
0000000022
0000000023
0000000031
0000000032
0000000033
00000000011
00000000012
00000000013
00000000021
00000000022
00000000023
00000000031
00000000032
00000000033
0311
0312
0313
0321
0322
0323
0331
0332
0333
00111
00112
00113
00121
00122
00123
00131
00132
00133
00311
00312
00313
003210
003220
003230
003201
003202
003203
00331
00332
00333
000211
000212
000213
000221
000222
000223
000231
000232
000233
0002011
0002012
0002013
0002021
0002022
0002023
0002031
0002032
0002033
00000211
00000212
00000213
00000221
00000222
00000223
00000231
00000232
00000233
000002011
000002012
000002013
000002021
000002022
000002023
000002031
000002032
000002033
000000311
000000312
000000313
000000321
000000322
000000323
000000331
000000332
000000333
003211
003212
003213
003221
003222
003223
003231
003232
003233
10000000000000
110
1200
130
1010
10200
10300
10010
10020
10030
10001
100020
1000300
1000010
1000020
1000030
100000100
10000020
10000030
100000010
100000020
100000030
1000000010
1000000020
1000000030
10000000010
100000000200
10000000030
100000000010
100000000020
100000000030
1000000000010
1000000000020
1000000000030
10000000000010
10000000000020
10000000000030
10000000000001
10000000000002
10000000000003
111
112
113
1210
1220
1230
1201
1202
1203
131
132
133
1011
1012
1013
10210
10220
10230
10201
10202
10203
10310
10320
10330
10301
10302
10303
10011
10012
10013
10021
10022
10023
10031
10032
10033
100021
100022
100023
1000310
1000320
1000330
1000301
1000302
1000303
1000011
1000012
1000013
1000021
1000022
1000023
1000031
1000032
1000033
100000110
100000120
100000130
100000101
100000102
100000103
10000021
10000022
10000023
10000031
10000032
10000033
100000011
100000012
100000013
100000021
100000022
100000023
100000031
100000032
100000033
1000000011
1000000012
1000000013
1000000021
1000000022
1000000023
1000000031
1000000032
1000000033
10000000011
10000000012
10000000013
100000000210
100000000220
100000000230
100000000201
100000000202
100000000203
10000000031
10000000032
10000000033
100000000011
100000000012
100000000013
100000000021
100000000022
100000000023
100000000031
100000000032
100000000033
1000000000011
1000000000012
1000000000013
1000000000021
1000000000022
1000000000023
1000000000031
1000000000032
1000000000033
10000000000011
10000000000012
10000000000013
10000000000021
10000000000022
10000000000023
10000000000031
10000000000032
10000000000033
1211
1212
1213
1221
1222
1223
1231
1232
1233
10211
10212
10213
10221
10222
10223
10231
10232
10233
10311
10312
10313
10321
10322
10323
10331
10332
10333
1000311
1000312
1000313
1000321
1000322
1000323
1000331
1000332
1000333
100000111
100000112
100000113
100000121
100000122
100000123
100000131
100000132
100000133
100000000211
100000000212
100000000213
100000000221
100000000222
100000000223
100000000231
100000000232
100000000233
300
310
320000000000
3300
301
302
303
311
312
313
32100
322000
3230
32010
32020
32030
320010
3200200
320030
3200010
3200020
32000300
32000010
32000020
32000030
320000010
3200000200
320000030
3200000010
3200000020
320000003
32000000010
32000000020
32000000030
320000000010
320000000020
320000000030
320000000001
320000000002
320000000003
3310
3320
3330
3301
3302
3303
32110
321200
32130
32101
32102
32103
32210
32220
32230
322010
322020
322030
322001
322002
322003
3231
3232
3233
32011
32012
32013
32021
32022
32023
32031
32032
32033
320011
320012
320013
3200210
3200220
3200230
3200201
3200202
3200203
320031
320032
320033
3200011
3200012
3200013
3200021
3200022
3200023
32000310
32000320
32000330
32000301
32000302
32000303
32000011
32000012
32000013
32000021
32000022
32000023
32000031
32000032
32000033
320000011
320000012
320000013
3200000210
3200000220
3200000230
3200000201
3200000202
3200000203
320000031
320000032
320000033
3200000011
3200000012
3200000013
3200000021
3200000022
3200000023
32000000011
32000000012
32000000013
32000000021
32000000022
32000000023
32000000031
32000000032
32000000033
320000000011
320000000012
320000000013
320000000021
320000000022
320000000023
320000000031
320000000032
320000000033
3311
3312
3313
3321
3322
3323
3331
3332
3333
32111
32112
32113
321210
321220
321230
321201
321202
321203
32131
32132
32133
32211
32212
32213
32221
32222
32223
32231
32232
32233
322011
322012
322013
322021
322022
322023
322031
322032
322033
3200211
3200212
3200213
3200221
3200222
3200223
3200231
3200232
3200233
32000311
32000312
32000313
32000321
32000322
32000323
32000331
32000332
32000333
3200000211
3200000212
3200000213
3200000221
3200000222
3200000223
3200000231
3200000232
3200000233
321211
321212
321213
321221
321222
321223
321231
321232
321233
