0,8,3,12,9,13,10,5,13,13,1,0,2,11,2,0,13,3,13
0,8,3,12,9,13,10,5,13,13,1,0,2,11,2,0,13,3,10,10,11,13
0,8,3,12,9,13,10,5,13,13,1,0,2,11,2,0,13,3,10,10,11,7,1,3,2,10,2,5,3
0,8,3,12,9,13,10,5,13,13,1,0,2,11,2,0,13,3,10,10,11,7,1,3,2,10,2,5,10
0,8,3,12,9,13,10,5,13,13,1,0,2,11,2,0,13,3,10,10,11,7,1,3,2,10,2,5,11,13
0,8,3,12,9,13,10,5,13,13,1,0,2,11,2,0,13,3,10,10,11,7,1,6,3
0,8,3,12,9,13,10,5,13,13,1,0,2,11,2,0,13,3,10,10,11,7,1,6,2
0,8,3,12,9,13,10,5,13,13,1,0,2,11,2,0,13,3,10,10,11,7,1,6,13
0,8,3,12,9,13,10,5,13,13,1,0,2,11,2,0,13,3,10,10,11,7,1,6,7,1,0,1
0,8,3,12,9,13,10,5,13,13,1,0,2,11,2,0,13,3,10,10,11,7,1,6,7,7,12,7
0,8,3,12,9,13,10,5,13,13,1,0,2,11,2,0,13,3,10,10,11,7,1,6,7,7,12,12,11
0,8,3,12,9,4,2
0,8,3,12,9,4,11
0,8,3,12,9,4,8,5
0,8,3,12,9,4,8,12
0,8,3,12,9,4,8,2
0,8,3,12,9,2
