01911011101566010
0191101110156610
019110111015661585115366
01911011101566158511531216
0191101110156615851153126
0191101110156615851153121111
019110111015661585115312111
019110111015661585115312110
0191101110156615851153121195
01911011101566158511531211990
0191101110156615851153129
0191101110156615851153141
01911011101566158511531415
01911011101566158511531411
01911011101566158511531411
0191101110156615851153141431
0191101110156615851153141439
0191101110156615851153141470
0191101110156615851153141471
019110111015661580
019110111015661581
019110111015661581
0191101117
0191101111
