200
210000
22000
230
201
202
203
21100
21200
2130
21010
21020
21030
210010
21002
210030
210001
210002
210003
2210
2220
2230
22010
22020
22030
22001
22002
22003
231
232
233
21110
21120
21130
21101
21102
21103
21210
21220
21230
21201
21202
21203
2131
2132
2133
21011
21012
21013
21021
21022
21023
21031
21032
21033
210011
210012
210013
210031
210032
210033
2211
2212
2213
2221
2222
2223
2231
2232
2233
22011
22012
22013
22021
22022
22023
22031
22032
22033
21111
21112
21113
21121
21122
21123
21131
21132
21133
21211
21212
21213
21221
21222
21223
21231
21232
21233
0000
01000
0200
030
0010
00200
00300
00010
00020
00030
0110
0120
0130
01010
01020
01030
01001
01002
01003
0210
0220
0230
0201
0202
0203
031
032
033
0011
0012
0013
00210
00220
00230
00201
00202
00203
00310
00320
00330
00301
00302
00303
00011
00012
00013
00021
00022
00023
00031
00032
00033
0111
0112
0113
0121
0122
0123
0131
0132
0133
01011
01012
01013
01021
01022
01023
01031
01032
01033
0211
0212
0213
0221
0222
0223
0231
0232
0233
00211
00212
00213
00221
00222
00223
00231
00232
00233
00311
00312
00313
00321
00322
00323
00331
00332
00333
1000000
110
120
1300
10100
1020
10300
10010
10020
10030
100010
100020
100030
100001
1000020
1000030
1000001
1000002
1000003
111
112
113
121
122
123
1310
1320
1330
1301
1302
1303
10110
10120
10130
10101
10102
10103
1021
1022
1023
10310
10320
10330
10301
10302
10303
10011
10012
10013
10021
10022
10023
10031
10032
10033
100011
100012
100013
100021
100022
100023
100031
100032
100033
1000021
1000022
1000023
1000031
1000032
1000033
1311
1312
1313
1321
1322
1323
1331
1332
1333
10111
10112
10113
10121
10122
10123
10131
10132
10133
10311
10312
10313
10321
10322
10323
10331
10332
10333
30000
31000
3200
33
30100
30200
3030
30010
30020
30030
30001
30002
30003
3110
3120
3130
31010
31020
31030
31001
31002
31003
3210
3220
3230
3201
3202
3203
30110
30120
30130
30101
30102
30103
30210
30220
30230
30201
30202
30203
3031
3032
3033
30011
30012
30013
30021
30022
30023
30031
30032
30033
3111
3112
3113
3121
3122
3123
3131
3132
3133
31011
31012
31013
31021
31022
31023
31031
31032
31033
3211
3212
3213
3221
3222
3223
3231
3232
3233
30111
30112
30113
30121
30122
30123
30131
30132
30133
30211
30212
30213
30221
30222
30223
30231
30232
30233
