200000010101001011020203030201020
2000000101010010110202030302010212111112021221302122222303030
2000000101010010110202030302010212111112021221302122222303031121
2000000101010010110202030302010212111112021221302122222303031122
2000000101010010110202030302010212111112021221302122222303031123132
2000000101010010110202030302010212111112021221302122222303031123133123231313232
2000000101010010110202030302010212111112021221302122222303031123133123231313233
200000010101001011020203030201021211111202122130212222230303112313312323131331
200000010101001011020203030201021211111202122130212222230303112313312323131332
200000010101001011020203030201021211111202122130212222230303112313312323131333
200000010101001011020203030201021211111202122130212222230303112313312323132
200000010101001011020203030201021211111202122130212222230303112313312323133
20000001010100101102020303020102121111120212213021222223030311231331233
200000010101001011020203030201021211111202122130212222230303112313313
2000000101010010110202030302010212111112021221302122223
20000001010100101102020303020102121111120213
200000010101001011020203030201021211111203
2000000101010010110202030303
100000010100101110110202030302020
100000010100101110110202030302021201120211221230302221303131121
10000001010010111011020203030202120112021122123030222130313112230
100000010100101110110202030302021201120211221230302221303131122313132323132
10000001010010111011020203030202120112021122123030222130313112231313232313321222
100000010100101110110202030302021201120211221230302221303131122313132323133212233
10000001010010111011020203030202120112021122123030222130313112231313232313321232
10000001010010111011020203030202120112021122123030222130313112231313232313321233331
10000001010010111011020203030202120112021122123030222130313112231313232313321233332
10000001010010111011020203030202120112021122123030222130313112231313232313321233333
100000010100101110110202030302021201120211221230302221303131122313132323133213
1000000101001011101102020303020212011203
100000010100101110110202030303
0000000101020102020301011020
00000001010201020203010110212010303030211121303131122202111221
0000000101020102020301011021201030303021112130313112220211122230
00000001010201020203010110212010303030211121303131122202111222313122
000000010102010202030101102120103030302111213031311222021112223131232313233321223
000000010102010202030101102120103030302111213031311222021112223131232313233321232
0000000101020102020301011021201030303021112130313112220211122231312323132333212332
000000010102010202030101102120103030302111213031311222021112223131232313233321233331
000000010102010202030101102120103030302111213031311222021112223131232313233321233332
000000010102010202030101102120103030302111213031311222021112223131232313233321233333
0000000101020102020301011021201030303021112130313112220211122231312323132333213
0000000101020102020301011021201030303021112130313112220211122231313
00000001010201020203010110212010303030211121303131122203
30000001001011010201020203020
3000000100101101020102020302120103021112131122202111221
3000000100101101020102020302120103021112131122202111222303030
30000001001011010201020203021201030211121311222021112223030313122
30000001001011010201020203021201030211121311222021112223030313123132323131
30000001001011010201020203021201030211121311222021112223030313123132323132
30000001001011010201020203021201030211121311222021112223030313123132323133212233
3000000100101101020102020302120103021112131122202111222303031312313232313321232
3000000100101101020102020302120103021112131122202111222303031312313232313321233332
3000000100101101020102020302120103021112131122202111222303031312313232313321233333
30000001001011010201020203021201030211121311222021112223030313123132323133213
3000000100101101020102020302120103021112131122202111222303031313
3000000100101101020102020302120103021112131122203
300000010010110102010202030212010303
