0,1,13,14,10,12,3,3
0,6,4,11,12
0,8,13
0,1,10
0,1,7,7
0,1,13,0
0,1,13,7
0,1,13,14,3
0,1,13,14,15,0
0,1,13,14,10,10
0,1,13,14,10,14
0,1,13,14,10,6
0,1,13,14,10,12,12
0,1,13,14,10,12,0
0,1,13,14,10,12,7
0,1,13,14,10,12,3,2,14
0,1,13,14,10,12,3,9,13
0,1,13,14,10,12,3,7
0,6,13
0,6,7
0,6,14
0,6,4,6
0,6,4,3
0,6,4,11,9
0,8,10
0,8,14
0,8,12
0,1,7,13
0,1,7,12
0,1,7,3
0,1,13,14,15,3
0,1,13,14,15,15
0,1,13,14,15,10
0,1,13,14,10,12,3,2,10
0,1,13,14,10,12,3,2,8
0,1,13,14,10,12,3,2,0
0,1,13,14,10,12,3,9,5
0,1,13,14,10,12,3,9,11
0,1,13,14,10,12,3,9,14
0,6,4,11,5,14
0,6,4,11,5,6
