00000001012011122300012112220132333
00000001012011122300012112233030
00000001012011122300012112233031
00000001012011122300012112233032
00000001012011122300012112233033
000000010120111223000121122331
0000000101201112230001211223323
000000010120111223001102
000000010120111223001103
00000001012011122300111
00000001012011122300112
00000001012011122300113
00000001012011122300122
00000001012011122300123
0000000101201112230013
00000001012011122301
00000001012011122302
00000001012011122303
000000011
000000012
000000013
