20000
2100
22000000
230
2010
2020
2030
200100
200200
200300
20001
20002
20003
2110
2120
2130
2101
2102
2103
2210
2220
22300
22010
22020
22030
220010
2200200
220030
2200010
2200020
2200030
22000010
22000020
22000030
22000001
22000002
22000003
231
232
233
2011
2012
2013
2021
2022
2023
2031
2032
2033
200110
200120
200130
200101
200102
200103
200210
20022
200230
200201
200202
200203
200310
200320
200330
200301
200302
200303
2111
2112
2113
2121
2122
2123
2131
2132
2133
2211
2212
2213
2221
2222
2223
22310
22320
22330
22301
22302
22303
22011
22012
22013
22021
22022
22023
22031
22032
22033
220011
220012
220013
2200210
2200220
2200230
2200201
2200202
2200203
220031
220032
220033
2200011
2200012
2200013
2200021
2200022
2200023
2200031
2200032
2200033
22000011
22000012
22000013
22000021
22000022
22000023
22000031
22000032
22000033
200111
200112
200113
200121
200122
200123
200131
200132
200133
200211
200212
200213
200231
200232
200233
200311
200312
200313
200321
200322
200323
200331
200332
200333
22311
22312
22313
22321
22322
22323
22331
22332
22333
2200211
2200212
2200213
2200221
2200222
2200223
2200231
2200232
2200233
0000000
010000
020
0300
0010
0020
0030
000100
000200
00030
000010
000020
000030
00000100
0000020
0000030
0000001
0000002
0000003
01100
0120
0130
01010
01020
01030
010010
010020
010030
010001
010002
010003
021
022
023
0310
0320
0330
0301
0302
0303
0011
0012
0013
0021
0022
0023
0031
0032
0033
000110
000120
000130
000101
000102
000103
000210
000220
000230
000201
000202
000203
00031
00032
00033
000011
000012
000013
000021
000022
000023
000031
000032
000033
00000110
00000120
00000130
00000101
00000102
00000103
0000021
0000022
0000023
0000031
0000032
0000033
01110
01120
01130
01101
01102
01103
0121
0122
0123
0131
0132
0133
01011
01012
01013
01021
01022
01023
01031
01032
01033
010011
010012
010013
0100210
0100220
0100230
010031
010032
010033
0311
0312
0313
0321
0322
0323
0331
0332
0333
000111
000112
000113
000121
000122
000123
000131
000132
000133
000211
000212
000213
000221
000222
000223
000231
000232
000233
00000111
00000112
00000113
00000121
00000122
00000123
00000131
00000132
00000133
01111
01112
01113
01121
01122
01123
01131
01132
01133
0100211
0100212
0100213
0100221
0100222
0100223
0100231
0100232
0100233
10000
1100
12000000
130
1010
1020
1030
100100
100200
100300
10001
10002
10003
1110
1120
1130
1101
1102
1103
1210
1220
12300
12010
12020
12030
120010
1200200
120030
1200010
1200020
1200030
12000010
12000020
12000030
12000001
12000002
12000003
131
132
133
1011
1012
1013
1021
1022
1023
1031
1032
1033
100110
100120
100130
100101
100102
100103
10021
100220
100230
100201
100202
100203
100310
100320
100330
100301
100302
100303
1111
1112
1113
1121
1122
1123
1131
1132
1133
1211
1212
1213
1221
1222
1223
12310
12320
12330
12301
12302
12303
12011
12012
12013
12021
12022
12023
12031
12032
12033
120011
120012
120013
1200210
1200220
1200230
1200201
1200202
1200203
120031
120032
120033
1200011
1200012
1200013
1200021
1200022
1200023
1200031
1200032
1200033
12000011
12000012
12000013
12000021
12000022
12000023
12000031
12000032
12000033
100111
100112
100113
100121
100122
100123
100131
100132
100133
100221
100222
100223
100231
100232
100233
100311
100312
100313
100321
100322
100323
100331
100332
100333
12311
12312
12313
12321
12322
12323
12331
12332
12333
1200211
1200212
1200213
1200221
1200222
1200223
1200231
1200232
1200233
3000000
310
320000
330
30100
30200
30300
30010
30020
30030
3000100
300020
300030
3000010
3000020
3000030
3000001
3000002
3000003
311
312
313
3210
3220
3230
32010
320200
32030
3200100
320020
320030
320001
320002
320003
331
332
333
30110
30120
30130
30101
30102
30103
30210
30220
30230
30201
30202
30203
30310
30320
30330
30301
30302
30303
30011
30012
30013
30021
30022
30023
30031
30032
30033
3000110
3000120
3000130
3000101
3000102
3000103
300021
300022
300023
300031
300032
300033
3000011
3000012
3000013
3000021
3000022
3000023
3000031
3000032
3000033
3211
3212
3213
3221
3222
3223
3231
3232
3233
32011
32012
32013
320210
320220
32023
320201
320202
320203
32031
32032
32033
3200110
3200120
3200130
3200101
3200102
3200103
320021
320022
320023
320031
320032
320033
30111
30112
30113
30121
30122
30123
30131
30132
30133
30211
30212
30213
30221
30222
30223
30231
30232
30233
30311
30312
30313
30321
30322
30323
30331
30332
30333
3000111
3000112
3000113
3000121
3000122
3000123
3000131
3000132
3000133
320211
320212
320213
320221
320222
320223
3200111
3200112
3200113
3200121
3200122
3200123
3200131
3200132
3200133
