0000102000100010010203030
000010200010001001020303112100020
000010200010001001020303112100021011020111203010131302111030
000010200010001001020303112100021011020111203010131302111031220
000010200010001001020303112100021011020111203010131302111031221222023120
000010200010001001020303112100021011020111203010131302111031221222023121
0000102000100010010203031121000210110201112030101313021110312212220231222113021230
0000102000100010010203031121000210110201112030101313021110312212220231222113021231310111
0000102000100010010203031121000210110201112030101313021110312212220231222113021231310112
0000102000100010010203031121000210110201112030101313021110312212220231222113021231310113220232212231232
000010200010001001020303112100021011020111203010131302111031221222023122211302123131011322023221223123320
000010200010001001020303112100021011020111203010131302111031221222023122211302123131011322023221223123321
000010200010001001020303112100021011020111203010131302111031221222023122211302123131011322023221223123322
000010200010001001020303112100021011020111203010131302111031221222023122211302123131011322023221223123323
000010200010001001020303112100021011020111203010131302111031221222023122211302123131011322023221223123330
000010200010001001020303112100021011020111203010131302111031221222023122211302123131011322023221223123331
000010200010001001020303112100021011020111203010131302111031221222023122211302123131011322023221223123332
000010200010001001020303112100021011020111203010131302111031221222023122211302123131011322023221223123333
0000102000100010010203031121000210110201112030101313021110312212220231222113021231310113220232212231303230
0000102000100010010203031121000210110201112030101313021110312212220231222113021231310113220232212231303231
0000102000100010010203031121000210110201112030101313021110312212220231222113021231310113220232212231303232
0000102000100010010203031121000210110201112030101313021110312212220231222113021231310113220232212231303233
00001020001000100102030311210002101102011120301013130211103122122202312221130212313101132202322122313033
000010200010001001020303112100021011020111203010131302111031221222023122211302123131011322023221223131
000010200010001001020303112100021011020111203010131302111031221222023122211302123131011322023221223132
000010200010001001020303112100021011020111203010131302111031221222023122211302123131011322023221223133
000010200010001001020303112100021011020111203010131302111031221222023122211302123131011322023221232
000010200010001001020303112100021011020111203010131302111031221222023122211302123131011322023221233
0000102000100010010203031121000210110201112030101313021110312212220231222113021231310113220232213
0000102000100010010203031121000210110201112030101313021110312212220231222113021231310113220233
00001020001000100102030311210002101102011120301013130211103122122202312221130212313101132203
000010200010001001020303112100021011020111203010131302111031221222023122211302123131011323
00001020001000100102030311210002101102011120301013130211103122122202312221130212313101133
00001020001000100102030311210002101102011120301013130211103122122202312221130212313102
00001020001000100102030311210002101102011120301013130211103122122202312221130212313103
00001020001000100102030311210002101102011120301013130211103122122202312221130213
00001020001000100102030311210002101102011120301013130211103122122202313
00001020001000100102030311210002101102011120301013130211103122122203
000010200010001001020303112100021011020111203010131303
0000102000100010010203032
0000102000100010010203033
000010200010001001021
000010200010001001022
000010200010001001023
0000102000100010011
0000102000100010012
0000102000100010013
00001020001001
00001020001002
00001020001003
200000001020001010203030
200000001020001010203031121000101011020203020
200000001020001010203031121000101011020203021112030101313021110
20000000102000101020303112100010101102020302111203010131302111121302122202213120
20000000102000101020303112100010101102020302111203010131302111121302122202213121
200000001020001010203031121000101011020203021112030101313021111213021222022131223122230
200000001020001010203031121000101011020203021112030101313021111213021222022131223122231310111
200000001020001010203031121000101011020203021112030101313021111213021222022131223122231310112
200000001020001010203031121000101011020203021112030101313021111213021222022131223122231310113221223123233230
200000001020001010203031121000101011020203021112030101313021111213021222022131223122231310113221223123233231
200000001020001010203031121000101011020203021112030101313021111213021222022131223122231310113221223123233232
200000001020001010203031121000101011020203021112030101313021111213021222022131223122231310113221223123233233320
200000001020001010203031121000101011020203021112030101313021111213021222022131223122231310113221223123233233321
200000001020001010203031121000101011020203021112030101313021111213021222022131223122231310113221223123233233322
200000001020001010203031121000101011020203021112030101313021111213021222022131223122231310113221223123233233323
200000001020001010203031121000101011020203021112030101313021111213021222022131223122231310113221223123233233330
200000001020001010203031121000101011020203021112030101313021111213021222022131223122231310113221223123233233331
200000001020001010203031121000101011020203021112030101313021111213021222022131223122231310113221223123233233332
200000001020001010203031121000101011020203021112030101313021111213021222022131223122231310113221223123233233333
20000000102000101020303112100010101102020302111203010131302111121302122202213122312223131011322122312323332
20000000102000101020303112100010101102020302111203010131302111121302122202213122312223131011322122312323333
2000000010200010102030311210001010110202030211120301013130211112130212220221312231222313101132212231303
200000001020001010203031121000101011020203021112030101313021111213021222022131223122231310113221223131
200000001020001010203031121000101011020203021112030101313021111213021222022131223122231310113221223132
200000001020001010203031121000101011020203021112030101313021111213021222022131223122231310113221223133
200000001020001010203031121000101011020203021112030101313021111213021222022131223122231310113221232
200000001020001010203031121000101011020203021112030101313021111213021222022131223122231310113221233
2000000010200010102030311210001010110202030211120301013130211112130212220221312231222313101132213
20000000102000101020303112100010101102020302111203010131302111121302122202213122312223131011323
2000000010200010102030311210001010110202030211120301013130211112130212220221312231222313102
2000000010200010102030311210001010110202030211120301013130211112130212220221312231222313103
2000000010200010102030311210001010110202030211120301013130211112130212220221313
20000000102000101020303112100010101102020302111203010131302111121302122203
20000000102000101020303112100010101102020302111203010131303
2000000010200010102030311210001010110203
200000001020001010203032
200000001020001010203033
20000000102000101021
20000000102000101022
20000000102000101023
200000001020001011
200000001020001012
200000001020001013
20001
20002
20003
100010200010000112100010010203030
100010200010000112100010010203031310110201112020
100010200010000112100010010203031310110201112021302111030301220
100010200010000112100010010203031310110201112021302111030301221222023120
100010200010000112100010010203031310110201112021302111030301221222023121
1000102000100001121000100102030313101102011120213021110303012212220231222113021230
1000102000100001121000100102030313101102011120213021110303012212220231222113021231310111
1000102000100001121000100102030313101102011120213021110303012212220231222113021231310112
1000102000100001121000100102030313101102011120213021110303012212220231222113021231310113220231
1000102000100001121000100102030313101102011120213021110303012212220231222113021231310113220232212231232
100010200010000112100010010203031310110201112021302111030301221222023122211302123131011322023221223123320
100010200010000112100010010203031310110201112021302111030301221222023122211302123131011322023221223123321
100010200010000112100010010203031310110201112021302111030301221222023122211302123131011322023221223123322
100010200010000112100010010203031310110201112021302111030301221222023122211302123131011322023221223123323
100010200010000112100010010203031310110201112021302111030301221222023122211302123131011322023221223123330
100010200010000112100010010203031310110201112021302111030301221222023122211302123131011322023221223123331
100010200010000112100010010203031310110201112021302111030301221222023122211302123131011322023221223123332
100010200010000112100010010203031310110201112021302111030301221222023122211302123131011322023221223123333
1000102000100001121000100102030313101102011120213021110303012212220231222113021231310113220232212231303230
1000102000100001121000100102030313101102011120213021110303012212220231222113021231310113220232212231303231
1000102000100001121000100102030313101102011120213021110303012212220231222113021231310113220232212231303232
1000102000100001121000100102030313101102011120213021110303012212220231222113021231310113220232212231303233
10001020001000011210001001020303131011020111202130211103030122122202312221130212313101132202322122313033
100010200010000112100010010203031310110201112021302111030301221222023122211302123131011322023221223131
100010200010000112100010010203031310110201112021302111030301221222023122211302123131011322023221223132
100010200010000112100010010203031310110201112021302111030301221222023122211302123131011322023221223133
100010200010000112100010010203031310110201112021302111030301221222023122211302123131011322023221232
100010200010000112100010010203031310110201112021302111030301221222023122211302123131011322023221233
1000102000100001121000100102030313101102011120213021110303012212220231222113021231310113220232213
1000102000100001121000100102030313101102011120213021110303012212220231222113021231310113220233
10001020001000011210001001020303131011020111202130211103030122122202312221130212313101132203
100010200010000112100010010203031310110201112021302111030301221222023122211302123131011323
10001020001000011210001001020303131011020111202130211103030122122202312221130212313101133
10001020001000011210001001020303131011020111202130211103030122122202312221130212313102
10001020001000011210001001020303131011020111202130211103030122122202312221130212313103
10001020001000011210001001020303131011020111202130211103030122122202312221130213
10001020001000011210001001020303131011020111202130211103030122122202313
10001020001000011210001001020303131011020111202130211103030122122203
100010200010000112100010010203031310110201112021303
100010200010000112100010010203032
100010200010000112100010010203033
10001020001000011210001001021
10001020001000011210001001022
10001020001000011210001001023
100010200010000112100010011
100010200010000112100010012
100010200010000112100010013
10001020001001
10001020001002
10001020001003
30000102000100010010203030
3000010200010001001020303112100020
3000010200010001001020303112100021011020111203010131302111030
3000010200010001001020303112100021011020111203010131302111031220
3000010200010001001020303112100021011020111203010131302111031221222023120
3000010200010001001020303112100021011020111203010131302111031221222023121
30000102000100010010203031121000210110201112030101313021110312212220231222113021231310111
30000102000100010010203031121000210110201112030101313021110312212220231222113021231310112
30000102000100010010203031121000210110201112030101313021110312212220231222113021231310113220232212231232
3000010200010001001020303112100021011020111203010131302111031221222023122211302123131011322023221223123320
3000010200010001001020303112100021011020111203010131302111031221222023122211302123131011322023221223123321
3000010200010001001020303112100021011020111203010131302111031221222023122211302123131011322023221223123322
3000010200010001001020303112100021011020111203010131302111031221222023122211302123131011322023221223123323
3000010200010001001020303112100021011020111203010131302111031221222023122211302123131011322023221223123330
3000010200010001001020303112100021011020111203010131302111031221222023122211302123131011322023221223123331
3000010200010001001020303112100021011020111203010131302111031221222023122211302123131011322023221223123332
3000010200010001001020303112100021011020111203010131302111031221222023122211302123131011322023221223123333
30000102000100010010203031121000210110201112030101313021110312212220231222113021231310113220232212231303230
30000102000100010010203031121000210110201112030101313021110312212220231222113021231310113220232212231303231
30000102000100010010203031121000210110201112030101313021110312212220231222113021231310113220232212231303232
30000102000100010010203031121000210110201112030101313021110312212220231222113021231310113220232212231303233
300001020001000100102030311210002101102011120301013130211103122122202312221130212313101132202322122313033
3000010200010001001020303112100021011020111203010131302111031221222023122211302123131011322023221223131
3000010200010001001020303112100021011020111203010131302111031221222023122211302123131011322023221223132
3000010200010001001020303112100021011020111203010131302111031221222023122211302123131011322023221223133
3000010200010001001020303112100021011020111203010131302111031221222023122211302123131011322023221232
3000010200010001001020303112100021011020111203010131302111031221222023122211302123131011322023221233
30000102000100010010203031121000210110201112030101313021110312212220231222113021231310113220232213
30000102000100010010203031121000210110201112030101313021110312212220231222113021231310113220233
300001020001000100102030311210002101102011120301013130211103122122202312221130212313101132203
3000010200010001001020303112100021011020111203010131302111031221222023122211302123131011323
300001020001000100102030311210002101102011120301013130211103122122202312221130212313101133
300001020001000100102030311210002101102011120301013130211103122122202312221130212313102
300001020001000100102030311210002101102011120301013130211103122122202312221130212313103
300001020001000100102030311210002101102011120301013130211103122122202312221130213
300001020001000100102030311210002101102011120301013130211103122122202313
300001020001000100102030311210002101102011120301013130211103122122203
3000010200010001001020303112100021011020111203010131303
30000102000100010010203032
30000102000100010010203033
3000010200010001001021
3000010200010001001022
3000010200010001001023
30000102000100010011
30000102000100010012
30000102000100010013
300001020001001
300001020001002
300001020001003
