1000001010201120100110211120202211213020030
1000001010201120100110211120202211213020031312212210
1000001010201120100110211120202211213020031312212211
1000001010201120100110211120202211213020031312212212303032
1000001010201120100110211120202211213020031312212212303033222031330
1000001010201120100110211120202211213020031312212212303033222031331
1000001010201120100110211120202211213020031312212212303033222031332
1000001010201120100110211120202211213020031312212212303033222031333
10000010102011201001102111202022112130200313122122123030332220323133
10000010102011201001102111202022112130200313122122123030332220323230
10000010102011201001102111202022112130200313122122123030332220323231
10000010102011201001102111202022112130200313122122123030332220323232
10000010102011201001102111202022112130200313122122123030332220323233
100000101020112010011021112020221121302003131221221230303322203233
10000010102011201001102111202022112130200313122122123030332221
100000101020112010011021112020221121302003131221221230303322223
10000010102011201001102111202022112130200313122122123030332223
1000001010201120100110211120202211213020031312212213
10000010102011201001102111202022112130201
10000010102011201001102111202022112130202
10000010102011201001102111202022112130203
10000010102011201001102111202023
100000101020113
10000010103
00100000101020112010202110221111203020030
0010000010102011201020211022111120302003130303212212210
0010000010102011201020211022111120302003130303212212211
0010000010102011201020211022111120302003130303212212212312
00100000101020112010202110221111203020031303032122122123131
00100000101020112010202110221111203020031303032122122123132220
00100000101020112010202110221111203020031303032122122123132221330
00100000101020112010202110221111203020031303032122122123132221331
00100000101020112010202110221111203020031303032122122123132221332
00100000101020112010202110221111203020031303032122122123132221333
0010000010102011201020211022111120302003130303212212212313222231323230
0010000010102011201020211022111120302003130303212212212313222231323231
0010000010102011201020211022111120302003130303212212212313222231323232
0010000010102011201020211022111120302003130303212212212313222231323233
00100000101020112010202110221111203020031303032122122123132222313233
001000001010201120102021102211112030200313030321221221231322223133
00100000101020112010202110221111203020031303032122122123132223
0010000010102011201020211022111120302003130303212212213
00100000101020112010202110221111203020031303033
001000001010201120102021102211112030201
001000001010201120102021102211112030202
001000001010201120102021102211112030203
0010000010102011201020211023
00100000101020113
0010000010103
20000101002020100101121102211112021220030
2000010100202010010112110221111202122003130210
2000010100202010010112110221111202122003130211
200001010020201001011211022111120212200313021212230323031312
2000010100202010010112110221111202122003130212122303230313131
2000010100202010010112110221111202122003130212122303230313132220323230
2000010100202010010112110221111202122003130212122303230313132220323231
2000010100202010010112110221111202122003130212122303230313132220323232
200001010020201001011211022111120212200313021212230323031313222032323330
200001010020201001011211022111120212200313021212230323031313222032323331
200001010020201001011211022111120212200313021212230323031313222032323332
200001010020201001011211022111120212200313021212230323031313222032323333
20000101002020100101121102211112021220031302121223032303131322203233
200001010020201001011211022111120212200313021212230323031313222033
20000101002020100101121102211112021220031302121223032303131322213
2000010100202010010112110221111202122003130212122303230313132222
2000010100202010010112110221111202122003130212122303230313132223
20000101002020100101121102211112021220031302121223033
2000010100202010010112110221111202122003130213
200001010020201001011211022111120212201
200001010020201001011211022111120212202
200001010020201001011211022111120212203
200001010020201001011211023
2000010100202010010113
20000101003
300001001001010201120200211030
300001001001010201120200211031120202211130303212212210
300001001001010201120200211031120202211130303212212211
300001001001010201120200211031120202211130303212212212312
3000010010010102011202002110311202022111303032122122123131
30000100100101020112020021103112020221113030321221221231322203231330
30000100100101020112020021103112020221113030321221221231322203231331
30000100100101020112020021103112020221113030321221221231322203231332
300001001001010201120200211031120202211130303212212212313222032313333
3000010010010102011202002110311202022111303032122122123132220323230
3000010010010102011202002110311202022111303032122122123132220323231
3000010010010102011202002110311202022111303032122122123132220323232
3000010010010102011202002110311202022111303032122122123132220323233
30000100100101020112020021103112020221113030321221221231322203233
30000100100101020112020021103112020221113030321221221231322213
30000100100101020112020021103112020221113030321221221231322223
3000010010010102011202002110311202022111303032122122123132223
300001001001010201120200211031120202211130303212212213
3000010010010102011202002110311202022111303033
3000010010010102011202002110311202023
300001001001010201120201
300001001001010201120202
300001001001010201120203
30000100100101020113
3000010010010103
