10000010110010110100201202102030202120030220112130
10000010110010110100201202102030202120030220112131
10000010110010110100201202102030202120030220112132233
100000101100101101002012021020302021200302202
100000101100101101002012021020302021200302203
100000101100101101002012021020302021200302211111212131220031221030
100000101100101101002012021020302021200302211111212131220031221031
10000010110010110100201202102030202120030221111121213122003122103230322
1000001011001011010020120210203020212003022111112121312200312210323032333
1000001011001011010020120210203020212003022111112121312200312210323130
10000010110010110100201202102030202120030221111121213122003122103231313230133
100000101100101101002012021020302021200302211111212131220031221032313132302232311
100000101100101101002012021020302021200302211111212131220031221032313132302232312
100000101100101101002012021020302021200302211111212131220031221032313132302232313
100000101100101101002012021020302021200302211111212131220031221032313132302232320
100000101100101101002012021020302021200302211111212131220031221032313132302232321
100000101100101101002012021020302021200302211111212131220031221032313132302232322
10000010110010110100201202102030202120030221111121213122003122103231313230223232332
10000010110010110100201202102030202120030221111121213122003122103231313230223232333
100000101100101101002012021020302021200302211111212131220031221032313132302232330
100000101100101101002012021020302021200302211111212131220031221032313132302232331
100000101100101101002012021020302021200302211111212131220031221032313132302232332
100000101100101101002012021020302021200302211111212131220031221032313132302232333
100000101100101101002012021020302021200302211111212131220031221032313132303
100000101100101101002012021020302021200302211111212131220031222
100000101100101101002012021020302021200302211111212131220031223
1000001011001011010020120210203020212003022111112121312200313
100000101100101101002012021020302021200302211111213
100000101100101101002012021020303
30000101100002002101012030101102031111200212102030220112130
30000101100002002101012030101102031111200212102030220112131
30000101100002002101012030101102031111200212102030220112132233
300001011000020021010120301011020311112002121020302202
300001011000020021010120301011020311112002121020302203
30000101100002002101012030101102031111200212102030221122013030
30000101100002002101012030101102031111200212102030221122013031312210
3000010110000200210101203010110203111120021210203022112201303131221131
3000010110000200210101203010110203111120021210203022112201303131221132312
30000101100002002101012030101102031111200212102030221122013031312211323133
3000010110000200210101203010110203111120021210203022112201303131221132320
3000010110000200210101203010110203111120021210203022112201303131221132321
3000010110000200210101203010110203111120021210203022112201303131221132322232330
3000010110000200210101203010110203111120021210203022112201303131221132322232331
3000010110000200210101203010110203111120021210203022112201303131221132322232332
3000010110000200210101203010110203111120021210203022112201303131221132322232333
30000101100002002101012030101102031111200212102030221122013031312211323222330321
30000101100002002101012030101102031111200212102030221122013031312211323222330322313
3000010110000200210101203010110203111120021210203022112201303131221132322233032232
3000010110000200210101203010110203111120021210203022112201303131221132322233032233
3000010110000200210101203010110203111120021210203022112201303131221132322233032332
3000010110000200210101203010110203111120021210203022112201303131221132322233032333
3000010110000200210101203010110203111120021210203022112201303131221132323
3000010110000200210101203010110203111120021210203022112201303131222
3000010110000200210101203010110203111120021210203022112201303131223
3000010110000200210101203010110203111120021210203022112202
3000010110000200210101203010110203111120021210203022112203
3000010110000200210101203010110203111120021210203022113
300001011000020021010120301011020311112002121020302212
300001011000020021010120301011020311112002121020302213
30000101100002002101012030101102031111200212103
0000010110001101002012021020301021201120302202130
0000010110001101002012021020301021201120302202131
0000010110001101002012021020301021201120302202132233
0000010110001101002012021020301021201120302203
00000101100011010020120210203010212011203022102
00000101100011010020120210203010212011203022103
0000010110001101002012021020301021201120302211111212131220031221030
0000010110001101002012021020301021201120302211111212131220031221031
000001011000110100201202102030102120112030221111121213122003122103230322
00000101100011010020120210203010212011203022111112121312200312210323032333
00000101100011010020120210203010212011203022111112121312200312210323130
000001011000110100201202102030102120112030221111121213122003122103231313230133
0000010110001101002012021020301021201120302211111212131220031221032313132302232311
0000010110001101002012021020301021201120302211111212131220031221032313132302232312
0000010110001101002012021020301021201120302211111212131220031221032313132302232313
0000010110001101002012021020301021201120302211111212131220031221032313132302232320
0000010110001101002012021020301021201120302211111212131220031221032313132302232321
0000010110001101002012021020301021201120302211111212131220031221032313132302232322
000001011000110100201202102030102120112030221111121213122003122103231313230223232332
000001011000110100201202102030102120112030221111121213122003122103231313230223232333
0000010110001101002012021020301021201120302211111212131220031221032313132302232330
0000010110001101002012021020301021201120302211111212131220031221032313132302232331
0000010110001101002012021020301021201120302211111212131220031221032313132302232332
0000010110001101002012021020301021201120302211111212131220031221032313132302232333
0000010110001101002012021020301021201120302211111212131220031221032313132303
0000010110001101002012021020301021201120302211111212131220031222
0000010110001101002012021020301021201120302211111212131220031223
00000101100011010020120210203010212011203022111112121312200313
0000010110001101002012021020301021201120302211111213
20000101100002002101012030101102031111200212102030220112130
20000101100002002101012030101102031111200212102030220112131
20000101100002002101012030101102031111200212102030220112132233
200001011000020021010120301011020311112002121020302202
200001011000020021010120301011020311112002121020302203
200001011000020021010120301011020311112002121020302211221030
200001011000020021010120301011020311112002121020302211221031312220
20000101100002002101012030101102031111200212102030221122103131222130
2000010110000200210101203010110203111120021210203022112210313122213132301
2000010110000200210101203010110203111120021210203022112210313122213132302232311
2000010110000200210101203010110203111120021210203022112210313122213132302232312
20000101100002002101012030101102031111200212102030221122103131222131323022323133
2000010110000200210101203010110203111120021210203022112210313122213132302232322
200001011000020021010120301011020311112002121020302211221031312221313230223232330321
200001011000020021010120301011020311112002121020302211221031312221313230223232330322313
20000101100002002101012030101102031111200212102030221122103131222131323022323233032232
20000101100002002101012030101102031111200212102030221122103131222131323022323233032233
20000101100002002101012030101102031111200212102030221122103131222131323022323233032332
20000101100002002101012030101102031111200212102030221122103131222131323022323233032333
2000010110000200210101203010110203111120021210203022112210313122213132302232330
2000010110000200210101203010110203111120021210203022112210313122213132302232331
2000010110000200210101203010110203111120021210203022112210313122213132302232332
2000010110000200210101203010110203111120021210203022112210313122213132302232333
2000010110000200210101203010110203111120021210203022112210313122213132303
20000101100002002101012030101102031111200212102030221122103131223
2000010110000200210101203010110203111120021210203022113
200001011000020021010120301011020311112002121020302212
200001011000020021010120301011020311112002121020302213
20000101100002002101012030101102031111200212103
