0010000100101020201100300211101202030
0010000100101020201100300211101202031113020
0010000100101020201100300211101202031113021
001000010010102020110030021110120203111302230
001000010010102020110030021110120203111302231212
00100001001010202011003002111012020311130223121321310332233
00100001001010202011003002111012020311130223121321311121
00100001001010202011003002111012020311130223121321311122
00100001001010202011003002111012020311130223121321311123
00100001001010202011003002111012020311130223121321311131
00100001001010202011003002111012020311130223121321311132
00100001001010202011003002111012020311130223121321311133
00100001001010202011003002111012020311130223121321312
00100001001010202011003002111012020311130223121321313
00100001001010202011003002111012020311130223121321320
00100001001010202011003002111012020311130223121321321
00100001001010202011003002111012020311130223121321322
00100001001010202011003002111012020311130223121321323
001000010010102020110030021110120203111302231213213300100102003020
001000010010102020110030021110120203111302231213213300100102003021
001000010010102020110030021110120203111302231213213300100102003022
001000010010102020110030021110120203111302231213213300100102003023
00100001001010202011003002111012020311130223121321330010010200303020
00100001001010202011003002111012020311130223121321330010010200303021112
00100001001010202011003002111012020311130223121321330010010200303021113
00100001001010202011003002111012020311130223121321330010010200303021122103122
00100001001010202011003002111012020311130223121321330010010200303021122103123132
001000010010102020110030021110120203111302231213213300100102003030211221031231332
001000010010102020110030021110120203111302231213213300100102003030211221031231333012
001000010010102020110030021110120203111302231213213300100102003030211221031231333013
0010000100101020201100300211101202031113022312132133001001020030302112210312313330220
0010000100101020201100300211101202031113022312132133001001020030302112210312313330221
0010000100101020201100300211101202031113022312132133001001020030302112210312313330222
0010000100101020201100300211101202031113022312132133001001020030302112210312313330223
0010000100101020201100300211101202031113022312132133001001020030302112210312313330230301
0010000100101020201100300211101202031113022312132133001001020030302112210312313330230302
00100001001010202011003002111012020311130223121321330010010200303021122103123133302303031
00100001001010202011003002111012020311130223121321330010010200303021122103123133302303032
001000010010102020110030021110120203111302231213213300100102003030211221031231333023030331311
00100001001010202011003002111012020311130223121321330010010200303021122103123133302303033131223
001000010010102020110030021110120203111302231213213300100102003030211221031231333023030331313
00100001001010202011003002111012020311130223121321330010010200303021122103123133302303033132
001000010010102020110030021110120203111302231213213300100102003030211221031231333023030331331
001000010010102020110030021110120203111302231213213300100102003030211221031231333023030331332
001000010010102020110030021110120203111302231213213300100102003030211221031231333023030331333
001000010010102020110030021110120203111302231213213300100102003030211221031231333023030332
001000010010102020110030021110120203111302231213213300100102003030211221031231333023030333
00100001001010202011003002111012020311130223121321330010010200303021123
0010000100101020201100300211101202031113022312132133001001020030303
001000010010102020110030021110120203111302231213213300100103
30010000100101020201100300211101202031113020
30010000100101020201100300211101202031113021
3001000010010102020110030021110120203111302230
3001000010010102020110030021110120203111302231212
300100001001010202011003002111012020311130223121321310332233
300100001001010202011003002111012020311130223121321311121
300100001001010202011003002111012020311130223121321311122
300100001001010202011003002111012020311130223121321311123
300100001001010202011003002111012020311130223121321311131
300100001001010202011003002111012020311130223121321311132
300100001001010202011003002111012020311130223121321311133
300100001001010202011003002111012020311130223121321312
300100001001010202011003002111012020311130223121321313
300100001001010202011003002111012020311130223121321320
300100001001010202011003002111012020311130223121321321
300100001001010202011003002111012020311130223121321322
300100001001010202011003002111012020311130223121321323
3001000010010102020110030021110120203111302231213213300100102003020
3001000010010102020110030021110120203111302231213213300100102003021
3001000010010102020110030021110120203111302231213213300100102003022
3001000010010102020110030021110120203111302231213213300100102003023
300100001001010202011003002111012020311130223121321330010010200303020
300100001001010202011003002111012020311130223121321330010010200303021112
300100001001010202011003002111012020311130223121321330010010200303021113
300100001001010202011003002111012020311130223121321330010010200303021122103122
300100001001010202011003002111012020311130223121321330010010200303021122103123132
3001000010010102020110030021110120203111302231213213300100102003030211221031231332
3001000010010102020110030021110120203111302231213213300100102003030211221031231333012
3001000010010102020110030021110120203111302231213213300100102003030211221031231333013
30010000100101020201100300211101202031113022312132133001001020030302112210312313330220
30010000100101020201100300211101202031113022312132133001001020030302112210312313330221
30010000100101020201100300211101202031113022312132133001001020030302112210312313330222
30010000100101020201100300211101202031113022312132133001001020030302112210312313330223
30010000100101020201100300211101202031113022312132133001001020030302112210312313330230301
30010000100101020201100300211101202031113022312132133001001020030302112210312313330230302
300100001001010202011003002111012020311130223121321330010010200303021122103123133302303031
300100001001010202011003002111012020311130223121321330010010200303021122103123133302303032
3001000010010102020110030021110120203111302231213213300100102003030211221031231333023030331311
300100001001010202011003002111012020311130223121321330010010200303021122103123133302303033131223
3001000010010102020110030021110120203111302231213213300100102003030211221031231333023030331313
300100001001010202011003002111012020311130223121321330010010200303021122103123133302303033132
3001000010010102020110030021110120203111302231213213300100102003030211221031231333023030331331
3001000010010102020110030021110120203111302231213213300100102003030211221031231333023030331332
3001000010010102020110030021110120203111302231213213300100102003030211221031231333023030331333
3001000010010102020110030021110120203111302231213213300100102003030211221031231333023030332
3001000010010102020110030021110120203111302231213213300100102003030211221031231333023030333
300100001001010202011003002111012020311130223121321330010010200303021123
30010000100101020201100300211101202031113022312132133001001020030303
3001000010010102020110030021110120203111302231213213300100103
100001001010202011003002111012001113020
100001001010202011003002111012001113021
100001001010202011003002111012001113022302030
100001001010202011003002111012001113022302031212
1000010010102020110030021110120011130223020312131310321
100001001010202011003002111012001113022302031213131032232
100001001010202011003002111012001113022302031213131032233
100001001010202011003002111012001113022302031213131033
1000010010102020110030021110120011130223020312131311121
1000010010102020110030021110120011130223020312131311122
1000010010102020110030021110120011130223020312131311123
1000010010102020110030021110120011130223020312131311131
1000010010102020110030021110120011130223020312131311132
1000010010102020110030021110120011130223020312131311133
1000010010102020110030021110120011130223020312131312
1000010010102020110030021110120011130223020312131313
1000010010102020110030021110120011130223020312131320
1000010010102020110030021110120011130223020312131321
1000010010102020110030021110120011130223020312131322
1000010010102020110030021110120011130223020312131323
10000100101020201100300211101200111302230203121313300100102003020
10000100101020201100300211101200111302230203121313300100102003021
10000100101020201100300211101200111302230203121313300100102003022
10000100101020201100300211101200111302230203121313300100102003023
1000010010102020110030021110120011130223020312131330010010200303020
1000010010102020110030021110120011130223020312131330010010200303021112
1000010010102020110030021110120011130223020312131330010010200303021113
1000010010102020110030021110120011130223020312131330010010200303021122103122
1000010010102020110030021110120011130223020312131330010010200303021122103123132
10000100101020201100300211101200111302230203121313300100102003030211221031231332
10000100101020201100300211101200111302230203121313300100102003030211221031231333012
10000100101020201100300211101200111302230203121313300100102003030211221031231333013
100001001010202011003002111012001113022302031213133001001020030302112210312313330220
100001001010202011003002111012001113022302031213133001001020030302112210312313330221
100001001010202011003002111012001113022302031213133001001020030302112210312313330222
100001001010202011003002111012001113022302031213133001001020030302112210312313330223
100001001010202011003002111012001113022302031213133001001020030302112210312313330230301
100001001010202011003002111012001113022302031213133001001020030302112210312313330230302
1000010010102020110030021110120011130223020312131330010010200303021122103123133302303031
1000010010102020110030021110120011130223020312131330010010200303021122103123133302303032
10000100101020201100300211101200111302230203121313300100102003030211221031231333023030331311
1000010010102020110030021110120011130223020312131330010010200303021122103123133302303033131223
10000100101020201100300211101200111302230203121313300100102003030211221031231333023030331313
1000010010102020110030021110120011130223020312131330010010200303021122103123133302303033132
10000100101020201100300211101200111302230203121313300100102003030211221031231333023030331331
10000100101020201100300211101200111302230203121313300100102003030211221031231333023030331332
10000100101020201100300211101200111302230203121313300100102003030211221031231333023030331333
10000100101020201100300211101200111302230203121313300100102003030211221031231333023030332
10000100101020201100300211101200111302230203121313300100102003030211221031231333023030333
1000010010102020110030021110120011130223020312131330010010200303021123
100001001010202011003002111012001113022302031213133001001020030303
10000100101020201100300211101200111302230203121313300100103
200100001001010202011003002111012021113020
200100001001010202011003002111012021113021
2001000010010102020110030021110120211130223030
2001000010010102020110030021110120211130223031212
2001000010010102020110030021110120211130223031213131032232
2001000010010102020110030021110120211130223031213131032233
2001000010010102020110030021110120211130223031213131033
20010000100101020201100300211101202111302230312131311121
20010000100101020201100300211101202111302230312131311122
20010000100101020201100300211101202111302230312131311123
20010000100101020201100300211101202111302230312131311131
20010000100101020201100300211101202111302230312131311132
20010000100101020201100300211101202111302230312131311133
20010000100101020201100300211101202111302230312131312
20010000100101020201100300211101202111302230312131313
20010000100101020201100300211101202111302230312131320
20010000100101020201100300211101202111302230312131321
20010000100101020201100300211101202111302230312131322
20010000100101020201100300211101202111302230312131323
200100001001010202011003002111012021113022303121313300100102003020
200100001001010202011003002111012021113022303121313300100102003021
200100001001010202011003002111012021113022303121313300100102003022
200100001001010202011003002111012021113022303121313300100102003023
20010000100101020201100300211101202111302230312131330010010200303020
20010000100101020201100300211101202111302230312131330010010200303021112
20010000100101020201100300211101202111302230312131330010010200303021113
20010000100101020201100300211101202111302230312131330010010200303021122103122
20010000100101020201100300211101202111302230312131330010010200303021122103123132
200100001001010202011003002111012021113022303121313300100102003030211221031231332
200100001001010202011003002111012021113022303121313300100102003030211221031231333012
200100001001010202011003002111012021113022303121313300100102003030211221031231333013
2001000010010102020110030021110120211130223031213133001001020030302112210312313330220
2001000010010102020110030021110120211130223031213133001001020030302112210312313330221
2001000010010102020110030021110120211130223031213133001001020030302112210312313330222
2001000010010102020110030021110120211130223031213133001001020030302112210312313330223
2001000010010102020110030021110120211130223031213133001001020030302112210312313330230301
2001000010010102020110030021110120211130223031213133001001020030302112210312313330230302
20010000100101020201100300211101202111302230312131330010010200303021122103123133302303031
20010000100101020201100300211101202111302230312131330010010200303021122103123133302303032
200100001001010202011003002111012021113022303121313300100102003030211221031231333023030331311
20010000100101020201100300211101202111302230312131330010010200303021122103123133302303033131223
200100001001010202011003002111012021113022303121313300100102003030211221031231333023030331313
20010000100101020201100300211101202111302230312131330010010200303021122103123133302303033132
200100001001010202011003002111012021113022303121313300100102003030211221031231333023030331331
200100001001010202011003002111012021113022303121313300100102003030211221031231333023030331332
200100001001010202011003002111012021113022303121313300100102003030211221031231333023030331333
200100001001010202011003002111012021113022303121313300100102003030211221031231333023030332
200100001001010202011003002111012021113022303121313300100102003030211221031231333023030333
20010000100101020201100300211101202111302230312131330010010200303021123
2001000010010102020110030021110120211130223031213133001001020030303
200100001001010202011003002111012021113022303121313300100103
