0,4,14,1,9,6,14
0,3,12,0
0,16,7,14
0,6
0,4,13,6
0,4,16
0,4,7
0,4,14,8,8
0,4,14,11,0
0,4,14,1,0
0,4,14,1,12
0,4,14,1,9,18,13
0,4,14,1,9,12
0,4,14,1,9,6,19,3
0,4,14,1,9,6,7
0,4,14,1,9,6,16
0,3,9
0,3,11
0,3,18
0,3,12,12
0,3,12,17,16
0,16,5,16
0,16,12
0,16,16
0,16,7,11
0,16,7,15,8
0,16,7,17
0,4,13,18
0,4,13,14
0,4,13,15
0,4,14,8,2,7
0,4,14,8,4
0,4,14,8,1
0,4,14,11,5
0,4,14,11,6
0,4,14,11,2
0,4,14,1,9,18,18
0,4,14,1,9,18,6
0,4,14,1,9,18,16
0,4,14,1,9,6,19,17
0,4,14,1,9,6,19,14
0,4,14,1,9,6,19,5
0,3,12,17,12
0,3,12,17,19
0,3,12,17,11
0,16,5,18
0,16,5,5
0,16,7,15,3
0,16,7,15,15
0,16,7,15,10,4
0,4,14,8,2,15
0,4,14,8,2,3
0,4,14,8,2,14
0,16,7,15,10,11
0,16,7,15,10,16
