20000000
2100
220000
230
20100
202000
20300
20010
20020
20030
200010
200020
200030
200001000
2000020
2000030
2000001000
20000020
20000030
20000001
20000002
20000003
2110
2120
2130
2101
2102
2103
2210
2220
2230
22010
2202
22030
220010
220020
220030
220001
220002
220003
231
232
233
20110
20120
201300
20101
20102
20103
20210
20220
202300
202010
202020
202030
202001
202002
202003
20310
20320
20330
20301
20302
20303
20011
20012
20013
20021
20022
20023
20031
20032
20033
200011
200012
200013
200021
200022
200023
200031
200032
200033
20000110
20000120
20000130
200001010
200001020
200001030
200001001
200001002
200001003
2000021
2000022
2000023
2000031
2000032
2000033
200000110
200000120
200000130
2000001010
2000001020
2000001030
2000001001
2000001002
2000001003
20000021
20000022
20000023
20000031
20000032
20000033
2111
2112
2113
2121
2122
2123
2131
2132
2133
2211
2212
2213
2221
2222
2223
2231
2232
2233
22011
22012
22013
22031
22032
22033
220011
220012
220013
220021
220022
220023
220031
220032
220033
20111
20112
20113
20121
20122
20123
201310
201320
201330
201301
201302
201303
20211
20212
20213
20221
20222
20223
202310
202320
202330
202301
202302
202303
202011
202012
202013
202021
202022
202023
202031
202032
202033
20311
20312
20313
20321
20322
20323
20331
20332
20333
20000111
20000112
20000113
20000121
20000122
20000123
20000131
20000132
20000133
200001011
200001012
200001013
200001021
200001022
200001023
200001031
200001032
200001033
200000111
200000112
200000113
200000121
200000122
200000123
200000131
200000132
200000133
2000001011
2000001012
2000001013
2000001021
2000001022
2000001023
2000001031
2000001032
2000001033
201311
201312
201313
201321
201322
201323
201331
201332
201333
202311
202312
202313
202321
202322
202323
202331
202332
202333
0000000
0100
02000
030
0010
00200
00300
00010
000200
00030
0000100
000020
000030
000001000
0000020
0000030
0000001
0000002
0000003
0110
0120
01300
0101
0102
0103
02100
0220
0230
02010
02020
020300
02001
02002
02003
031
032
033
0011
0012
0013
002100
00220
00230
00201
00202
00203
00310
00320
00330
003010
003020
003030
00011
00012
00013
000210
000220
000230
000201
000202
000203
00031
00032
00033
0000110
0000120
0000130
0000101
0000102
0000103
000021
000022
000023
000031
000032
000033
00000110
00000120
00000130
000001010
000001020
000001030
000001001
000001002
000001003
0000021
0000022
0000023
0000031
0000032
0000033
0111
0112
0113
0121
0122
0123
01310
01320
013300
01301
01302
01303
02110
02120
02130
02101
02102
02103
0221
0222
0223
0231
0232
0233
02011
02012
02013
02021
02022
02023
020310
020320
020330
020301
020302
020303
002110
002120
002130
002101
002102
002103
00221
00222
00223
00231
00232
00233
00311
00312
00313
00321
00322
00323
00331
00332
00333
003011
003012
003013
003021
003022
003023
003031
003032
003033
000211
000212
000213
000221
000222
000223
000231
000232
000233
0000111
0000112
0000113
0000121
0000122
0000123
0000131
0000132
0000133
00000111
00000112
00000113
00000121
00000122
00000123
00000131
00000132
00000133
000001011
000001012
000001013
000001021
000001022
000001023
000001031
000001032
000001033
01311
01312
01313
01321
01322
01323
013310
013320
013330
013301
013302
013303
02111
02112
02113
02121
02122
02123
02131
02132
02133
020311
020312
020313
020321
020322
020323
020331
020332
020333
002111
002112
002113
002121
002122
002123
002131
002132
002133
013311
013312
013313
013321
013322
013323
013331
013332
013333
1000000000
110
1200
13000
1010
1020000
1030
1001
10020
10030
100010
100020
100030
1000010
10000200
1000030
10000010
10000020
10000030
100000010
100000020
100000030
10000000100
1000000020
1000000030
1000000001
1000000002
1000000003
111
112
113
12100
1220
12300
1201
1202
1203
1310
1320
1330
13010
13020
130300
13001
13002
13003
1011
1012
1013
10210
10220
10230
102010
102020
102030
1020010
1020020
1020030
1020001
1020002
1020003
1031
1032
1033
10021
10022
10023
10031
10032
10033
100011
100012
100013
100021
100022
100023
100031
100032
100033
1000011
1000012
1000013
10000210
10000220
10000230
10000201
10000202
10000203
1000031
1000032
1000033
10000011
10000012
10000013
10000021
10000022
10000023
10000031
10000032
10000033
100000011
100000012
100000013
100000021
100000022
100000023
100000031
100000032
100000033
10000000110
10000000120
10000000130
10000000101
10000000102
10000000103
1000000021
1000000022
1000000023
1000000031
1000000032
1000000033
12110
12120
12130
12101
12102
12103
1221
1222
1223
12310
12320
12330
12301
12302
12303
1311
1312
1313
1321
1322
1323
1331
1332
1333
13011
13012
13013
13021
13022
13023
130310
130320
1303300
130301
130302
130303
10211
10212
10213
10221
10222
10223
10231
10232
10233
102011
102012
102013
102021
102022
102023
102031
102032
102033
1020011
1020012
1020013
1020021
1020022
1020023
1020031
1020032
1020033
10000211
10000212
10000213
10000221
10000222
10000223
10000231
10000232
10000233
10000000111
10000000112
10000000113
10000000121
10000000122
10000000123
10000000131
10000000132
10000000133
12111
12112
12113
12121
12122
12123
12131
12132
12133
12311
12312
12313
12321
12322
12323
12331
12332
12333
130311
130312
130313
130321
130322
130323
1303310
1303320
1303330
1303301
1303302
1303303
1303311
1303312
1303313
1303321
1303322
1303323
1303331
1303332
1303333
300000
31000000
3200
3300
3010
30200
30300
30010
30020
30030
30001000
300020
300030
300001
300002
300003
31100
3120
31300
31010
31020
31030
310010
310020
310030
3100010
3100020
310003
31000010
31000020
31000030
31000001
31000002
31000003
3210
32200
3230
3201
3202
3203
3310
3320
3330
3301
3302
3303
3011
3012
3013
302100
30220
30230
30201
30202
30203
30310
30320
30330
30301
30302
30303
30011
30012
30013
30021
30022
30023
30031
30032
30033
3000110
3000120
3000130
30001010
30001020
30001030
30001001
30001002
30001003
300021
300022
300023
300031
300032
300033
31110
31120
31130
31101
31102
31103
3121
3122
3123
31310
31320
31330
31301
31302
31303
31011
31012
31013
31021
31022
31023
31031
31032
31033
310011
310012
310013
310021
310022
310023
310031
310032
310033
3100011
3100012
3100013
3100021
3100022
3100023
31000011
31000012
31000013
31000021
31000022
31000023
31000031
31000032
31000033
3211
3212
3213
32210
32220
322300
32201
32202
32203
3231
3232
3233
3311
3312
3313
3321
3322
3323
3331
3332
3333
302110
302120
302130
302101
302102
302103
30221
30222
30223
30231
30232
30233
30311
30312
30313
30321
30322
30323
30331
30332
30333
3000111
3000112
3000113
3000121
3000122
3000123
3000131
3000132
3000133
30001011
30001012
30001013
30001021
30001022
30001023
30001031
30001032
30001033
31111
31112
31113
31121
31122
31123
31131
31132
31133
31311
31312
31313
31321
31322
31323
31331
31332
31333
32211
32212
32213
32221
32222
32223
322310
322320
322330
322301
322302
322303
302111
302112
302113
302121
302122
302123
302131
302132
302133
322311
322312
322313
322321
322322
322323
322331
322332
322333
