100001002003010011020120
10000100200301001102012130211030
10000100200301001102012130211031200321011122220231130
1000010020030100110201213021103120032101112222023113131
1000010020030100110201213021103120032101112222023113132301
1000010020030100110201213021103120032101112222023113132302
100001002003010011020121302110312003210111222202311313230332110
100001002003010011020121302110312003210111222202311313230332111
10000100200301001102012130211031200321011122220231131323033211212
10000100200301001102012130211031200321011122220231131323033211213322200
10000100200301001102012130211031200321011122220231131323033211213322201
10000100200301001102012130211031200321011122220231131323033211213322202
10000100200301001102012130211031200321011122220231131323033211213322203
10000100200301001102012130211031200321011122220231131323033211213322210
10000100200301001102012130211031200321011122220231131323033211213322211
10000100200301001102012130211031200321011122220231131323033211213322212
10000100200301001102012130211031200321011122220231131323033211213322213
100001002003010011020121302110312003210111222202311313230332112133222203
10000100200301001102012130211031200321011122220231131323033211213322221
1000010020030100110201213021103120032101112222023113132303321121332222230
1000010020030100110201213021103120032101112222023113132303321121332222231
1000010020030100110201213021103120032101112222023113132303321121332222232
100001002003010011020121302110312003210111222202311313230332112133222223331320
100001002003010011020121302110312003210111222202311313230332112133222223331321
100001002003010011020121302110312003210111222202311313230332112133222223331322301
1000010020030100110201213021103120032101112222023113132303321121332222233313223023
100001002003010011020121302110312003210111222202311313230332112133222223331322303312
100001002003010011020121302110312003210111222202311313230332112133222223331322303313230
100001002003010011020121302110312003210111222202311313230332112133222223331322303313231
100001002003010011020121302110312003210111222202311313230332112133222223331322303313232
100001002003010011020121302110312003210111222202311313230332112133222223331322303313233
1000010020030100110201213021103120032101112222023113132303321121332222233313223033133
10000100200301001102012130211031200321011122220231131323033211213322223
1000010020030100110201213021103120032101112222023113133
10000100200301001102012130211031200321011123
100001002003010011020121302110312003210112
100001002003010011020121302110312003210113
1000010020030100110201213021103120032102
1000010020030100110201213021103120032103
000001002010020110302110312010111203012130
00000100201002011030211031201011120301213130
00000100201002011030211031201011120301213131321
00000100201002011030211031201011120301213131322022300
00000100201002011030211031201011120301213131322022301
00000100201002011030211031201011120301213131322022302311
00000100201002011030211031201011120301213131322022302312
0000010020100201103021103120101112030121313132202230231321032
0000010020100201103021103120101112030121313132202230231321033321
0000010020100201103021103120101112030121313132202230231321033322200
0000010020100201103021103120101112030121313132202230231321033322201
0000010020100201103021103120101112030121313132202230231321033322202
0000010020100201103021103120101112030121313132202230231321033322203
0000010020100201103021103120101112030121313132202230231321033322210
0000010020100201103021103120101112030121313132202230231321033322211
0000010020100201103021103120101112030121313132202230231321033322212
0000010020100201103021103120101112030121313132202230231321033322213
00000100201002011030211031201011120301213131322022302313210333222203
0000010020100201103021103120101112030121313132202230231321033322221
000001002010020110302110312010111203012131313220223023132103332222230
000001002010020110302110312010111203012131313220223023132103332222231
000001002010020110302110312010111203012131313220223023132103332222232
000001002010020110302110312010111203012131313220223023132103332222233310
000001002010020110302110312010111203012131313220223023132103332222233311
0000010020100201103021103120101112030121313132202230231321033322222333123
00000100201002011030211031201011120301213131322022302313210333222223331320
00000100201002011030211031201011120301213131322022302313210333222223331321
00000100201002011030211031201011120301213131322022302313210333222223331322302
00000100201002011030211031201011120301213131322022302313210333222223331322303311
00000100201002011030211031201011120301213131322022302313210333222223331322303312
00000100201002011030211031201011120301213131322022302313210333222223331322303313230
00000100201002011030211031201011120301213131322022302313210333222223331322303313231
00000100201002011030211031201011120301213131322022302313210333222223331322303313232
00000100201002011030211031201011120301213131322022302313210333222223331322303313233
000001002010020110302110312010111203012131313220223023132103332222233313223033133
0000010020100201103021103120101112030121313132202230231321033322223
0000010020100201103021103120101112030121313133
0000010020100201103021103120101112030122
0000010020100201103021103120101112030123
000001002010020110302110312010112
000001002010020110302110312010113
0000010020100201103021103120102
0000010020100201103021103120103
200001002003010011020120
20000100200301001102012130211030
20000100200301001102012130211031200321011122220231130
2000010020030100110201213021103120032101112222023113131
2000010020030100110201213021103120032101112222023113132300
2000010020030100110201213021103120032101112222023113132301
2000010020030100110201213021103120032101112222023113132302
20000100200301001102012130211031200321011122220231131323033210
200001002003010011020121302110312003210111222202311313230332110
200001002003010011020121302110312003210111222202311313230332111
20000100200301001102012130211031200321011122220231131323033211212
20000100200301001102012130211031200321011122220231131323033211213322210
20000100200301001102012130211031200321011122220231131323033211213322211
20000100200301001102012130211031200321011122220231131323033211213322212
20000100200301001102012130211031200321011122220231131323033211213322213
200001002003010011020121302110312003210111222202311313230332112133222203
20000100200301001102012130211031200321011122220231131323033211213322221
2000010020030100110201213021103120032101112222023113132303321121332222230
2000010020030100110201213021103120032101112222023113132303321121332222231
2000010020030100110201213021103120032101112222023113132303321121332222232
200001002003010011020121302110312003210111222202311313230332112133222223331320
200001002003010011020121302110312003210111222202311313230332112133222223331321
200001002003010011020121302110312003210111222202311313230332112133222223331322301
2000010020030100110201213021103120032101112222023113132303321121332222233313223023
200001002003010011020121302110312003210111222202311313230332112133222223331322303312
200001002003010011020121302110312003210111222202311313230332112133222223331322303313230
200001002003010011020121302110312003210111222202311313230332112133222223331322303313231
200001002003010011020121302110312003210111222202311313230332112133222223331322303313232
200001002003010011020121302110312003210111222202311313230332112133222223331322303313233
2000010020030100110201213021103120032101112222023113132303321121332222233313223033133
20000100200301001102012130211031200321011122220231131323033211213322223
2000010020030100110201213021103120032101112222023113133
20000100200301001102012130211031200321011123
200001002003010011020121302110312003210112
200001002003010011020121302110312003210113
2000010020030100110201213021103120032102
2000010020030100110201213021103120032103
201
202
203
3000010100020110201203021102210111213030
30000101000201102012030211022101112130312003220331130
3000010100020110201203021102210111213031200322033113131
3000010100020110201203021102210111213031200322033113132300
3000010100020110201203021102210111213031200322033113132301
300001010002011020120302110221011121303120032203311313230232103
300001010002011020120302110221011121303120032203311313230232110
300001010002011020120302110221011121303120032203311313230232111
30000101000201102012030211022101112130312003220331131323023211212
30000101000201102012030211022101112130312003220331131323023211213322200
30000101000201102012030211022101112130312003220331131323023211213322201
30000101000201102012030211022101112130312003220331131323023211213322202
30000101000201102012030211022101112130312003220331131323023211213322203
30000101000201102012030211022101112130312003220331131323023211213322210
30000101000201102012030211022101112130312003220331131323023211213322211
30000101000201102012030211022101112130312003220331131323023211213322212
30000101000201102012030211022101112130312003220331131323023211213322213
30000101000201102012030211022101112130312003220331131323023211213322220
30000101000201102012030211022101112130312003220331131323023211213322221
3000010100020110201203021102210111213031200322033113132302321121332222231
3000010100020110201203021102210111213031200322033113132302321121332222232
300001010002011020120302110221011121303120032203311313230232112133222223331320
300001010002011020120302110221011121303120032203311313230232112133222223331321
300001010002011020120302110221011121303120032203311313230232112133222223331322301
3000010100020110201203021102210111213031200322033113132302321121332222233313223023
300001010002011020120302110221011121303120032203311313230232112133222223331322303312
300001010002011020120302110221011121303120032203311313230232112133222223331322303313230
300001010002011020120302110221011121303120032203311313230232112133222223331322303313231
300001010002011020120302110221011121303120032203311313230232112133222223331322303313232
300001010002011020120302110221011121303120032203311313230232112133222223331322303313233
3000010100020110201203021102210111213031200322033113132302321121332222233313223033133
30000101000201102012030211022101112130312003220331131323023211213322223
3000010100020110201203021102210111213031200322033113133
300001010002011020120302110221011122
300001010002011020120302110221011123
3000010100020110201203021102210112
3000010100020110201203021102210113
30000101000201102012030211022102
30000101000201102012030211022103
