0000
010000
020
0300
0010
00200
0030
00010
00020
000300
0110
0120
0130
010100
01020
01030
010010
010020
010030
010001
010002
010003
021
022
023
0310
0320
0330
0301
0302
0303
0011
0012
0013
00210
00220
00230
00201
00202
00203
0031
0032
0033
00011
00012
00013
00021
00022
00023
000310
000320
000330
000301
000302
000303
0111
0112
0113
0121
0122
0123
0131
0132
0133
010110
010120
010130
010101
010102
010103
01021
01022
01023
01031
01032
01033
010011
010012
010013
010021
010022
010023
010031
010032
010033
0311
0312
0313
0321
0322
0323
0331
0332
0333
00211
00212
00213
00221
00222
00223
00231
00232
00233
000311
000312
000313
000321
000322
000323
000331
000332
000333
010111
010112
010113
010121
010122
010123
010131
010132
010133
100000
1100
1200
130
1010
10200
1030
1001
10020
10030
10001000
100020
100030
100001
100002
100003
1110
1120
1130
1101
1102
1103
1210
1220
12300
1201
1202
1203
131
132
133
1011
1012
1013
10210
10220
10230
10201
10202
10203
1031
1032
1033
10021
10022
10023
10031
10032
10033
1000110
1000120
1000130
10001010
10001020
10001030
10001001
10001002
10001003
100021
100022
100023
100031
100032
100033
1111
1112
1113
1121
1122
1123
1131
1132
1133
1211
1212
1213
1221
1222
1223
12310
12320
12330
12301
12302
12303
10211
10212
10213
10221
10222
10223
10231
10232
10233
1000111
1000112
1000113
1000121
1000122
1000123
1000131
1000132
1000133
10001011
10001012
10001013
10001021
10001022
10001023
10001031
10001032
10001033
12311
12312
12313
12321
12322
12323
12331
12332
12333
200000
21000
220
2300
20100
202
20300
200100
20020
20030
200010
200020
200030
200001
200002
200003
2110
2120
2130
21010
21020
21030
21001
21002
21003
221
222
223
2310
2320
2330
2301
2302
2303
20110
20120
20130
20101
20102
20103
20310
20320
20330
20301
20302
20303
200110
200120
200130
200101
200102
200103
20021
20022
20023
20031
20032
20033
200011
200012
200013
200021
200022
200023
200031
200032
200033
2111
2112
2113
2121
2122
2123
2131
2132
2133
21011
21012
21013
21021
21022
21023
21031
21032
21033
2311
2312
2313
2321
2322
2323
2331
2332
2333
20111
20112
20113
20121
20122
20123
20131
20132
20133
20311
20312
20313
20321
20322
20323
20331
20332
20333
200111
200112
200113
200121
200122
200123
200131
200132
200133
300000
3100
3200
330
30100
30200
3030
30010
30020
3003
3000100
300020
300030
300001
300002
300003
3110
3120
31300
3101
3102
3103
3210
3220
3230
3201
3202
3203
331
332
333
30110
30120
30130
30101
30102
30103
30210
30220
30230
30201
30202
30203
3031
3032
3033
30011
30012
30013
30021
30022
30023
3000110
3000120
3000130
3000101
3000102
3000103
300021
300022
300023
300031
300032
300033
3111
3112
3113
3121
3122
3123
31310
31320
31330
31301
31302
31303
3211
3212
3213
3221
3222
3223
3231
3232
3233
30111
30112
30113
30121
30122
30123
30131
30132
30133
30211
30212
30213
30221
30222
30223
30231
30232
30233
3000111
3000112
3000113
3000121
3000122
3000123
3000131
3000132
3000133
31311
31312
31313
31321
31322
31323
31331
31332
31333
