200000
2100
22000
230
2010
2020
2030
20010
200200
20030000
2000100
200020
200030
200001
200002
200003
2110
21200
2130
2101
2102
2103
22100
2220
2230
22010
22020
22030
22001
22002
22003
231
232
233
2011
2012
2013
2021
2022
2023
2031
2032
2033
20011
20012
20013
2002100
20022
200230
200201
200202
200203
200310
200320
200330
2003010
2003020
2003030
20030010
20030020
20030030
20030001
20030002
20030003
2000110
20001200
2000130
2000101
2000102
2000103
200021
200022
200023
200031
200032
200033
2111
2112
2113
21210
21220
21230
21201
21202
21203
2131
2132
2133
22110
22120
22130
22101
22102
22103
2221
2222
2223
2231
2232
2233
22011
22012
22013
22021
22022
22023
22031
22032
22033
2002110
2002120
2002130
2002101
2002102
2002103
200231
200232
200233
200311
200312
200313
200321
200322
200323
200331
200332
200333
2003011
2003012
2003013
2003021
2003022
2003023
2003031
2003032
2003033
20030011
20030012
20030013
20030021
20030022
20030023
20030031
20030032
20030033
2000111
2000112
2000113
20001210
20001220
20001230
20001201
20001202
20001203
2000131
2000132
2000133
21211
21212
21213
21221
21222
21223
21231
21232
21233
22111
22112
22113
22121
22122
22123
22131
22132
22133
2002111
2002112
2002113
2002121
2002122
2002123
2002131
2002132
2002133
20001211
20001212
20001213
20001221
20001222
20001223
20001231
20001232
20001233
0000
01000
02000
030000
0010
0020000
0030
0001
0002
0003
0110
0120
0130
01010
01020
01030
01001
01002
01003
0210
0220
0230
020100
02020
02030
02001
02002
02003
0310
0320
0330
03010
03020
03030
030010
030020
030030
030001
030002
030003
0011
0012
0013
002100
00220
00230
002010
002020
002030
0020010
0020020
0020030
0020001
0020002
0020003
0031
0032
0033
0111
0112
0113
0121
0122
0123
0131
0132
0133
01011
01012
01013
01021
01022
01023
01031
01032
01033
0211
0212
0213
0221
0222
0223
023100
02320
02330
020110
020120
020130
020101
020102
020103
02021
02022
02023
02031
02032
02033
0311
0312
0313
0321
0322
0323
0331
0332
0333
03011
03012
03013
03021
03022
03023
03031
03032
03033
030011
030012
030013
030021
030022
030023
030031
030032
030033
002110
002120
002130
002101
002102
002103
00221
00222
00223
00231
00232
00233
002011
002012
002013
002021
002022
002023
002031
002032
002033
0020011
0020012
0020013
0020021
0020022
0020023
0020031
0020032
0020033
023110
023120
023130
023101
023102
023103
02321
02322
02323
02331
02332
02333
020111
020112
020113
020121
020122
020123
020131
020132
020133
002111
002112
002113
002121
002122
002123
002131
002132
002133
023111
023112
023113
023121
023122
023123
023131
023132
023133
1000000
11000
120
130
10100
1020
1030
10010
10020
10030
100010
1000200
100030000
10000100
1000020
1000030
1000001
1000002
1000003
11100
1120
1130
11010
110200
11030
11001
11002
11003
121
122
123
131
132
133
10110
10120
10130
10101
10102
10103
1021
1022
1023
1031
1032
1033
10011
10012
10013
10021
10022
10023
10031
10032
10033
100011
100012
100013
100021
1000220
1000230
1000201
1000202
1000203
1000310
1000320
1000330
10003010
10003020
10003030
100030010
100030020
100030030
100030001
100030002
100030003
10000110
100001200
10000130
10000101
10000102
10000103
1000021
1000022
1000023
1000031
1000032
1000033
11110
11120
11130
11101
11102
11103
1121
1122
1123
1131
1132
1133
11011
11012
11013
110210
110220
110230
110201
110202
110203
11031
11032
11033
10111
10112
10113
10121
10122
10123
10131
10132
10133
1000221
1000222
1000223
1000231
1000232
1000233
1000311
1000312
1000313
1000321
1000322
1000323
1000331
1000332
1000333
10003011
10003012
10003013
10003021
10003022
10003023
10003031
10003032
10003033
100030011
100030012
100030013
100030021
100030022
100030023
100030031
100030032
100030033
10000111
10000112
10000113
100001210
100001220
100001230
100001201
100001202
100001203
10000131
10000132
10000133
11111
11112
11113
11121
11122
11123
11131
11132
11133
110211
110212
110213
110221
110222
110223
110231
110232
110233
100001211
100001212
100001213
100001221
100001222
100001223
100001231
100001232
100001233
3000000
3100
320
33000
301000
302000
3030
300100
30020
30030
300010
300020
3000300
3000010
3000020
30000300
3000001
3000002
3000003
3110
3120
3130
3101
3102
3103
321
322
323
3310
3320
3330
33010
33020
33030
33001
33002
33003
30110
30120
30130
301010
301020
301030
301001
301002
301003
30210
30220
30230
302010
302020
302030
302001
302002
302003
3031
3032
3033
300110
300120
300130
300101
300102
300103
30021
30022
30023
30031
30032
30033
300011
300012
300013
300021
300022
300023
30003100
3000320
300033
3000301
3000302
3000303
3000011
3000012
3000013
3000021
3000022
3000023
30000310
30000320
30000330
30000301
30000302
30000303
3111
3112
3113
3121
3122
3123
3131
3132
3133
3311
3312
3313
3321
3322
3323
3331
3332
3333
33011
33012
33013
33021
33022
33023
33031
33032
33033
30111
30112
30113
30121
30122
30123
30131
30132
30133
301011
301012
301013
301021
301022
301023
301031
301032
301033
30211
30212
30213
30221
30222
30223
30231
30232
30233
302011
302012
302013
302021
302022
302023
302031
302032
302033
300111
300112
300113
300121
300122
300123
300131
300132
300133
30003110
30003120
30003130
30003101
30003102
30003103
3000321
3000322
3000323
30000311
30000312
30000313
30000321
30000322
30000323
30000331
30000332
30000333
30003111
30003112
30003113
30003121
30003122
30003123
30003131
30003132
30003133
