20000000010100101000101010202003020
20000000010100101000101010202003021020
20000000010100101000101010202003021021110111220302030300
2000000001010010100010101020200302102111011122030203030111210200131201
20000000010100101000101010202003021021110111220302030301112102001312021210030
200000000101001010001010102020030210211101112203020303011121020013120212100310
200000000101001010001010102020030210211101112203020303011121020013120212100311
20000000010100101000101010202003021021110111220302030301112102001312021210031222132020
2000000001010010100010101020200302102111011122030203030111210200131202121003122213202130
2000000001010010100010101020200302102111011122030203030111210200131202121003122213202131
2000000001010010100010101020200302102111011122030203030111210200131202121003122213202132312
20000000010100101000101010202003021021110111220302030301112102001312021210031222132021323133030
2000000001010010100010101020200302102111011122030203030111210200131202121003122213202132313303122
2000000001010010100010101020200302102111011122030203030111210200131202121003122213202132313303123
20000000010100101000101010202003021021110111220302030301112102001312021210031222132021323133031310
20000000010100101000101010202003021021110111220302030301112102001312021210031222132021323133031311
20000000010100101000101010202003021021110111220302030301112102001312021210031222132021323133031312230
20000000010100101000101010202003021021110111220302030301112102001312021210031222132021323133031312231
20000000010100101000101010202003021021110111220302030301112102001312021210031222132021323133031312232
20000000010100101000101010202003021021110111220302030301112102001312021210031222132021323133031312233
2000000001010010100010101020200302102111011122030203030111210200131202121003122213202132313303131232
200000000101001010001010102020030210211101112203020303011121020013120212100312221320213231330313123320
200000000101001010001010102020030210211101112203020303011121020013120212100312221320213231330313123321
200000000101001010001010102020030210211101112203020303011121020013120212100312221320213231330313123322
2000000001010010100010101020200302102111011122030203030111210200131202121003122213202132313303131233232
2000000001010010100010101020200302102111011122030203030111210200131202121003122213202132313303131233233
200000000101001010001010102020030210211101112203020303011121020013120212100312221320213231330313123330
200000000101001010001010102020030210211101112203020303011121020013120212100312221320213231330313123331302
200000000101001010001010102020030210211101112203020303011121020013120212100312221320213231330313123331303
2000000001010010100010101020200302102111011122030203030111210200131202121003122213202132313303131233313113
200000000101001010001010102020030210211101112203020303011121020013120212100312221320213231330313123331312
20000000010100101000101010202003021021110111220302030301112102001312021210031222132021323133031312333131323
20000000010100101000101010202003021021110111220302030301112102001312021210031222132021323133031312333131332
20000000010100101000101010202003021021110111220302030301112102001312021210031222132021323133031312333131333
2000000001010010100010101020200302102111011122030203030111210200131202121003122213202132313303131233313221
2000000001010010100010101020200302102111011122030203030111210200131202121003122213202132313303131233313222
2000000001010010100010101020200302102111011122030203030111210200131202121003122213202132313303131233313223
2000000001010010100010101020200302102111011122030203030111210200131202121003122213202132313303131233313231
2000000001010010100010101020200302102111011122030203030111210200131202121003122213202132313303131233313232
2000000001010010100010101020200302102111011122030203030111210200131202121003122213202132313303131233313233
20000000010100101000101010202003021021110111220302030301112102001312021210031222132021323133031312333133
2000000001010010100010101020200302102111011122030203030111210200131202121003122213202133
200000000101001010001010102020030210211101112203020303011121020013120212101
200000000101001010001010102020030210211101112203020303011121020013120212102
200000000101001010001010102020030210211101112203020303011121020013120212103
2000000001010010100010101020200302102111011122030203030111210200131202121101
2000000001010010100010101020200302102111011122030203030111210200131202121102
2000000001010010100010101020200302102111011122030203030111210200131202121103
2000000001010010100010101020200302102111011122030203030111210200131202121111
2000000001010010100010101020200302102111011122030203030111210200131202121112
2000000001010010100010101020200302102111011122030203030111210200131202121113
20000000010100101000101010202003021021110111220302030301112102001312021211213
2000000001010010100010101020200302102111011122030203030111210200131202121122203
200000000101001010001010102020030210211101112203020303011121020013120212112221
200000000101001010001010102020030210211101112203020303011121020013120212112222
200000000101001010001010102020030210211101112203020303011121020013120212112223
200000000101001010001010102020030210211101112203020303011121020013120212112230
200000000101001010001010102020030210211101112203020303011121020013120212112231
2000000001010010100010101020200302102111011122030203030111210200131202121122323
20000000010100101000101010202003021021110111220302030301112102001312021211223302
20000000010100101000101010202003021021110111220302030301112102001312021211223303
2000000001010010100010101020200302102111011122030203030111210200131202121122331121
2000000001010010100010101020200302102111011122030203030111210200131202121122331122
2000000001010010100010101020200302102111011122030203030111210200131202121122331123
2000000001010010100010101020200302102111011122030203030111210200131202121122331131
2000000001010010100010101020200302102111011122030203030111210200131202121122331132
2000000001010010100010101020200302102111011122030203030111210200131202121122331133
2000000001010010100010101020200302102111011122030203030111210200131202121122332
2000000001010010100010101020200302102111011122030203030111210200131202121122333
200000000101001010001010102020030210211101112203020303011121020013120212113
200000000101001010001010102020030210211101112203020303011121020013120212120
200000000101001010001010102020030210211101112203020303011121020013120212121
200000000101001010001010102020030210211101112203020303011121020013120212122
200000000101001010001010102020030210211101112203020303011121020013120212123
200000000101001010001010102020030210211101112203020303011121020013120212130
200000000101001010001010102020030210211101112203020303011121020013120212131
200000000101001010001010102020030210211101112203020303011121020013120212132
200000000101001010001010102020030210211101112203020303011121020013120212133
200000000101001010001010102020030210211101112203020303011121020013121
200000000101001010001010102020030210211101112203020303011121020013122
200000000101001010001010102020030210211101112203020303011121020013123
2000000001010010100010101020200302102111011122030203030111210201
2000000001010010100010101020200302102111011122030203030111210202
2000000001010010100010101020200302102111011122030203030111210203
20000000010100101000101010202003021021110111220303
200000000101001010001010102020030210211102
200000000101001010001010102020030210211103
200000000101001010001010102020030210211112
200000000101001010001010102020030210211113
0000000010100101000101010202010203020
0000000010100101000101010202010203021110111220302030300
0000000010100101000101010202010203021110111220302030301112102002121000
00000000101001010001010102020102030211101112203020303011121020021210013120222030
000000001010010100010101020201020302111011122030203030111210200212100131202220310
000000001010010100010101020201020302111011122030203030111210200212100131202220311
000000001010010100010101020201020302111011122030203030111210200212100131202220312312
0000000010100101000101010202010203021110111220302030301112102002121001312022203123132020
000000001010010100010101020201020302111011122030203030111210200212100131202220312313202130
000000001010010100010101020201020302111011122030203030111210200212100131202220312313202131
000000001010010100010101020201020302111011122030203030111210200212100131202220312313202132
0000000010100101000101010202010203021110111220302030301112102002121001312022203123132021333030
000000001010010100010101020201020302111011122030203030111210200212100131202220312313202133303121
000000001010010100010101020201020302111011122030203030111210200212100131202220312313202133303122
000000001010010100010101020201020302111011122030203030111210200212100131202220312313202133303123
0000000010100101000101010202010203021110111220302030301112102002121001312022203123132021333031310
0000000010100101000101010202010203021110111220302030301112102002121001312022203123132021333031311
0000000010100101000101010202010203021110111220302030301112102002121001312022203123132021333031312230
0000000010100101000101010202010203021110111220302030301112102002121001312022203123132021333031312231
0000000010100101000101010202010203021110111220302030301112102002121001312022203123132021333031312232
0000000010100101000101010202010203021110111220302030301112102002121001312022203123132021333031312233
000000001010010100010101020201020302111011122030203030111210200212100131202220312313202133303131232
00000000101001010001010102020102030211101112203020303011121020021210013120222031231320213330313123320
00000000101001010001010102020102030211101112203020303011121020021210013120222031231320213330313123321
00000000101001010001010102020102030211101112203020303011121020021210013120222031231320213330313123322
000000001010010100010101020201020302111011122030203030111210200212100131202220312313202133303131233232
000000001010010100010101020201020302111011122030203030111210200212100131202220312313202133303131233233
00000000101001010001010102020102030211101112203020303011121020021210013120222031231320213330313123330
00000000101001010001010102020102030211101112203020303011121020021210013120222031231320213330313123331303
000000001010010100010101020201020302111011122030203030111210200212100131202220312313202133303131233313113
00000000101001010001010102020102030211101112203020303011121020021210013120222031231320213330313123331312
0000000010100101000101010202010203021110111220302030301112102002121001312022203123132021333031312333131323
0000000010100101000101010202010203021110111220302030301112102002121001312022203123132021333031312333131332
0000000010100101000101010202010203021110111220302030301112102002121001312022203123132021333031312333131333
000000001010010100010101020201020302111011122030203030111210200212100131202220312313202133303131233313213
000000001010010100010101020201020302111011122030203030111210200212100131202220312313202133303131233313221
000000001010010100010101020201020302111011122030203030111210200212100131202220312313202133303131233313222
000000001010010100010101020201020302111011122030203030111210200212100131202220312313202133303131233313223
000000001010010100010101020201020302111011122030203030111210200212100131202220312313202133303131233313231
000000001010010100010101020201020302111011122030203030111210200212100131202220312313202133303131233313232
000000001010010100010101020201020302111011122030203030111210200212100131202220312313202133303131233313233
0000000010100101000101010202010203021110111220302030301112102002121001312022203123132021333031312333133
00000000101001010001010102020102030211101112203020303011121020021210013121
00000000101001010001010102020102030211101112203020303011121020021210013122
00000000101001010001010102020102030211101112203020303011121020021210013123
000000001010010100010101020201020302111011122030203030111210200212101
000000001010010100010101020201020302111011122030203030111210200212102
000000001010010100010101020201020302111011122030203030111210200212103
0000000010100101000101010202010203021110111220302030301112102002121101
0000000010100101000101010202010203021110111220302030301112102002121102
0000000010100101000101010202010203021110111220302030301112102002121103
0000000010100101000101010202010203021110111220302030301112102002121111
0000000010100101000101010202010203021110111220302030301112102002121112
0000000010100101000101010202010203021110111220302030301112102002121113
00000000101001010001010102020102030211101112203020303011121020021211213
0000000010100101000101010202010203021110111220302030301112102002121122203
000000001010010100010101020201020302111011122030203030111210200212112221
000000001010010100010101020201020302111011122030203030111210200212112222
000000001010010100010101020201020302111011122030203030111210200212112223
000000001010010100010101020201020302111011122030203030111210200212112230
000000001010010100010101020201020302111011122030203030111210200212112231
0000000010100101000101010202010203021110111220302030301112102002121122323
00000000101001010001010102020102030211101112203020303011121020021211223302
00000000101001010001010102020102030211101112203020303011121020021211223303
0000000010100101000101010202010203021110111220302030301112102002121122331121
0000000010100101000101010202010203021110111220302030301112102002121122331122
0000000010100101000101010202010203021110111220302030301112102002121122331123
0000000010100101000101010202010203021110111220302030301112102002121122331131
0000000010100101000101010202010203021110111220302030301112102002121122331132
0000000010100101000101010202010203021110111220302030301112102002121122331133
0000000010100101000101010202010203021110111220302030301112102002121122332
0000000010100101000101010202010203021110111220302030301112102002121122333
000000001010010100010101020201020302111011122030203030111210200212113
000000001010010100010101020201020302111011122030203030111210200212120
000000001010010100010101020201020302111011122030203030111210200212121
000000001010010100010101020201020302111011122030203030111210200212122
000000001010010100010101020201020302111011122030203030111210200212123
000000001010010100010101020201020302111011122030203030111210200212130
000000001010010100010101020201020302111011122030203030111210200212131
000000001010010100010101020201020302111011122030203030111210200212132
000000001010010100010101020201020302111011122030203030111210200212133
000000001010010100010101020201020302111011122030203030111210201
000000001010010100010101020201020302111011122030203030111210202
000000001010010100010101020201020302111011122030203030111210203
0000000010100101000101010202010203021110111220303
00000000101001010001010102020102030211102
00000000101001010001010102020102030211103
00000000101001010001010102020102030211112
00000000101001010001010102020102030211113
100000000100010101010100102020200303020
1000000001000101010101001020202003030210301112110203020
10000000010001010101010010202020030302103011121102030213111101120
1000000001000101010101001020202003030210301112110203021311110112120012131200
1000000001000101010101001020202003030210301112110203021311110112120012131201
100000000100010101010100102020200303021030111211020302131111011212001213120222030
1000000001000101010101001020202003030210301112110203021311110112120012131202220310
1000000001000101010101001020202003030210301112110203021311110112120012131202220311
1000000001000101010101001020202003030210301112110203021311110112120012131202220312322
10000000010001010101010010202020030302103011121102030213111101121200121312022203123232030
100000000100010101010100102020200303021030111211020302131111011212001213120222031232320312
10000000010001010101010010202020030302103011121102030213111101121200121312022203123232031311
10000000010001010101010010202020030302103011121102030213111101121200121312022203123232031312130
10000000010001010101010010202020030302103011121102030213111101121200121312022203123232031312131
10000000010001010101010010202020030302103011121102030213111101121200121312022203123232031312132
1000000001000101010101001020202003030210301112110203021311110112120012131202220312323203131213330
1000000001000101010101001020202003030210301112110203021311110112120012131202220312323203131213331
1000000001000101010101001020202003030210301112110203021311110112120012131202220312323203131213332230
1000000001000101010101001020202003030210301112110203021311110112120012131202220312323203131213332231
1000000001000101010101001020202003030210301112110203021311110112120012131202220312323203131213332232
1000000001000101010101001020202003030210301112110203021311110112120012131202220312323203131213332233
10000000010001010101010010202020030302103011121102030213111101121200121312022203123232031312133323320
10000000010001010101010010202020030302103011121102030213111101121200121312022203123232031312133323321
10000000010001010101010010202020030302103011121102030213111101121200121312022203123232031312133323322
100000000100010101010100102020200303021030111211020302131111011212001213120222031232320313121333233232
100000000100010101010100102020200303021030111211020302131111011212001213120222031232320313121333233233
10000000010001010101010010202020030302103011121102030213111101121200121312022203123232031312133323330
10000000010001010101010010202020030302103011121102030213111101121200121312022203123232031312133323331302
10000000010001010101010010202020030302103011121102030213111101121200121312022203123232031312133323331303
10000000010001010101010010202020030302103011121102030213111101121200121312022203123232031312133323331312
1000000001000101010101001020202003030210301112110203021311110112120012131202220312323203131213332333131322
1000000001000101010101001020202003030210301112110203021311110112120012131202220312323203131213332333131323
1000000001000101010101001020202003030210301112110203021311110112120012131202220312323203131213332333131332
1000000001000101010101001020202003030210301112110203021311110112120012131202220312323203131213332333131333
100000000100010101010100102020200303021030111211020302131111011212001213120222031232320313121333233313213
100000000100010101010100102020200303021030111211020302131111011212001213120222031232320313121333233313221
100000000100010101010100102020200303021030111211020302131111011212001213120222031232320313121333233313222
100000000100010101010100102020200303021030111211020302131111011212001213120222031232320313121333233313223
100000000100010101010100102020200303021030111211020302131111011212001213120222031232320313121333233313233
1000000001000101010101001020202003030210301112110203021311110112120012131202220312323203131213332333133
10000000010001010101010010202020030302103011121102030213111101121200121312022203123232031313
100000000100010101010100102020200303021030111211020302131111011212001213121
100000000100010101010100102020200303021030111211020302131111011212001213122
100000000100010101010100102020200303021030111211020302131111011212001213123
10000000010001010101010010202020030302103011121102030213111101121201
10000000010001010101010010202020030302103011121102030213111101121202
10000000010001010101010010202020030302103011121102030213111101121203
100000000100010101010100102020200303021030111211020302131111011212100
100000000100010101010100102020200303021030111211020302131111011212101
100000000100010101010100102020200303021030111211020302131111011212102
100000000100010101010100102020200303021030111211020302131111011212103
1000000001000101010101001020202003030210301112110203021311110112121101
1000000001000101010101001020202003030210301112110203021311110112121102
1000000001000101010101001020202003030210301112110203021311110112121103
1000000001000101010101001020202003030210301112110203021311110112121111
1000000001000101010101001020202003030210301112110203021311110112121112
1000000001000101010101001020202003030210301112110203021311110112121113
100000000100010101010100102020200303021030111211020302131111011212112220230
100000000100010101010100102020200303021030111211020302131111011212112220231
1000000001000101010101001020202003030210301112110203021311110112121122202323
10000000010001010101010010202020030302103011121102030213111101121211222023302
10000000010001010101010010202020030302103011121102030213111101121211222023303
1000000001000101010101001020202003030210301112110203021311110112121122202331121
1000000001000101010101001020202003030210301112110203021311110112121122202331122
1000000001000101010101001020202003030210301112110203021311110112121122202331123
1000000001000101010101001020202003030210301112110203021311110112121122202331131
1000000001000101010101001020202003030210301112110203021311110112121122202331132
1000000001000101010101001020202003030210301112110203021311110112121122202331133
1000000001000101010101001020202003030210301112110203021311110112121122202332
1000000001000101010101001020202003030210301112110203021311110112121122202333
1000000001000101010101001020202003030210301112110203021311110112121122203
100000000100010101010100102020200303021030111211020302131111011212112221
100000000100010101010100102020200303021030111211020302131111011212112222
100000000100010101010100102020200303021030111211020302131111011212112223
100000000100010101010100102020200303021030111211020302131111011212113
100000000100010101010100102020200303021030111211020302131111011212120
100000000100010101010100102020200303021030111211020302131111011212121
100000000100010101010100102020200303021030111211020302131111011212122
100000000100010101010100102020200303021030111211020302131111011212123
100000000100010101010100102020200303021030111211020302131111011212130
100000000100010101010100102020200303021030111211020302131111011212131
100000000100010101010100102020200303021030111211020302131111011212132
100000000100010101010100102020200303021030111211020302131111011212133
1000000001000101010101001020202003030210301112110203021311110113
10000000010001010101010010202020030302103011121102030213111102
10000000010001010101010010202020030302103011121102030213111103
10000000010001010101010010202020030302103011121102030213111112
10000000010001010101010010202020030302103011121102030213111113
100000000100010101010100102020200303021030111211020303
3000000010100101000101010202003020
3000000010100101000101010202003021020
3000000010100101000101010202003021021110111220302030300
300000001010010100010101020200302102111011122030203030111210200131200
300000001010010100010101020200302102111011122030203030111210200131201
3000000010100101000101010202003021021110111220302030301112102001312021210030
30000000101001010001010102020030210211101112203020303011121020013120212100310
30000000101001010001010102020030210211101112203020303011121020013120212100311
30000000101001010001010102020030210211101112203020303011121020013120212100312220
3000000010100101000101010202003021021110111220302030301112102001312021210031222132020
300000001010010100010101020200302102111011122030203030111210200131202121003122213202130
300000001010010100010101020200302102111011122030203030111210200131202121003122213202131
300000001010010100010101020200302102111011122030203030111210200131202121003122213202132312
3000000010100101000101010202003021021110111220302030301112102001312021210031222132021323133030
300000001010010100010101020200302102111011122030203030111210200131202121003122213202132313303122
300000001010010100010101020200302102111011122030203030111210200131202121003122213202132313303123
3000000010100101000101010202003021021110111220302030301112102001312021210031222132021323133031310
3000000010100101000101010202003021021110111220302030301112102001312021210031222132021323133031311
3000000010100101000101010202003021021110111220302030301112102001312021210031222132021323133031312231
3000000010100101000101010202003021021110111220302030301112102001312021210031222132021323133031312232
3000000010100101000101010202003021021110111220302030301112102001312021210031222132021323133031312233
300000001010010100010101020200302102111011122030203030111210200131202121003122213202132313303131232
30000000101001010001010102020030210211101112203020303011121020013120212100312221320213231330313123320
30000000101001010001010102020030210211101112203020303011121020013120212100312221320213231330313123321
30000000101001010001010102020030210211101112203020303011121020013120212100312221320213231330313123322
300000001010010100010101020200302102111011122030203030111210200131202121003122213202132313303131233232
300000001010010100010101020200302102111011122030203030111210200131202121003122213202132313303131233233
30000000101001010001010102020030210211101112203020303011121020013120212100312221320213231330313123330
30000000101001010001010102020030210211101112203020303011121020013120212100312221320213231330313123331302
30000000101001010001010102020030210211101112203020303011121020013120212100312221320213231330313123331303
300000001010010100010101020200302102111011122030203030111210200131202121003122213202132313303131233313113
30000000101001010001010102020030210211101112203020303011121020013120212100312221320213231330313123331312
3000000010100101000101010202003021021110111220302030301112102001312021210031222132021323133031312333131323
3000000010100101000101010202003021021110111220302030301112102001312021210031222132021323133031312333131332
3000000010100101000101010202003021021110111220302030301112102001312021210031222132021323133031312333131333
300000001010010100010101020200302102111011122030203030111210200131202121003122213202132313303131233313221
300000001010010100010101020200302102111011122030203030111210200131202121003122213202132313303131233313222
300000001010010100010101020200302102111011122030203030111210200131202121003122213202132313303131233313223
300000001010010100010101020200302102111011122030203030111210200131202121003122213202132313303131233313231
300000001010010100010101020200302102111011122030203030111210200131202121003122213202132313303131233313232
300000001010010100010101020200302102111011122030203030111210200131202121003122213202132313303131233313233
3000000010100101000101010202003021021110111220302030301112102001312021210031222132021323133031312333133
300000001010010100010101020200302102111011122030203030111210200131202121003122213202133
30000000101001010001010102020030210211101112203020303011121020013120212101
30000000101001010001010102020030210211101112203020303011121020013120212102
30000000101001010001010102020030210211101112203020303011121020013120212103
300000001010010100010101020200302102111011122030203030111210200131202121101
300000001010010100010101020200302102111011122030203030111210200131202121102
300000001010010100010101020200302102111011122030203030111210200131202121103
300000001010010100010101020200302102111011122030203030111210200131202121111
300000001010010100010101020200302102111011122030203030111210200131202121112
300000001010010100010101020200302102111011122030203030111210200131202121113
3000000010100101000101010202003021021110111220302030301112102001312021211213
300000001010010100010101020200302102111011122030203030111210200131202121122203
30000000101001010001010102020030210211101112203020303011121020013120212112221
30000000101001010001010102020030210211101112203020303011121020013120212112222
30000000101001010001010102020030210211101112203020303011121020013120212112223
30000000101001010001010102020030210211101112203020303011121020013120212112230
30000000101001010001010102020030210211101112203020303011121020013120212112231
300000001010010100010101020200302102111011122030203030111210200131202121122323
3000000010100101000101010202003021021110111220302030301112102001312021211223302
3000000010100101000101010202003021021110111220302030301112102001312021211223303
300000001010010100010101020200302102111011122030203030111210200131202121122331121
300000001010010100010101020200302102111011122030203030111210200131202121122331122
300000001010010100010101020200302102111011122030203030111210200131202121122331123
300000001010010100010101020200302102111011122030203030111210200131202121122331131
300000001010010100010101020200302102111011122030203030111210200131202121122331132
300000001010010100010101020200302102111011122030203030111210200131202121122331133
300000001010010100010101020200302102111011122030203030111210200131202121122332
300000001010010100010101020200302102111011122030203030111210200131202121122333
30000000101001010001010102020030210211101112203020303011121020013120212113
30000000101001010001010102020030210211101112203020303011121020013120212120
30000000101001010001010102020030210211101112203020303011121020013120212121
30000000101001010001010102020030210211101112203020303011121020013120212122
30000000101001010001010102020030210211101112203020303011121020013120212123
30000000101001010001010102020030210211101112203020303011121020013120212130
30000000101001010001010102020030210211101112203020303011121020013120212131
30000000101001010001010102020030210211101112203020303011121020013120212132
30000000101001010001010102020030210211101112203020303011121020013120212133
30000000101001010001010102020030210211101112203020303011121020013121
30000000101001010001010102020030210211101112203020303011121020013122
30000000101001010001010102020030210211101112203020303011121020013123
300000001010010100010101020200302102111011122030203030111210201
300000001010010100010101020200302102111011122030203030111210202
300000001010010100010101020200302102111011122030203030111210203
3000000010100101000101010202003021021110111220303
30000000101001010001010102020030210211102
30000000101001010001010102020030210211103
30000000101001010001010102020030210211112
30000000101001010001010102020030210211113
