200000000
2100
220
2300
2010
2020
2030
20010
2002
20030
20001000
200020
200030
2000010
2000020
2000030
20000010
20000020
20000030
200000010
200000020
200000030
200000001
200000002
200000003
2110
2120
21300
2101
2102
2103
221
222
223
2310
2320
2330
2301
2302
2303
2011
2012
2013
2021
2022
2023
2031
2032
2033
20011
20012
20013
20031
20032
20033
2000110
2000120
2000130
20001010
20001020
20001030
20001001
20001002
20001003
200021
200022
200023
200031
200032
200033
2000011
2000012
2000013
2000021
2000022
2000023
2000031
2000032
2000033
20000011
20000012
20000013
20000021
20000022
20000023
20000031
20000032
20000033
200000011
200000012
200000013
200000021
200000022
200000023
200000031
200000032
200000033
2111
2112
2113
2121
2122
2123
21310
21320
21330
21301
21302
21303
2311
2312
2313
2321
2322
2323
2331
2332
2333
2000111
2000112
2000113
2000121
2000122
2000123
2000131
2000132
2000133
20001011
20001012
20001013
20001021
20001022
20001023
20001031
20001032
20001033
21311
21312
21313
21321
21322
21323
21331
21332
21333
0000000
01000
020
030
00100
0020
0030
00010
00020
000300
000010
000020
000030
0000010
0000020
0000030
00000010
00000020
00000030
0110
0120
0130
01010
010200
01030
01001
01002
01003
021
022
023
031
032
033
00110
00120
001300
00101
00102
00103
0021
0022
0023
0031
0032
0033
00011
00012
00013
00021
00022
00023
000310
000320
000330
000301
000302
000303
000011
000012
000013
000021
000022
000023
000031
000032
000033
0000011
0000012
0000013
0000021
0000022
0000023
0000031
0000032
0000033
00000011
00000012
00000013
00000021
00000022
00000023
00000031
00000032
00000033
0111
0112
0113
0121
0122
0123
0131
0132
0133
01011
01012
01013
010210
010220
010230
010201
010202
010203
01031
01032
01033
00111
00112
00113
00121
00122
00123
001310
001320
001330
001301
001302
001303
000311
000312
000313
000321
000322
000323
000331
000332
000333
010211
010212
010213
010221
010222
010223
010231
010232
010233
001311
001312
001313
001321
001322
001323
001331
001332
001333
10000000
11000
120
130
10100
1020
1030
10010
10020
100300
100010
100020
100030
1000010
1000020
1000030
1000001
10000020
10000030
10000001
10000002
10000003
1110
1120
1130
11010
110200
11030
11001
11002
11003
121
122
123
131
132
133
10110
10120
101300
10101
10102
10103
1021
1022
1023
1031
1032
1033
10011
10012
10013
10021
10022
10023
100310
100320
100330
100301
100302
100303
100011
100012
100013
100021
100022
100023
100031
100032
100033
1000011
1000012
1000013
1000021
1000022
1000023
1000031
1000032
1000033
10000021
10000022
10000023
10000031
10000032
10000033
1111
1112
1113
1121
1122
1123
1131
1132
1133
11011
11012
11013
110210
110220
110230
110201
110202
110203
11031
11032
11033
10111
10112
10113
10121
10122
10123
101310
101320
101330
101301
101302
101303
100311
100312
100313
100321
100322
100323
100331
100332
100333
110211
110212
110213
110221
110222
110223
110231
110232
110233
101311
101312
101313
101321
101322
101323
101331
101332
101333
30000000
310
320
3300
3010
3020
303
3001000
30020
30030
3000100
300020
300030
3000010
3000020
3000030
30000010
30000020
30000030
30000001
30000002
30000003
311
312
313
321
322
323
3310
3320
33300
3301
3302
3303
3011
3012
3013
3021
3022
3023
300110
300120
300130
3001010
3001020
3001030
3001001
3001002
3001003
30021
30022
30023
30031
30032
30033
3000110
3000120
30001300
3000101
3000102
3000103
300021
300022
300023
300031
300032
300033
3000011
3000012
3000013
3000021
3000022
3000023
3000031
3000032
3000033
30000011
30000012
30000013
30000021
30000022
30000023
30000031
30000032
30000033
3311
3312
3313
3321
3322
3323
33310
33320
33330
33301
33302
33303
300111
300112
300113
300121
300122
300123
300131
300132
300133
3001011
3001012
3001013
3001021
3001022
3001023
3001031
3001032
3001033
3000111
3000112
3000113
3000121
3000122
3000123
30001310
30001320
30001330
30001301
30001302
30001303
33311
33312
33313
33321
33322
33323
33331
33332
33333
30001311
30001312
30001313
30001321
30001322
30001323
30001331
30001332
30001333
