20000000
210000
220
2300
2010
2020
2030
20010
20020
20030
200010
2000200
200030
20000100
200002
2000030
20000010
20000020
20000030
20000001
20000002
20000003
2110
2120
2130
21010
21020
21030
210010
210020
210030
210001
210002
210003
221
222
223
2310
2320
2330
2301
2302
2303
2011
2012
2013
2021
2022
2023
2031
2032
2033
20011
20012
20013
20021
20022
20023
20031
20032
20033
200011
200012
200013
2000210
2000220
2000230
2000201
2000202
2000203
200031
200032
200033
20000110
20000120
20000130
20000101
20000102
20000103
2000031
2000032
2000033
20000011
20000012
20000013
20000021
20000022
20000023
20000031
20000032
20000033
2111
2112
2113
2121
2122
2123
2131
2132
2133
21011
21012
21013
21021
21022
21023
21031
21032
21033
210011
210012
210013
210021
210022
210023
210031
210032
210033
2311
2312
2313
2321
2322
2323
2331
2332
2333
2000211
2000212
2000213
2000221
2000222
2000223
2000231
2000232
2000233
20000111
20000112
20000113
20000121
20000122
20000123
20000131
20000132
20000133
1000000
110
1200
1300
101000
1020
1030
10010
10020
10030
10001
100020000
100030
1000010
1000020
1000030
1000001
1000002
1000003
111
112
113
1210
1220
1230
1201
1202
1203
1310
1320
1330
1301
1302
1303
10110
10120
10130
101010
101020
101030
101001
101002
101003
1021
1022
1023
1031
1032
1033
10011
10012
10013
10021
10022
10023
10031
10032
10033
1000210
1000220
1000230
10002010
10002020
10002030
100020010
100020020
100020030
100020001
100020002
100020003
100031
100032
100033
1000011
1000012
1000013
1000021
1000022
1000023
1000031
1000032
1000033
1211
1212
1213
1221
1222
1223
1231
1232
1233
1311
1312
1313
1321
1322
1323
1331
1332
1333
10111
10112
10113
10121
10122
10123
10131
10132
10133
101011
101012
101013
101021
101022
101023
101031
101032
101033
1000211
1000212
1000213
1000221
1000222
1000223
1000231
1000232
1000233
10002011
10002012
10002013
10002021
10002022
10002023
10002031
10002032
10002033
100020011
100020012
100020013
100020021
100020022
100020023
100020031
100020032
100020033
000
010000
0200
0300
001
002
003
011000
0120
0130
01010
01020
01030
010010
010020
010030
01000100
01000200
0100030
0210
0220
0230
0201
0202
0203
0310
03200
0330
0301
0302
0303
01110
01120
01130
011010
011020
011030
011001
011002
011003
0121
0122
0123
0131
0132
0133
01011
01012
01013
01021
01022
01023
01031
01032
01033
010011
010012
010013
010021
010022
010023
010031
010032
010033
01000110
01000120
01000130
01000101
01000102
01000103
01000210
01000220
01000230
01000201
01000202
01000203
0100031
0100032
0100033
0211
0212
0213
0221
0222
0223
0231
0232
0233
0311
0312
0313
03210
03220
03230
03201
03202
03203
0331
0332
0333
01111
01112
01113
01121
01122
01123
01131
01132
01133
011011
011012
011013
011021
011022
011023
011031
011032
011033
01000111
01000112
01000113
01000121
01000122
01000123
01000131
01000132
01000133
01000211
01000212
01000213
01000221
01000222
01000223
01000231
01000232
01000233
03211
03212
03213
03221
03222
03223
03231
03232
03233
30000
310
3200
330
30100
3020000
303
30010
30020
300300
30001
30002
30003
311
312
313
321000
3220
3230
3201
3202
3203
331
332
333
30110
301200
30130
30101
30102
30103
30210
30220
30230
302010
302020
302030
3020010
3020020
3020030
3020001
3020002
3020003
30011
30012
30013
30021
30022
30023
300310
300320
300330
300301
300302
300303
32110
32120
32130
321010
321020
321030
321001
321002
321003
3221
3222
3223
3231
3232
3233
30111
30112
30113
301210
301220
301230
301201
301202
301203
30131
30132
30133
30211
30212
30213
30221
30222
30223
30231
30232
30233
302011
302012
302013
302021
302022
302023
302031
302032
302033
3020011
3020012
3020013
3020021
3020022
3020023
3020031
3020032
3020033
300311
300312
300313
300321
300322
300323
300331
300332
300333
32111
32112
32113
32121
32122
32123
32131
32132
32133
321011
321012
321013
321021
321022
321023
321031
321032
321033
301211
301212
301213
301221
301222
301223
301231
301232
301233
