2000000001010020030
20000000010100200311202100
2000000001010020031120210130010102201
20000000010100200311202101300101022023020310100000100101
20000000010100200311202101300101022023020310100000100102
20000000010100200311202101300101022023020310100000100103201020200330110
20000000010100200311202101300101022023020310100000100103201020200330111
20000000010100200311202101300101022023020310100000100103201020200330112
20000000010100200311202101300101022023020310100000100103201020200330113
20000000010100200311202101300101022023020310100000100103201020200330120
20000000010100200311202101300101022023020310100000100103201020200330121
20000000010100200311202101300101022023020310100000100103201020200330122
20000000010100200311202101300101022023020310100000100103201020200330123
200000000101002003112021013001010220230203101000001001032010202003301301011
200000000101002003112021013001010220230203101000001001032010202003301301012
200000000101002003112021013001010220230203101000001001032010202003301301013101
2000000001010020031120210130010102202302031010000010010320102020033013010131021030
2000000001010020031120210130010102202302031010000010010320102020033013010131021031
200000000101002003112021013001010220230203101000001001032010202003301301013102103220
200000000101002003112021013001010220230203101000001001032010202003301301013102103221
200000000101002003112021013001010220230203101000001001032010202003301301013102103222
2000000001010020031120210130010102202302031010000010010320102020033013010131021032232030300
20000000010100200311202101300101022023020310100000100103201020200330130101310210322320303011031
200000000101002003112021013001010220230203101000001001032010202003301301013102103223203030110320210
20000000010100200311202101300101022023020310100000100103201020200330130101310210322320303011032021111120
2000000001010020031120210130010102202302031010000010010320102020033013010131021032232030301103202111112120
2000000001010020031120210130010102202302031010000010010320102020033013010131021032232030301103202111112121
2000000001010020031120210130010102202302031010000010010320102020033013010131021032232030301103202111112122
2000000001010020031120210130010102202302031010000010010320102020033013010131021032232030301103202111112123
20000000010100200311202101300101022023020310100000100103201020200330130101310210322320303011032021111121302030
20000000010100200311202101300101022023020310100000100103201020200330130101310210322320303011032021111121302031130
20000000010100200311202101300101022023020310100000100103201020200330130101310210322320303011032021111121302031131
2000000001010020031120210130010102202302031010000010010320102020033013010131021032232030301103202111112130203113230
200000000101002003112021013001010220230203101000001001032010202003301301013102103223203030110320211111213020311323121
200000000101002003112021013001010220230203101000001001032010202003301301013102103223203030110320211111213020311323122
20000000010100200311202101300101022023020310100000100103201020200330130101310210322320303011032021111121302031132312330112
20000000010100200311202101300101022023020310100000100103201020200330130101310210322320303011032021111121302031132312330113120
20000000010100200311202101300101022023020310100000100103201020200330130101310210322320303011032021111121302031132312330113121
20000000010100200311202101300101022023020310100000100103201020200330130101310210322320303011032021111121302031132312330113122
2000000001010020031120210130010102202302031010000010010320102020033013010131021032232030301103202111112130203113231233011312330
2000000001010020031120210130010102202302031010000010010320102020033013010131021032232030301103202111112130203113231233011312331
200000000101002003112021013001010220230203101000001001032010202003301301013102103223203030110320211111213020311323123301131233211
200000000101002003112021013001010220230203101000001001032010202003301301013102103223203030110320211111213020311323123301131233212103
200000000101002003112021013001010220230203101000001001032010202003301301013102103223203030110320211111213020311323123301131233212111
20000000010100200311202101300101022023020310100000100103201020200330130101310210322320303011032021111121302031132312330113123321211220
2000000001010020031120210130010102202302031010000010010320102020033013010131021032232030301103202111112130203113231233011312332121122130
2000000001010020031120210130010102202302031010000010010320102020033013010131021032232030301103202111112130203113231233011312332121122131
2000000001010020031120210130010102202302031010000010010320102020033013010131021032232030301103202111112130203113231233011312332121122132
2000000001010020031120210130010102202302031010000010010320102020033013010131021032232030301103202111112130203113231233011312332121122133
2000000001010020031120210130010102202302031010000010010320102020033013010131021032232030301103202111112130203113231233011312332121122212
2000000001010020031120210130010102202302031010000010010320102020033013010131021032232030301103202111112130203113231233011312332121122213221
200000000101002003112021013001010220230203101000001001032010202003301301013102103223203030110320211111213020311323123301131233212112221322221
20000000010100200311202101300101022023020310100000100103201020200330130101310210322320303011032021111121302031132312330113123321211222132222230
20000000010100200311202101300101022023020310100000100103201020200330130101310210322320303011032021111121302031132312330113123321211222132222231
20000000010100200311202101300101022023020310100000100103201020200330130101310210322320303011032021111121302031132312330113123321211222132222232
20000000010100200311202101300101022023020310100000100103201020200330130101310210322320303011032021111121302031132312330113123321211222132222233
2000000001010020031120210130010102202302031010000010010320102020033013010131021032232030301103202111112130203113231233011312332121122213222233
20000000010100200311202101300101022023020310100000100103201020200330130101310210322320303011032021111121302031132312330113123321211222132223102
2000000001010020031120210130010102202302031010000010010320102020033013010131021032232030301103202111112130203113231233011312332121122213222310311
20000000010100200311202101300101022023020310100000100103201020200330130101310210322320303011032021111121302031132312330113123321211222132223103123322
20000000010100200311202101300101022023020310100000100103201020200330130101310210322320303011032021111121302031132312330113123321211222132223103123323
2000000001010020031120210130010102202302031010000010010320102020033013010131021032232030301103202111112130203113231233011312332121122213222310312333022
2000000001010020031120210130010102202302031010000010010320102020033013010131021032232030301103202111112130203113231233011312332121122213222310312333023
2000000001010020031120210130010102202302031010000010010320102020033013010131021032232030301103202111112130203113231233011312332121122213222310312333033
200000000101002003112021013001010220230203101000001001032010202003301301013102103223203030110320211111213020311323123301131233212112221322231031233311332
2000000001010020031120210130010102202302031010000010010320102020033013010131021032232030301103202111112130203113231233011312332121122213222310312333113331
20000000010100200311202101300101022023020310100000100103201020200330130101310210322320303011032021111121302031132312330113123321211222132223103123331133323
2000000001010020031120210130010102202302031010000010010320102020033013010131021032232030301103202111112130203113231233011312332121122213222310312333113333
200000000101002003112021013001010220230203101000001001032010202003301301013102103223203030110320211111213020311323123301131233212112221322231031233312
200000000101002003112021013001010220230203101000001001032010202003301301013102103223203030110320211111213020311323123301131233212112221322231031233313
2000000001010020031120210130010102202302031010000010010320102020033013010131021032232030301103202111112130203113231233011312332121122213222310312333213
200000000101002003112021013001010220230203101000001001032010202003301301013102103223203030110320211111213020311323123301131233212112221322231031233322
2000000001010020031120210130010102202302031010000010010320102020033013010131021032232030301103202111112130203113231233011312332121122213222310312333232
2000000001010020031120210130010102202302031010000010010320102020033013010131021032232030301103202111112130203113231233011312332121122213222310312333233
200000000101002003112021013001010220230203101000001001032010202003301301013102103223203030110320211111213020311323123301131233212112221322231031233332
200000000101002003112021013001010220230203101000001001032010202003301301013102103223203030110320211111213020311323123301131233212112221322231031233333
2000000001010020031120210130010102202302031010000010010320102020033013010131021032232030301103202111112130203113231233011312332121122213222310313
20000000010100200311202101300101022023020310100000100103201020200330130101310210322320303011032021111121302031132312330113123321211222132223111
20000000010100200311202101300101022023020310100000100103201020200330130101310210322320303011032021111121302031132312330113123321211222132223112
20000000010100200311202101300101022023020310100000100103201020200330130101310210322320303011032021111121302031132312330113123321211222132223113
200000000101002003112021013001010220230203101000001001032010202003301301013102103223203030110320211111213020311323123301131233212112221322231213
20000000010100200311202101300101022023020310100000100103201020200330130101310210322320303011032021111121302031132312330113123321211222132223122
20000000010100200311202101300101022023020310100000100103201020200330130101310210322320303011032021111121302031132312330113123321211222132223123202
20000000010100200311202101300101022023020310100000100103201020200330130101310210322320303011032021111121302031132312330113123321211222132223123203
2000000001010020031120210130010102202302031010000010010320102020033013010131021032232030301103202111112130203113231233011312332121122213222312321
2000000001010020031120210130010102202302031010000010010320102020033013010131021032232030301103202111112130203113231233011312332121122213222312322
2000000001010020031120210130010102202302031010000010010320102020033013010131021032232030301103202111112130203113231233011312332121122213222312323
2000000001010020031120210130010102202302031010000010010320102020033013010131021032232030301103202111112130203113231233011312332121122213222312330
2000000001010020031120210130010102202302031010000010010320102020033013010131021032232030301103202111112130203113231233011312332121122213222312331
2000000001010020031120210130010102202302031010000010010320102020033013010131021032232030301103202111112130203113231233011312332121122213222312332
2000000001010020031120210130010102202302031010000010010320102020033013010131021032232030301103202111112130203113231233011312332121122213222312333
20000000010100200311202101300101022023020310100000100103201020200330130101310210322320303011032021111121302031132312330113123321211222132223131
20000000010100200311202101300101022023020310100000100103201020200330130101310210322320303011032021111121302031132312330113123321211222132223132
20000000010100200311202101300101022023020310100000100103201020200330130101310210322320303011032021111121302031132312330113123321211222132223133
20000000010100200311202101300101022023020310100000100103201020200330130101310210322320303011032021111121302031132312330113123321211223
20000000010100200311202101300101022023020310100000100103201020200330130101310210322320303011032021111121302031132312330113123321212
20000000010100200311202101300101022023020310100000100103201020200330130101310210322320303011032021111121302031132312330113123321213
200000000101002003112021013001010220230203101000001001032010202003301301013102103223203030110320211111213020311323123302
200000000101002003112021013001010220230203101000001001032010202003301301013102103223203030110320211111213020311323123303
20000000010100200311202101300101022023020310100000100103201020200330130101310210322320303011032021112
20000000010100200311202101300101022023020310100000100103201020200330130101310210322320303011032021113
2000000001010020031120210130010102202302031010000010010320102020033013010131021032232030301103203
2000000001010020031120210130010102202302031010000010010320102020033013010131021032232030302
2000000001010020031120210130010102202302031010000010010320102020033013010131021032232030303
20000000010100200311202101300101022023020310100000100103201020201
20000000010100200311202101300101022023020310100000100103201020202
20000000010100200311202101300101022023020310100000100103201020203
20000000010100200311202101300102
20000000010100200311202101300103
00001000000001010020030
000010000000010100200311202100
00001000000001010020031120210130010102201
000010000000010100200311202101300101022023020310100100101
000010000000010100200311202101300101022023020310100100102
000010000000010100200311202101300101022023020310100100103201020200330110
000010000000010100200311202101300101022023020310100100103201020200330111
000010000000010100200311202101300101022023020310100100103201020200330112
000010000000010100200311202101300101022023020310100100103201020200330113
000010000000010100200311202101300101022023020310100100103201020200330120
000010000000010100200311202101300101022023020310100100103201020200330121
000010000000010100200311202101300101022023020310100100103201020200330122
000010000000010100200311202101300101022023020310100100103201020200330123
00001000000001010020031120210130010102202302031010010010320102020033013011011
00001000000001010020031120210130010102202302031010010010320102020033013011012
000010000000010100200311202101300101022023020310100100103201020200330130110131021030
000010000000010100200311202101300101022023020310100100103201020200330130110131021031
00001000000001010020031120210130010102202302031010010010320102020033013011013102103220
00001000000001010020031120210130010102202302031010010010320102020033013011013102103221
00001000000001010020031120210130010102202302031010010010320102020033013011013102103222
000010000000010100200311202101300101022023020310100100103201020200330130110131021032232030300
0000100000000101002003112021013001010220230203101001001032010202003301301101310210322320303011031
00001000000001010020031120210130010102202302031010010010320102020033013011013102103223203030110320201
0000100000000101002003112021013001010220230203101001001032010202003301301101310210322320303011032020230
0000100000000101002003112021013001010220230203101001001032010202003301301101310210322320303011032020231111120
000010000000010100200311202101300101022023020310100100103201020200330130110131021032232030301103202023111112120
000010000000010100200311202101300101022023020310100100103201020200330130110131021032232030301103202023111112121
000010000000010100200311202101300101022023020310100100103201020200330130110131021032232030301103202023111112122
000010000000010100200311202101300101022023020310100100103201020200330130110131021032232030301103202023111112123
0000100000000101002003112021013001010220230203101001001032010202003301301101310210322320303011032020231111121302030
000010000000010100200311202101300101022023020310100100103201020200330130110131021032232030301103202023111112130203121
000010000000010100200311202101300101022023020310100100103201020200330130110131021032232030301103202023111112130203122
00001000000001010020031120210130010102202302031010010010320102020033013011013102103223203030110320202311111213020312330212
00001000000001010020031120210130010102202302031010010010320102020033013011013102103223203030110320202311111213020312330213120
00001000000001010020031120210130010102202302031010010010320102020033013011013102103223203030110320202311111213020312330213121
00001000000001010020031120210130010102202302031010010010320102020033013011013102103223203030110320202311111213020312330213122
0000100000000101002003112021013001010220230203101001001032010202003301301101310210322320303011032020231111121302031233021312330
0000100000000101002003112021013001010220230203101001001032010202003301301101310210322320303011032020231111121302031233021312331
000010000000010100200311202101300101022023020310100100103201020200330130110131021032232030301103202023111112130203123302131233211
000010000000010100200311202101300101022023020310100100103201020200330130110131021032232030301103202023111112130203123302131233212103
000010000000010100200311202101300101022023020310100100103201020200330130110131021032232030301103202023111112130203123302131233212111
00001000000001010020031120210130010102202302031010010010320102020033013011013102103223203030110320202311111213020312330213123321211220
0000100000000101002003112021013001010220230203101001001032010202003301301101310210322320303011032020231111121302031233021312332121122130
0000100000000101002003112021013001010220230203101001001032010202003301301101310210322320303011032020231111121302031233021312332121122131
0000100000000101002003112021013001010220230203101001001032010202003301301101310210322320303011032020231111121302031233021312332121122132
0000100000000101002003112021013001010220230203101001001032010202003301301101310210322320303011032020231111121302031233021312332121122133
0000100000000101002003112021013001010220230203101001001032010202003301301101310210322320303011032020231111121302031233021312332121122221
000010000000010100200311202101300101022023020310100100103201020200330130110131021032232030301103202023111112130203123302131233212112222221
00001000000001010020031120210130010102202302031010010010320102020033013011013102103223203030110320202311111213020312330213123321211222222230
00001000000001010020031120210130010102202302031010010010320102020033013011013102103223203030110320202311111213020312330213123321211222222231
00001000000001010020031120210130010102202302031010010010320102020033013011013102103223203030110320202311111213020312330213123321211222222232
00001000000001010020031120210130010102202302031010010010320102020033013011013102103223203030110320202311111213020312330213123321211222222233
0000100000000101002003112021013001010220230203101001001032010202003301301101310210322320303011032020231111121302031233021312332121122222233
00001000000001010020031120210130010102202302031010010010320102020033013011013102103223203030110320202311111213020312330213123321211222223102
0000100000000101002003112021013001010220230203101001001032010202003301301101310210322320303011032020231111121302031233021312332121122222310311
00001000000001010020031120210130010102202302031010010010320102020033013011013102103223203030110320202311111213020312330213123321211222223103123321130
00001000000001010020031120210130010102202302031010010010320102020033013011013102103223203030110320202311111213020312330213123321211222223103123321131
00001000000001010020031120210130010102202302031010010010320102020033013011013102103223203030110320202311111213020312330213123321211222223103123321132
00001000000001010020031120210130010102202302031010010010320102020033013011013102103223203030110320202311111213020312330213123321211222223103123321133
000010000000010100200311202101300101022023020310100100103201020200330130110131021032232030301103202023111112130203123302131233212112222231031233212
0000100000000101002003112021013001010220230203101001001032010202003301301101310210322320303011032020231111121302031233021312332121122222310312332132
00001000000001010020031120210130010102202302031010010010320102020033013011013102103223203030110320202311111213020312330213123321211222223103123321332
000010000000010100200311202101300101022023020310100100103201020200330130110131021032232030301103202023111112130203123302131233212112222231031233213331
00001000000001010020031120210130010102202302031010010010320102020033013011013102103223203030110320202311111213020312330213123321211222223103123321333233022
00001000000001010020031120210130010102202302031010010010320102020033013011013102103223203030110320202311111213020312330213123321211222223103123321333233023
0000100000000101002003112021013001010220230203101001001032010202003301301101310210322320303011032020231111121302031233021312332121122222310312332133323303
00001000000001010020031120210130010102202302031010010010320102020033013011013102103223203030110320202311111213020312330213123321211222223103123321333233113
0000100000000101002003112021013001010220230203101001001032010202003301301101310210322320303011032020231111121302031233021312332121122222310312332133323312
00001000000001010020031120210130010102202302031010010010320102020033013011013102103223203030110320202311111213020312330213123321211222223103123321333233133
00001000000001010020031120210130010102202302031010010010320102020033013011013102103223203030110320202311111213020312330213123321211222223103123321333233213
0000100000000101002003112021013001010220230203101001001032010202003301301101310210322320303011032020231111121302031233021312332121122222310312332133323322
00001000000001010020031120210130010102202302031010010010320102020033013011013102103223203030110320202311111213020312330213123321211222223103123321333233232
00001000000001010020031120210130010102202302031010010010320102020033013011013102103223203030110320202311111213020312330213123321211222223103123321333233233
0000100000000101002003112021013001010220230203101001001032010202003301301101310210322320303011032020231111121302031233021312332121122222310312332133323332
0000100000000101002003112021013001010220230203101001001032010202003301301101310210322320303011032020231111121302031233021312332121122222310312332133323333
00001000000001010020031120210130010102202302031010010010320102020033013011013102103223203030110320202311111213020312330213123321211222223103123322
00001000000001010020031120210130010102202302031010010010320102020033013011013102103223203030110320202311111213020312330213123321211222223103123323
0000100000000101002003112021013001010220230203101001001032010202003301301101310210322320303011032020231111121302031233021312332121122222310313
00001000000001010020031120210130010102202302031010010010320102020033013011013102103223203030110320202311111213020312330213123321211222223111
00001000000001010020031120210130010102202302031010010010320102020033013011013102103223203030110320202311111213020312330213123321211222223112
00001000000001010020031120210130010102202302031010010010320102020033013011013102103223203030110320202311111213020312330213123321211222223113
000010000000010100200311202101300101022023020310100100103201020200330130110131021032232030301103202023111112130203123302131233212112222231213
00001000000001010020031120210130010102202302031010010010320102020033013011013102103223203030110320202311111213020312330213123321211222223122
00001000000001010020031120210130010102202302031010010010320102020033013011013102103223203030110320202311111213020312330213123321211222223123203
0000100000000101002003112021013001010220230203101001001032010202003301301101310210322320303011032020231111121302031233021312332121122222312321
0000100000000101002003112021013001010220230203101001001032010202003301301101310210322320303011032020231111121302031233021312332121122222312322
0000100000000101002003112021013001010220230203101001001032010202003301301101310210322320303011032020231111121302031233021312332121122222312323
0000100000000101002003112021013001010220230203101001001032010202003301301101310210322320303011032020231111121302031233021312332121122222312330
0000100000000101002003112021013001010220230203101001001032010202003301301101310210322320303011032020231111121302031233021312332121122222312331
0000100000000101002003112021013001010220230203101001001032010202003301301101310210322320303011032020231111121302031233021312332121122222312332
0000100000000101002003112021013001010220230203101001001032010202003301301101310210322320303011032020231111121302031233021312332121122222312333
00001000000001010020031120210130010102202302031010010010320102020033013011013102103223203030110320202311111213020312330213123321211222223131
00001000000001010020031120210130010102202302031010010010320102020033013011013102103223203030110320202311111213020312330213123321211222223132
00001000000001010020031120210130010102202302031010010010320102020033013011013102103223203030110320202311111213020312330213123321211222223133
00001000000001010020031120210130010102202302031010010010320102020033013011013102103223203030110320202311111213020312330213123321211223
00001000000001010020031120210130010102202302031010010010320102020033013011013102103223203030110320202311111213020312330213123321212
00001000000001010020031120210130010102202302031010010010320102020033013011013102103223203030110320202311111213020312330213123321213
000010000000010100200311202101300101022023020310100100103201020200330130110131021032232030301103202023111112130203123303
0000100000000101002003112021013001010220230203101001001032010202003301301101310210322320303011032020231112
0000100000000101002003112021013001010220230203101001001032010202003301301101310210322320303011032020231113
000010000000010100200311202101300101022023020310100100103201020200330130110131021032232030301103203
000010000000010100200311202101300101022023020310100100103201020200330130110131021032232030302
000010000000010100200311202101300101022023020310100100103201020200330130110131021032232030303
000010000000010100200311202101300101022023020310100100103201020201
000010000000010100200311202101300101022023020310100100103201020202
000010000000010100200311202101300101022023020310100100103201020203
000010000000010100200311202101300102
000010000000010100200311202101300103
10000100100000000101020030
10000100100000000101020031120130010100
10000100100000000101020031120130010101
100001001000000001010200311201300101021031010020200
1000010010000000010102003112013001010210310100202010
1000010010000000010102003112013001010210310100202011
1000010010000000010102003112013001010210310100202012201
100001001000000001010200311201300101021031010020201220230202
100001001000000001010200311201300101021031010020201220230203201100
100001001000000001010200311201300101021031010020201220230203201101133011
1000010010000000010102003112013001010210310100202012202302032011011330120
1000010010000000010102003112013001010210310100202012202302032011011330121
1000010010000000010102003112013001010210310100202012202302032011011330122
1000010010000000010102003112013001010210310100202012202302032011011330123
100001001000000001010200311201300101021031010020201220230203201101133013011012
1000010010000000010102003112013001010210310100202012202302032011011330130110131021030
1000010010000000010102003112013001010210310100202012202302032011011330130110131021031
100001001000000001010200311201300101021031010020201220230203201101133013011013102103220
100001001000000001010200311201300101021031010020201220230203201101133013011013102103221
100001001000000001010200311201300101021031010020201220230203201101133013011013102103222
1000010010000000010102003112013001010210310100202012202302032011011330130110131021032232030300
10000100100000000101020031120130010102103101002020122023020320110113301301101310210322320303011031
100001001000000001010200311201300101021031010020201220230203201101133013011013102103223203030110320202302
100001001000000001010200311201300101021031010020201220230203201101133013011013102103223203030110320202303
10000100100000000101020031120130010102103101002020122023020320110113301301101310210322320303011032020231111120
1000010010000000010102003112013001010210310100202012202302032011011330130110131021032232030301103202023111112120
1000010010000000010102003112013001010210310100202012202302032011011330130110131021032232030301103202023111112121
1000010010000000010102003112013001010210310100202012202302032011011330130110131021032232030301103202023111112122
1000010010000000010102003112013001010210310100202012202302032011011330130110131021032232030301103202023111112123
10000100100000000101020031120130010102103101002020122023020320110113301301101310210322320303011032020231111121302030
1000010010000000010102003112013001010210310100202012202302032011011330130110131021032232030301103202023111112130203121
1000010010000000010102003112013001010210310100202012202302032011011330130110131021032232030301103202023111112130203122
100001001000000001010200311201300101021031010020201220230203201101133013011013102103223203030110320202311111213020312330120
100001001000000001010200311201300101021031010020201220230203201101133013011013102103223203030110320202311111213020312330121
100001001000000001010200311201300101021031010020201220230203201101133013011013102103223203030110320202311111213020312330122
10000100100000000101020031120130010102103101002020122023020320110113301301101310210322320303011032020231111121302031233012330
10000100100000000101020031120130010102103101002020122023020320110113301301101310210322320303011032020231111121302031233012331
1000010010000000010102003112013001010210310100202012202302032011011330130110131021032232030301103202023111112130203123301233211
1000010010000000010102003112013001010210310100202012202302032011011330130110131021032232030301103202023111112130203123301233212103
1000010010000000010102003112013001010210310100202012202302032011011330130110131021032232030301103202023111112130203123301233212111
100001001000000001010200311201300101021031010020201220230203201101133013011013102103223203030110320202311111213020312330123321211220
10000100100000000101020031120130010102103101002020122023020320110113301301101310210322320303011032020231111121302031233012332121122130
10000100100000000101020031120130010102103101002020122023020320110113301301101310210322320303011032020231111121302031233012332121122131
10000100100000000101020031120130010102103101002020122023020320110113301301101310210322320303011032020231111121302031233012332121122132
10000100100000000101020031120130010102103101002020122023020320110113301301101310210322320303011032020231111121302031233012332121122133
10000100100000000101020031120130010102103101002020122023020320110113301301101310210322320303011032020231111121302031233012332121122212
100001001000000001010200311201300101021031010020201220230203201101133013011013102103223203030110320202311111213020312330123321211222131
10000100100000000101020031120130010102103101002020122023020320110113301301101310210322320303011032020231111121302031233012332121122213221
1000010010000000010102003112013001010210310100202012202302032011011330130110131021032232030301103202023111112130203123301233212112221322221
100001001000000001010200311201300101021031010020201220230203201101133013011013102103223203030110320202311111213020312330123321211222132222230
100001001000000001010200311201300101021031010020201220230203201101133013011013102103223203030110320202311111213020312330123321211222132222231
100001001000000001010200311201300101021031010020201220230203201101133013011013102103223203030110320202311111213020312330123321211222132222232
100001001000000001010200311201300101021031010020201220230203201101133013011013102103223203030110320202311111213020312330123321211222132222233
10000100100000000101020031120130010102103101002020122023020320110113301301101310210322320303011032020231111121302031233012332121122213222233
100001001000000001010200311201300101021031010020201220230203201101133013011013102103223203030110320202311111213020312330123321211222132223102
100001001000000001010200311201300101021031010020201220230203201101133013011013102103223203030110320202311111213020312330123321211222132223103123321130
100001001000000001010200311201300101021031010020201220230203201101133013011013102103223203030110320202311111213020312330123321211222132223103123321131
100001001000000001010200311201300101021031010020201220230203201101133013011013102103223203030110320202311111213020312330123321211222132223103123321132
100001001000000001010200311201300101021031010020201220230203201101133013011013102103223203030110320202311111213020312330123321211222132223103123321133
1000010010000000010102003112013001010210310100202012202302032011011330130110131021032232030301103202023111112130203123301233212112221322231031233212
100001001000000001010200311201300101021031010020201220230203201101133013011013102103223203030110320202311111213020312330123321211222132223103123321332
1000010010000000010102003112013001010210310100202012202302032011011330130110131021032232030301103202023111112130203123301233212112221322231031233213331
100001001000000001010200311201300101021031010020201220230203201101133013011013102103223203030110320202311111213020312330123321211222132223103123321333233022
100001001000000001010200311201300101021031010020201220230203201101133013011013102103223203030110320202311111213020312330123321211222132223103123321333233023
10000100100000000101020031120130010102103101002020122023020320110113301301101310210322320303011032020231111121302031233012332121122213222310312332133323303
100001001000000001010200311201300101021031010020201220230203201101133013011013102103223203030110320202311111213020312330123321211222132223103123321333233113
10000100100000000101020031120130010102103101002020122023020320110113301301101310210322320303011032020231111121302031233012332121122213222310312332133323312
100001001000000001010200311201300101021031010020201220230203201101133013011013102103223203030110320202311111213020312330123321211222132223103123321333233133
100001001000000001010200311201300101021031010020201220230203201101133013011013102103223203030110320202311111213020312330123321211222132223103123321333233213
10000100100000000101020031120130010102103101002020122023020320110113301301101310210322320303011032020231111121302031233012332121122213222310312332133323322
100001001000000001010200311201300101021031010020201220230203201101133013011013102103223203030110320202311111213020312330123321211222132223103123321333233232
100001001000000001010200311201300101021031010020201220230203201101133013011013102103223203030110320202311111213020312330123321211222132223103123321333233233
10000100100000000101020031120130010102103101002020122023020320110113301301101310210322320303011032020231111121302031233012332121122213222310312332133323332
10000100100000000101020031120130010102103101002020122023020320110113301301101310210322320303011032020231111121302031233012332121122213222310312332133323333
100001001000000001010200311201300101021031010020201220230203201101133013011013102103223203030110320202311111213020312330123321211222132223103123322
100001001000000001010200311201300101021031010020201220230203201101133013011013102103223203030110320202311111213020312330123321211222132223103123323
10000100100000000101020031120130010102103101002020122023020320110113301301101310210322320303011032020231111121302031233012332121122213222310313
100001001000000001010200311201300101021031010020201220230203201101133013011013102103223203030110320202311111213020312330123321211222132223111
100001001000000001010200311201300101021031010020201220230203201101133013011013102103223203030110320202311111213020312330123321211222132223112
100001001000000001010200311201300101021031010020201220230203201101133013011013102103223203030110320202311111213020312330123321211222132223113
1000010010000000010102003112013001010210310100202012202302032011011330130110131021032232030301103202023111112130203123301233212112221322231213
100001001000000001010200311201300101021031010020201220230203201101133013011013102103223203030110320202311111213020312330123321211222132223122
100001001000000001010200311201300101021031010020201220230203201101133013011013102103223203030110320202311111213020312330123321211222132223123203
10000100100000000101020031120130010102103101002020122023020320110113301301101310210322320303011032020231111121302031233012332121122213222312321
10000100100000000101020031120130010102103101002020122023020320110113301301101310210322320303011032020231111121302031233012332121122213222312322
10000100100000000101020031120130010102103101002020122023020320110113301301101310210322320303011032020231111121302031233012332121122213222312323
10000100100000000101020031120130010102103101002020122023020320110113301301101310210322320303011032020231111121302031233012332121122213222312330
10000100100000000101020031120130010102103101002020122023020320110113301301101310210322320303011032020231111121302031233012332121122213222312331
10000100100000000101020031120130010102103101002020122023020320110113301301101310210322320303011032020231111121302031233012332121122213222312332
10000100100000000101020031120130010102103101002020122023020320110113301301101310210322320303011032020231111121302031233012332121122213222312333
100001001000000001010200311201300101021031010020201220230203201101133013011013102103223203030110320202311111213020312330123321211222132223131
100001001000000001010200311201300101021031010020201220230203201101133013011013102103223203030110320202311111213020312330123321211222132223132
100001001000000001010200311201300101021031010020201220230203201101133013011013102103223203030110320202311111213020312330123321211222132223133
100001001000000001010200311201300101021031010020201220230203201101133013011013102103223203030110320202311111213020312330123321211223
100001001000000001010200311201300101021031010020201220230203201101133013011013102103223203030110320202311111213020312330123321212
100001001000000001010200311201300101021031010020201220230203201101133013011013102103223203030110320202311111213020312330123321213
1000010010000000010102003112013001010210310100202012202302032011011330130110131021032232030301103202023111112130203123302
1000010010000000010102003112013001010210310100202012202302032011011330130110131021032232030301103202023111112130203123303
10000100100000000101020031120130010102103101002020122023020320110113301301101310210322320303011032020231112
10000100100000000101020031120130010102103101002020122023020320110113301301101310210322320303011032020231113
1000010010000000010102003112013001010210310100202012202302032011011330130110131021032232030301103203
1000010010000000010102003112013001010210310100202012202302032011011330130110131021032232030302
1000010010000000010102003112013001010210310100202012202302032011011330130110131021032232030303
100001001000000001010200311201300101021031010020202
100001001000000001010200311201300101021031010020203
100001001000000001010200311201300102
100001001000000001010200311201300103
30000000100000100100101020030
30000000100000100100101020031120130010100
30000000100000100100101020031120130010101
300000001000001001001010200311201300101021031020200
3000000010000010010010102003112013001010210310202010
3000000010000010010010102003112013001010210310202011
3000000010000010010010102003112013001010210310202012201
300000001000001001001010200311201300101021031020201220230202
30000000100000100100101020031120130010102103102020122023020320102030
30000000100000100100101020031120130010102103102020122023020320102031133011
300000001000001001001010200311201300101021031020201220230203201020311330120
300000001000001001001010200311201300101021031020201220230203201020311330121
300000001000001001001010200311201300101021031020201220230203201020311330122
300000001000001001001010200311201300101021031020201220230203201020311330123
300000001000001001001010200311201300101021031020201220230203201020311330130100
3000000010000010010010102003112013001010210310202012202302032010203113301301012
3000000010000010010010102003112013001010210310202012202302032010203113301301013101
300000001000001001001010200311201300101021031020201220230203201020311330130101310210
3000000010000010010010102003112013001010210310202012202302032010203113301301013102111031
3000000010000010010010102003112013001010210310202012202302032010203113301301013102111032020220
3000000010000010010010102003112013001010210310202012202302032010203113301301013102111032020221
3000000010000010010010102003112013001010210310202012202302032010203113301301013102111032020222
30000000100000100100101020031120130010102103102020122023020320102031133013010131021110320202232030300
3000000010000010010010102003112013001010210310202012202302032010203113301301013102111032020223203030120
3000000010000010010010102003112013001010210310202012202302032010203113301301013102111032020223203030121
3000000010000010010010102003112013001010210310202012202302032010203113301301013102111032020223203030122
3000000010000010010010102003112013001010210310202012202302032010203113301301013102111032020223203030123
300000001000001001001010200311201300101021031020201220230203201020311330130101310211103202022320303013020302
300000001000001001001010200311201300101021031020201220230203201020311330130101310211103202022320303013020303
30000000100000100100101020031120130010102103102020122023020320102031133013010131021110320202232030301302031111121
30000000100000100100101020031120130010102103102020122023020320102031133013010131021110320202232030301302031111122103
3000000010000010010010102003112013001010210310202012202302032010203113301301013102111032020223203030130203111112211220
300000001000001001001010200311201300101021031020201220230203201020311330130101310211103202022320303013020311111221122110
30000000100000100100101020031120130010102103102020122023020320102031133013010131021110320202232030301302031111122112211130
30000000100000100100101020031120130010102103102020122023020320102031133013010131021110320202232030301302031111122112211131
3000000010000010010010102003112013001010210310202012202302032010203113301301013102111032020223203030130203111112211221113230
300000001000001001001010200311201300101021031020201220230203201020311330130101310211103202022320303013020311111221122111323121
300000001000001001001010200311201300101021031020201220230203201020311330130101310211103202022320303013020311111221122111323122
30000000100000100100101020031120130010102103102020122023020320102031133013010131021110320202232030301302031111122112211132312330120
30000000100000100100101020031120130010102103102020122023020320102031133013010131021110320202232030301302031111122112211132312330121
30000000100000100100101020031120130010102103102020122023020320102031133013010131021110320202232030301302031111122112211132312330122
3000000010000010010010102003112013001010210310202012202302032010203113301301013102111032020223203030130203111112211221113231233012330
3000000010000010010010102003112013001010210310202012202302032010203113301301013102111032020223203030130203111112211221113231233012331
300000001000001001001010200311201300101021031020201220230203201020311330130101310211103202022320303013020311111221122111323123301233211
30000000100000100100101020031120130010102103102020122023020320102031133013010131021110320202232030301302031111122112211132312330123321230
30000000100000100100101020031120130010102103102020122023020320102031133013010131021110320202232030301302031111122112211132312330123321231
30000000100000100100101020031120130010102103102020122023020320102031133013010131021110320202232030301302031111122112211132312330123321232
30000000100000100100101020031120130010102103102020122023020320102031133013010131021110320202232030301302031111122112211132312330123321233
3000000010000010010010102003112013001010210310202012202302032010203113301301013102111032020223203030130203111112211221113231233012332132
3000000010000010010010102003112013001010210310202012202302032010203113301301013102111032020223203030130203111112211221113231233012332133
300000001000001001001010200311201300101021031020201220230203201020311330130101310211103202022320303013020311111221122111323123301233221
300000001000001001001010200311201300101021031020201220230203201020311330130101310211103202022320303013020311111221122111323123301233222
300000001000001001001010200311201300101021031020201220230203201020311330130101310211103202022320303013020311111221122111323123301233223
30000000100000100100101020031120130010102103102020122023020320102031133013010131021110320202232030301302031111122112211132312330123323102
300000001000001001001010200311201300101021031020201220230203201020311330130101310211103202022320303013020311111221122111323123301233231031130
300000001000001001001010200311201300101021031020201220230203201020311330130101310211103202022320303013020311111221122111323123301233231031131
300000001000001001001010200311201300101021031020201220230203201020311330130101310211103202022320303013020311111221122111323123301233231031132
300000001000001001001010200311201300101021031020201220230203201020311330130101310211103202022320303013020311111221122111323123301233231031133
300000001000001001001010200311201300101021031020201220230203201020311330130101310211103202022320303013020311111221122111323123301233231031212
3000000010000010010010102003112013001010210310202012202302032010203113301301013102111032020223203030130203111112211221113231233012332310312131
300000001000001001001010200311201300101021031020201220230203201020311330130101310211103202022320303013020311111221122111323123301233231031213221
300000001000001001001010200311201300101021031020201220230203201020311330130101310211103202022320303013020311111221122111323123301233231031213222
300000001000001001001010200311201300101021031020201220230203201020311330130101310211103202022320303013020311111221122111323123301233231031213223212
30000000100000100100101020031120130010102103102020122023020320102031133013010131021110320202232030301302031111122112211132312330123323103121322321332
300000001000001001001010200311201300101021031020201220230203201020311330130101310211103202022320303013020311111221122111323123301233231031213223213331
300000001000001001001010200311201300101021031020201220230203201020311330130101310211103202022320303013020311111221122111323123301233231031213223213332
30000000100000100100101020031120130010102103102020122023020320102031133013010131021110320202232030301302031111122112211132312330123323103121322321333333113
3000000010000010010010102003112013001010210310202012202302032010203113301301013102111032020223203030130203111112211221113231233012332310312132232133333312
3000000010000010010010102003112013001010210310202012202302032010203113301301013102111032020223203030130203111112211221113231233012332310312132232133333313
30000000100000100100101020031120130010102103102020122023020320102031133013010131021110320202232030301302031111122112211132312330123323103121322321333333213
3000000010000010010010102003112013001010210310202012202302032010203113301301013102111032020223203030130203111112211221113231233012332310312132232133333322
30000000100000100100101020031120130010102103102020122023020320102031133013010131021110320202232030301302031111122112211132312330123323103121322321333333232
30000000100000100100101020031120130010102103102020122023020320102031133013010131021110320202232030301302031111122112211132312330123323103121322321333333233
3000000010000010010010102003112013001010210310202012202302032010203113301301013102111032020223203030130203111112211221113231233012332310312132232133333332
3000000010000010010010102003112013001010210310202012202302032010203113301301013102111032020223203030130203111112211221113231233012332310312132232133333333
30000000100000100100101020031120130010102103102020122023020320102031133013010131021110320202232030301302031111122112211132312330123323103121322322
30000000100000100100101020031120130010102103102020122023020320102031133013010131021110320202232030301302031111122112211132312330123323103121322323
30000000100000100100101020031120130010102103102020122023020320102031133013010131021110320202232030301302031111122112211132312330123323103121323
3000000010000010010010102003112013001010210310202012202302032010203113301301013102111032020223203030130203111112211221113231233012332310313
30000000100000100100101020031120130010102103102020122023020320102031133013010131021110320202232030301302031111122112211132312330123323111
30000000100000100100101020031120130010102103102020122023020320102031133013010131021110320202232030301302031111122112211132312330123323112
30000000100000100100101020031120130010102103102020122023020320102031133013010131021110320202232030301302031111122112211132312330123323113
30000000100000100100101020031120130010102103102020122023020320102031133013010131021110320202232030301302031111122112211132312330123323121
30000000100000100100101020031120130010102103102020122023020320102031133013010131021110320202232030301302031111122112211132312330123323122
30000000100000100100101020031120130010102103102020122023020320102031133013010131021110320202232030301302031111122112211132312330123323123203
3000000010000010010010102003112013001010210310202012202302032010203113301301013102111032020223203030130203111112211221113231233012332312321
3000000010000010010010102003112013001010210310202012202302032010203113301301013102111032020223203030130203111112211221113231233012332312322
3000000010000010010010102003112013001010210310202012202302032010203113301301013102111032020223203030130203111112211221113231233012332312323
3000000010000010010010102003112013001010210310202012202302032010203113301301013102111032020223203030130203111112211221113231233012332312330
3000000010000010010010102003112013001010210310202012202302032010203113301301013102111032020223203030130203111112211221113231233012332312331
3000000010000010010010102003112013001010210310202012202302032010203113301301013102111032020223203030130203111112211221113231233012332312332
3000000010000010010010102003112013001010210310202012202302032010203113301301013102111032020223203030130203111112211221113231233012332312333
30000000100000100100101020031120130010102103102020122023020320102031133013010131021110320202232030301302031111122112211132312330123323131
30000000100000100100101020031120130010102103102020122023020320102031133013010131021110320202232030301302031111122112211132312330123323132
30000000100000100100101020031120130010102103102020122023020320102031133013010131021110320202232030301302031111122112211132312330123323133
300000001000001001001010200311201300101021031020201220230203201020311330130101310211103202022320303013020311111221122111323123302
300000001000001001001010200311201300101021031020201220230203201020311330130101310211103202022320303013020311111221122111323123303
30000000100000100100101020031120130010102103102020122023020320102031133013010131021110320202232030301302031111122112211133
3000000010000010010010102003112013001010210310202012202302032010203113301301013102111032020223203030130203111112211222
3000000010000010010010102003112013001010210310202012202302032010203113301301013102111032020223203030130203111112211223
3000000010000010010010102003112013001010210310202012202302032010203113301301013102111032020223203030130203111112212
3000000010000010010010102003112013001010210310202012202302032010203113301301013102111032020223203030130203111112213
30000000100000100100101020031120130010102103102020122023020320102031133013010131021110320202232030301302031111123
30000000100000100100101020031120130010102103102020122023020320102031133013010131021110320202232030301302031112
30000000100000100100101020031120130010102103102020122023020320102031133013010131021110320202232030301302031113
30000000100000100100101020031120130010102103102020122023020320102031133013010131021110320202232030302
30000000100000100100101020031120130010102103102020122023020320102031133013010131021110320202232030303
300000001000001001001010200311201300101021031020201220230203201020311330130101310211103203
300000001000001001001010200311201300101021031020202
300000001000001001001010200311201300101021031020203
30000000100000100100101020031120130010102103103
300000001000001001001010200311201300102
300000001000001001001010200311201300103
