0000
0100000
020000
0300
0010
0020
0030
000100
00020
00030
0110
0120
0130
01010
01020
01030
010010
0100200
010030
0100010
0100020
01000300
0100001
0100002
0100003
02100
0220
0230
02010
02020
02030
020010
0200200
020030
020001
020002
020003
0310
0320
0330
0301
0302
0303
0011
0012
0013
0021
0022
0023
0031
0032
0033
000110
000120
000130
000101
000102
000103
00021
00022
00023
00031
00032
00033
0111
0112
0113
0121
0122
0123
0131
0132
0133
01011
01012
01013
01021
01022
01023
01031
01032
01033
010011
010012
010013
0100210
0100220
0100230
0100201
0100202
0100203
010031
010032
010033
0100011
0100012
0100013
0100021
0100022
0100023
01000310
01000320
01000330
01000301
01000302
01000303
02110
02120
02130
02101
02102
02103
0221
0222
0223
0231
0232
0233
02011
02012
02013
02021
02022
02023
02031
02032
02033
020011
020012
020013
0200210
0200220
0200230
0200201
0200202
0200203
020031
020032
020033
0311
0312
0313
0321
0322
0323
0331
0332
0333
000111
000112
000113
000121
000122
000123
000131
000132
000133
0100211
0100212
0100213
0100221
0100222
0100223
0100231
0100232
0100233
01000311
01000312
01000313
01000321
01000322
01000323
01000331
01000332
01000333
02111
02112
02113
02121
02122
02123
02131
02132
02133
0200211
0200212
0200213
0200221
0200222
0200223
0200231
0200232
0200233
2000000
210
2200000
230
2010
2020
203000
20010
20020000
20030
200010
200020
200030
2000010
200002
2000030
2000001
2000002
2000003
211
212
213
2210
2220
2230
22010
220200
22030
220010
220020
220030
2200010
2200020
2200030
2200001
2200002
2200003
231
232
233
2011
2012
2013
2021
2022
2023
20310
20320
20330
203010
203020
203030
203001
203002
203003
20011
20012
20013
200210
200220
200230
2002010
2002020
2002030
20020010
200200200
20020030
20020001
20020002
20020003
20031
20032
20033
200011
200012
200013
200021
200022
200023
200031
200032
200033
2000011
2000012
2000013
2000031
2000032
2000033
2211
2212
2213
2221
2222
2223
2231
2232
2233
22011
22012
22013
220210
220220
220230
220201
220202
220203
22031
22032
22033
220011
220012
220013
220021
220022
220023
220031
220032
220033
2200011
2200012
2200013
2200021
2200022
2200023
2200031
2200032
2200033
20311
20312
20313
20321
20322
20323
20331
20332
20333
203011
203012
203013
203021
203022
203023
203031
203032
203033
200211
200212
200213
200221
200222
200223
200231
200232
200233
2002011
2002012
2002013
2002021
2002022
2002023
2002031
2002032
2002033
20020011
20020012
20020013
200200210
200200220
200200230
200200201
200200202
200200203
20020031
20020032
20020033
220211
220212
220213
220221
220222
220223
220231
220232
220233
200200211
200200212
200200213
200200221
200200222
200200223
200200231
200200232
200200233
1000000000
110
12000
1300
1010
1020
103000
10010
10020
10030
100010
100020
100030
1000010
1000020
10000300
10000010
100000200
10000030
100000010
100000020
100000030
100000001
1000000020
1000000030
1000000001
1000000002
1000000003
111
112
113
1210
1220
1230
12010
12020
12030
12001
12002
12003
1310
1320
1330
1301
1302
1303
1011
1012
1013
1021
1022
1023
10310
10320
10330
103010
1030200
103030
103001
103002
103003
10011
10012
10013
10021
10022
10023
10031
10032
10033
100011
100012
100013
100021
100022
100023
100031
100032
100033
1000011
1000012
1000013
1000021
1000022
1000023
10000310
10000320
10000330
10000301
10000302
10000303
10000011
10000012
10000013
100000210
100000220
100000230
100000201
100000202
100000203
10000031
10000032
10000033
100000011
100000012
100000013
100000021
100000022
100000023
100000031
100000032
100000033
1000000021
1000000022
1000000023
1000000031
1000000032
1000000033
1211
1212
1213
1221
1222
1223
1231
1232
1233
12011
12012
12013
12021
12022
12023
12031
12032
12033
1311
1312
1313
1321
1322
1323
1331
1332
1333
10311
10312
10313
10321
10322
10323
10331
10332
10333
103011
103012
103013
1030210
1030220
1030230
1030201
1030202
1030203
103031
103032
103033
10000311
10000312
10000313
10000321
10000322
10000323
10000331
10000332
10000333
100000211
100000212
100000213
100000221
100000222
100000223
100000231
100000232
100000233
1030211
1030212
1030213
1030221
1030222
1030223
1030231
1030232
1030233
3000000000
310
32000
3300
3010
3020
303000
30010
30020
30030
300010
300020
300030
3000010
3000020
30000300
30000010
300000200
30000030
300000010
300000020
300000030
3000000010
3000000020
300000003
3000000001
3000000002
3000000003
311
312
313
3210
3220
3230
32010
32020
32030
32001
32002
32003
3310
3320
3330
3301
3302
3303
3011
3012
3013
3021
3022
3023
30310
30320
30330
303010
3030200
303030
303001
303002
303003
30011
30012
30013
30021
30022
30023
30031
30032
30033
300011
300012
300013
300021
300022
300023
300031
300032
300033
3000011
3000012
3000013
3000021
3000022
3000023
30000310
30000320
30000330
30000301
30000302
30000303
30000011
30000012
30000013
300000210
300000220
300000230
300000201
300000202
300000203
30000031
30000032
30000033
300000011
300000012
300000013
300000021
300000022
300000023
300000031
300000032
300000033
3000000011
3000000012
3000000013
3000000021
3000000022
3000000023
3211
3212
3213
3221
3222
3223
3231
3232
3233
32011
32012
32013
32021
32022
32023
32031
32032
32033
3311
3312
3313
3321
3322
3323
3331
3332
3333
30311
30312
30313
30321
30322
30323
30331
30332
30333
303011
303012
303013
3030210
3030220
3030230
3030201
3030202
3030203
303031
303032
303033
30000311
30000312
30000313
30000321
30000322
30000323
30000331
30000332
30000333
300000211
300000212
300000213
300000221
300000222
300000223
300000231
300000232
300000233
3030211
3030212
3030213
3030221
3030222
3030223
3030231
3030232
3030233
