000010000010010100102020001110102001111020020203011020301200211121030
0000100000100101001020200011101020011110200202030110203012002111210312103030300
0000100000100101001020200011101020011110200202030110203012002111210312103030301120122112100
000010000010010100102020001110102001111020020203011020301200211121031210303030112012211210130221310
000010000010010100102020001110102001111020020203011020301200211121031210303030112012211210130221311
000010000010010100102020001110102001111020020203011020301200211121031210303030112012211210130221312310131110210
000010000010010100102020001110102001111020020203011020301200211121031210303030112012211210130221312310131110211
00001000001001010010202000111010200111102002020301102030120021112103121030303011201221121013022131231013111021202
0000100000100101001020200011101020011110200202030110203012002111210312103030301120122112101302213123101311102120320
00001000001001010010202000111010200111102002020301102030120021112103121030303011201221121013022131231013111021203211
000010000010010100102020001110102001111020020203011020301200211121031210303030112012211210130221312310131110212032120
00001000001001010010202000111010200111102002020301102030120021112103121030303011201221121013022131231013111021203212130
00001000001001010010202000111010200111102002020301102030120021112103121030303011201221121013022131231013111021203212131
00001000001001010010202000111010200111102002020301102030120021112103121030303011201221121013022131231013111021203212132
00001000001001010010202000111010200111102002020301102030120021112103121030303011201221121013022131231013111021203212133302121
0000100000100101001020200011101020011110200202030110203012002111210312103030301120122112101302213123101311102120321213330212201
000010000010010100102020001110102001111020020203011020301200211121031210303030112012211210130221312310131110212032121333021220230220
00001000001001010010202000111010200111102002020301102030120021112103121030303011201221121013022131231013111021203212133302122023022131
00001000001001010010202000111010200111102002020301102030120021112103121030303011201221121013022131231013111021203212133302122023022132
00001000001001010010202000111010200111102002020301102030120021112103121030303011201221121013022131231013111021203212133302122023022133
0000100000100101001020200011101020011110200202030110203012002111210312103030301120122112101302213123101311102120321213330212202302222122220
000010000010010100102020001110102001111020020203011020301200211121031210303030112012211210130221312310131110212032121333021220230222212222131
00001000001001010010202000111010200111102002020301102030120021112103121030303011201221121013022131231013111021203212133302122023022221222213232
00001000001001010010202000111010200111102002020301102030120021112103121030303011201221121013022131231013111021203212133302122023022221222213233031130
00001000001001010010202000111010200111102002020301102030120021112103121030303011201221121013022131231013111021203212133302122023022221222213233031131
00001000001001010010202000111010200111102002020301102030120021112103121030303011201221121013022131231013111021203212133302122023022221222213233031132
000010000010010100102020001110102001111020020203011020301200211121031210303030112012211210130221312310131110212032121333021220230222212222132330311330
00001000001001010010202000111010200111102002020301102030120021112103121030303011201221121013022131231013111021203212133302122023022221222213233031133132230
00001000001001010010202000111010200111102002020301102030120021112103121030303011201221121013022131231013111021203212133302122023022221222213233031133132231
00001000001001010010202000111010200111102002020301102030120021112103121030303011201221121013022131231013111021203212133302122023022221222213233031133132232
00001000001001010010202000111010200111102002020301102030120021112103121030303011201221121013022131231013111021203212133302122023022221222213233031133132233
0000100000100101001020200011101020011110200202030110203012002111210312103030301120122112101302213123101311102120321213330212202302222122221323303113313231
0000100000100101001020200011101020011110200202030110203012002111210312103030301120122112101302213123101311102120321213330212202302222122221323303113313232
0000100000100101001020200011101020011110200202030110203012002111210312103030301120122112101302213123101311102120321213330212202302222122221323303113313233
00001000001001010010202000111010200111102002020301102030120021112103121030303011201221121013022131231013111021203212133302122023022221222213233031133133
0000100000100101001020200011101020011110200202030110203012002111210312103030301120122112101302213123101311102120321213330212202302222122221323303113323
000010000010010100102020001110102001111020020203011020301200211121031210303030112012211210130221312310131110212032121333021220230222212222132330311333
0000100000100101001020200011101020011110200202030110203012002111210312103030301120122112101302213123101311102120321213330212202302222122221323303123
0000100000100101001020200011101020011110200202030110203012002111210312103030301120122112101302213123101311102120321213330212202302222122221323303133
000010000010010100102020001110102001111020020203011020301200211121031210303030112012211210130221312310131110212032121333021220230223
000010000010010100102020001110102001111020020203011020301200211121031210303030112012211210130221312310131110212032121333021220230230
000010000010010100102020001110102001111020020203011020301200211121031210303030112012211210130221312310131110212032121333021220230231
000010000010010100102020001110102001111020020203011020301200211121031210303030112012211210130221312310131110212032121333021220230232
000010000010010100102020001110102001111020020203011020301200211121031210303030112012211210130221312310131110212032121333021220230233
0000100000100101001020200011101020011110200202030110203012002111210312103030301120122112101302213123101311102120321213330212202303
0000100000100101001020200011101020011110200202030110203012002111210312103030301120122112101302213123101311102120321213330212202312
0000100000100101001020200011101020011110200202030110203012002111210312103030301120122112101302213123101311102120321213330212202313
0000100000100101001020200011101020011110200202030110203012002111210312103030301120122112101302213123101311102120321213330212202322
0000100000100101001020200011101020011110200202030110203012002111210312103030301120122112101302213123101311102120321213330212202323
000010000010010100102020001110102001111020020203011020301200211121031210303030112012211210130221312310131110212032121333021220233221
000010000010010100102020001110102001111020020203011020301200211121031210303030112012211210130221312310131110212032121333021220233222
000010000010010100102020001110102001111020020203011020301200211121031210303030112012211210130221312310131110212032121333021220233223
00001000001001010010202000111010200111102002020301102030120021112103121030303011201221121013022131231013111021203212133302122023323
000010000010010100102020001110102001111020020203011020301200211121031210303030112012211210130221312310131110212032121333021220233312
000010000010010100102020001110102001111020020203011020301200211121031210303030112012211210130221312310131110212032121333021220233313
00001000001001010010202000111010200111102002020301102030120021112103121030303011201221121013022131231013111021203212133302122023332203
0000100000100101001020200011101020011110200202030110203012002111210312103030301120122112101302213123101311102120321213330212202333221
00001000001001010010202000111010200111102002020301102030120021112103121030303011201221121013022131231013111021203212133302122023332222
00001000001001010010202000111010200111102002020301102030120021112103121030303011201221121013022131231013111021203212133302122023332223
0000100000100101001020200011101020011110200202030110203012002111210312103030301120122112101302213123101311102120321213330212202333223
00001000001001010010202000111010200111102002020301102030120021112103121030303011201221121013022131231013111021203212133302122023332301
00001000001001010010202000111010200111102002020301102030120021112103121030303011201221121013022131231013111021203212133302122023332302
00001000001001010010202000111010200111102002020301102030120021112103121030303011201221121013022131231013111021203212133302122023332303
00001000001001010010202000111010200111102002020301102030120021112103121030303011201221121013022131231013111021203212133302122023332313
0000100000100101001020200011101020011110200202030110203012002111210312103030301120122112101302213123101311102120321213330212202333232
0000100000100101001020200011101020011110200202030110203012002111210312103030301120122112101302213123101311102120321213330212202333233
00001000001001010010202000111010200111102002020301102030120021112103121030303011201221121013022131231013111021203212133302122023333
00001000001001010010202000111010200111102002020301102030120021112103121030303011201221121013022131231013111021203212133303
00001000001001010010202000111010200111102002020301102030120021112103121030303011201221121013022131231013112
00001000001001010010202000111010200111102002020301102030120021112103121030303011201221121013022131231013113
0000100000100101001020200011101020011110200202030110203012002111210312103030301120122112101302213123101312
0000100000100101001020200011101020011110200202030110203012002111210312103030301120122112101302213123101313
0000100000100101001020200011101020011110200202030110203012002111210312103030301120122112101302213123102
0000100000100101001020200011101020011110200202030110203012002111210312103030301120122112101302213123103
00001000001001010010202000111010200111102002020301102030120021112103121030303011201221121013022132
00001000001001010010202000111010200111102002020301102030120021112103121030303011201221121013022133
0000100000100101001020200011101020011110200202030110203012002111210312103030301120122112101303
0000100000100101001020200011101020011110200202030110203012002111210312103030301120123
000010000010010100102020001110102001111020020203011020301200211121031210303030112013
00001000001001010010202000111010200111102002020301102030120021113
00001000001001010010202000111010200111102002020301103
000010000010010100103
2000000100010101000200102020021110300102010111121102020011121030
20000001000101010002001020200211103001020101111211020200111210312101200222203003030
20000001000101010002001020200211103001020101111211020200111210312101200222203003031312100
200000010001010100020010202002111030010201011112110202001112103121012002222030030313121011201221130
200000010001010100020010202002111030010201011112110202001112103121012002222030030313121011201221131301
20000001000101010002001020200211103001020101111211020200111210312101200222203003031312101120122113130221310
20000001000101010002001020200211103001020101111211020200111210312101200222203003031312101120122113130221311
20000001000101010002001020200211103001020101111211020200111210312101200222203003031312101120122113130221312310131110210
20000001000101010002001020200211103001020101111211020200111210312101200222203003031312101120122113130221312310131110211
2000000100010101000200102020021110300102010111121102020011121031210120022220300303131210112012211313022131231013111021202
200000010001010100020010202002111030010201011112110202001112103121012002222030030313121011201221131302213123101311102120320
2000000100010101000200102020021110300102010111121102020011121031210120022220300303131210112012211313022131231013111021203211
20000001000101010002001020200211103001020101111211020200111210312101200222203003031312101120122113130221312310131110212032120
2000000100010101000200102020021110300102010111121102020011121031210120022220300303131210112012211313022131231013111021203212130
2000000100010101000200102020021110300102010111121102020011121031210120022220300303131210112012211313022131231013111021203212131
2000000100010101000200102020021110300102010111121102020011121031210120022220300303131210112012211313022131231013111021203212132
2000000100010101000200102020021110300102010111121102020011121031210120022220300303131210112012211313022131231013111021203212133302121
200000010001010100020010202002111030010201011112110202001112103121012002222030030313121011201221131302213123101311102120321213330212201
20000001000101010002001020200211103001020101111211020200111210312101200222203003031312101120122113130221312310131110212032121333021220230220
20000001000101010002001020200211103001020101111211020200111210312101200222203003031312101120122113130221312310131110212032121333021220230221
2000000100010101000200102020021110300102010111121102020011121031210120022220300303131210112012211313022131231013111021203212133302122023022223230
2000000100010101000200102020021110300102010111121102020011121031210120022220300303131210112012211313022131231013111021203212133302122023022223231
2000000100010101000200102020021110300102010111121102020011121031210120022220300303131210112012211313022131231013111021203212133302122023022223232
2000000100010101000200102020021110300102010111121102020011121031210120022220300303131210112012211313022131231013111021203212133302122023022223233
20000001000101010002001020200211103001020101111211020200111210312101200222203003031312101120122113130221312310131110212032121333021220230222233
2000000100010101000200102020021110300102010111121102020011121031210120022220300303131210112012211313022131231013111021203212133302122023022232
2000000100010101000200102020021110300102010111121102020011121031210120022220300303131210112012211313022131231013111021203212133302122023022233031130
2000000100010101000200102020021110300102010111121102020011121031210120022220300303131210112012211313022131231013111021203212133302122023022233031131
2000000100010101000200102020021110300102010111121102020011121031210120022220300303131210112012211313022131231013111021203212133302122023022233031132
2000000100010101000200102020021110300102010111121102020011121031210120022220300303131210112012211313022131231013111021203212133302122023022233031133032
2000000100010101000200102020021110300102010111121102020011121031210120022220300303131210112012211313022131231013111021203212133302122023022233031133033
20000001000101010002001020200211103001020101111211020200111210312101200222203003031312101120122113130221312310131110212032121333021220230222330311331321
20000001000101010002001020200211103001020101111211020200111210312101200222203003031312101120122113130221312310131110212032121333021220230222330311331322
20000001000101010002001020200211103001020101111211020200111210312101200222203003031312101120122113130221312310131110212032121333021220230222330311331323
2000000100010101000200102020021110300102010111121102020011121031210120022220300303131210112012211313022131231013111021203212133302122023022233031133133
20000001000101010002001020200211103001020101111211020200111210312101200222203003031312101120122113130221312310131110212032121333021220230222330311332
20000001000101010002001020200211103001020101111211020200111210312101200222203003031312101120122113130221312310131110212032121333021220230222330311333
200000010001010100020010202002111030010201011112110202001112103121012002222030030313121011201221131302213123101311102120321213330212202302223303123
200000010001010100020010202002111030010201011112110202001112103121012002222030030313121011201221131302213123101311102120321213330212202302223303132
200000010001010100020010202002111030010201011112110202001112103121012002222030030313121011201221131302213123101311102120321213330212202302223303133
20000001000101010002001020200211103001020101111211020200111210312101200222203003031312101120122113130221312310131110212032121333021220230223
20000001000101010002001020200211103001020101111211020200111210312101200222203003031312101120122113130221312310131110212032121333021220230230
20000001000101010002001020200211103001020101111211020200111210312101200222203003031312101120122113130221312310131110212032121333021220230231
20000001000101010002001020200211103001020101111211020200111210312101200222203003031312101120122113130221312310131110212032121333021220230232
20000001000101010002001020200211103001020101111211020200111210312101200222203003031312101120122113130221312310131110212032121333021220230233
200000010001010100020010202002111030010201011112110202001112103121012002222030030313121011201221131302213123101311102120321213330212202303
200000010001010100020010202002111030010201011112110202001112103121012002222030030313121011201221131302213123101311102120321213330212202312
200000010001010100020010202002111030010201011112110202001112103121012002222030030313121011201221131302213123101311102120321213330212202313
200000010001010100020010202002111030010201011112110202001112103121012002222030030313121011201221131302213123101311102120321213330212202322
200000010001010100020010202002111030010201011112110202001112103121012002222030030313121011201221131302213123101311102120321213330212202323
20000001000101010002001020200211103001020101111211020200111210312101200222203003031312101120122113130221312310131110212032121333021220233221
20000001000101010002001020200211103001020101111211020200111210312101200222203003031312101120122113130221312310131110212032121333021220233222
20000001000101010002001020200211103001020101111211020200111210312101200222203003031312101120122113130221312310131110212032121333021220233223
2000000100010101000200102020021110300102010111121102020011121031210120022220300303131210112012211313022131231013111021203212133302122023323
20000001000101010002001020200211103001020101111211020200111210312101200222203003031312101120122113130221312310131110212032121333021220233312
20000001000101010002001020200211103001020101111211020200111210312101200222203003031312101120122113130221312310131110212032121333021220233313
2000000100010101000200102020021110300102010111121102020011121031210120022220300303131210112012211313022131231013111021203212133302122023332203
200000010001010100020010202002111030010201011112110202001112103121012002222030030313121011201221131302213123101311102120321213330212202333221
2000000100010101000200102020021110300102010111121102020011121031210120022220300303131210112012211313022131231013111021203212133302122023332222
2000000100010101000200102020021110300102010111121102020011121031210120022220300303131210112012211313022131231013111021203212133302122023332223
200000010001010100020010202002111030010201011112110202001112103121012002222030030313121011201221131302213123101311102120321213330212202333223
2000000100010101000200102020021110300102010111121102020011121031210120022220300303131210112012211313022131231013111021203212133302122023332301
2000000100010101000200102020021110300102010111121102020011121031210120022220300303131210112012211313022131231013111021203212133302122023332302
2000000100010101000200102020021110300102010111121102020011121031210120022220300303131210112012211313022131231013111021203212133302122023332303
2000000100010101000200102020021110300102010111121102020011121031210120022220300303131210112012211313022131231013111021203212133302122023332313
200000010001010100020010202002111030010201011112110202001112103121012002222030030313121011201221131302213123101311102120321213330212202333232
200000010001010100020010202002111030010201011112110202001112103121012002222030030313121011201221131302213123101311102120321213330212202333233
2000000100010101000200102020021110300102010111121102020011121031210120022220300303131210112012211313022131231013111021203212133302122023333
2000000100010101000200102020021110300102010111121102020011121031210120022220300303131210112012211313022131231013111021203212133303
2000000100010101000200102020021110300102010111121102020011121031210120022220300303131210112012211313022131231013112
2000000100010101000200102020021110300102010111121102020011121031210120022220300303131210112012211313022131231013113
200000010001010100020010202002111030010201011112110202001112103121012002222030030313121011201221131302213123101312
200000010001010100020010202002111030010201011112110202001112103121012002222030030313121011201221131302213123101313
200000010001010100020010202002111030010201011112110202001112103121012002222030030313121011201221131302213123102
200000010001010100020010202002111030010201011112110202001112103121012002222030030313121011201221131302213123103
2000000100010101000200102020021110300102010111121102020011121031210120022220300303131210112012211313022132
2000000100010101000200102020021110300102010111121102020011121031210120022220300303131210112012211313022133
200000010001010100020010202002111030010201011112110202001112103121012002222030030313121011201221131303
20000001000101010002001020200211103001020101111211020200111210312101200222203003031312101120123
2000000100010101000200102020021110300102010111121102020011121031210120022220300303131210112013
200000010001010100020010202002111030010201011112110202001113
2000000100010101000200102020021110300102010111121103
2000000100010101000200102020021110300103
1000000000100101101020102020001110102001111020020203011121030
10000000001001011010201020200011101020011110200202030111210312101200212003030300
1000000000100101101020102020001110102001111020020203011121031210120021200303030112012211210130221310
1000000000100101101020102020001110102001111020020203011121031210120021200303030112012211210130221311
1000000000100101101020102020001110102001111020020203011121031210120021200303030112012211210130221312310131110210
1000000000100101101020102020001110102001111020020203011121031210120021200303030112012211210130221312310131110211
100000000010010110102010202000111010200111102002020301112103121012002120030303011201221121013022131231013111021211
10000000001001011010201020200011101020011110200202030111210312101200212003030301120122112101302213123101311102121202
1000000000100101101020102020001110102001111020020203011121031210120021200303030112012211210130221312310131110212120320
100000000010010110102010202000111010200111102002020301112103121012002120030303011201221121013022131231013111021212032130
100000000010010110102010202000111010200111102002020301112103121012002120030303011201221121013022131231013111021212032131
100000000010010110102010202000111010200111102002020301112103121012002120030303011201221121013022131231013111021212032132
1000000000100101101020102020001110102001111020020203011121031210120021200303030112012211210130221312310131110212120321333021301
10000000001001011010201020200011101020011110200202030111210312101200212003030301120122112101302213123101311102121203213330213022031130
1000000000100101101020102020001110102001111020020203011121031210120021200303030112012211210130221312310131110212120321333021302203113130
1000000000100101101020102020001110102001111020020203011121031210120021200303030112012211210130221312310131110212120321333021302203113131
1000000000100101101020102020001110102001111020020203011121031210120021200303030112012211210130221312310131110212120321333021302203113132
1000000000100101101020102020001110102001111020020203011121031210120021200303030112012211210130221312310131110212120321333021302203113133
100000000010010110102010202000111010200111102002020301112103121012002120030303011201221121013022131231013111021212032133302130220311322122220
10000000001001011010201020200011101020011110200202030111210312101200212003030301120122112101302213123101311102121203213330213022031132212222131
100000000010010110102010202000111010200111102002020301112103121012002120030303011201221121013022131231013111021212032133302130220311322122221323230220
100000000010010110102010202000111010200111102002020301112103121012002120030303011201221121013022131231013111021212032133302130220311322122221323230221
100000000010010110102010202000111010200111102002020301112103121012002120030303011201221121013022131231013111021212032133302130220311322122221323230222
10000000001001011010201020200011101020011110200202030111210312101200212003030301120122112101302213123101311102121203213330213022031132212222132323022303
1000000000100101101020102020001110102001111020020203011121031210120021200303030112012211210130221312310131110212120321333021302203113221222213232302231
100000000010010110102010202000111010200111102002020301112103121012002120030303011201221121013022131231013111021212032133302130220311322122221323230223231
10000000001001011010201020200011101020011110200202030111210312101200212003030301120122112101302213123101311102121203213330213022031132212222132323022323230
10000000001001011010201020200011101020011110200202030111210312101200212003030301120122112101302213123101311102121203213330213022031132212222132323022323231
10000000001001011010201020200011101020011110200202030111210312101200212003030301120122112101302213123101311102121203213330213022031132212222132323022323232
10000000001001011010201020200011101020011110200202030111210312101200212003030301120122112101302213123101311102121203213330213022031132212222132323022323233
100000000010010110102010202000111010200111102002020301112103121012002120030303011201221121013022131231013111021212032133302130220311322122221323230223233
1000000000100101101020102020001110102001111020020203011121031210120021200303030112012211210130221312310131110212120321333021302203113221222213232302233322
1000000000100101101020102020001110102001111020020203011121031210120021200303030112012211210130221312310131110212120321333021302203113221222213232302233323
100000000010010110102010202000111010200111102002020301112103121012002120030303011201221121013022131231013111021212032133302130220311322122221323230223333
100000000010010110102010202000111010200111102002020301112103121012002120030303011201221121013022131231013111021212032133302130220311322122221323230230
100000000010010110102010202000111010200111102002020301112103121012002120030303011201221121013022131231013111021212032133302130220311322122221323230231
100000000010010110102010202000111010200111102002020301112103121012002120030303011201221121013022131231013111021212032133302130220311322122221323230232
100000000010010110102010202000111010200111102002020301112103121012002120030303011201221121013022131231013111021212032133302130220311322122221323230233
1000000000100101101020102020001110102001111020020203011121031210120021200303030112012211210130221312310131110212120321333021302203113221222213232303
1000000000100101101020102020001110102001111020020203011121031210120021200303030112012211210130221312310131110212120321333021302203113221222213232312
1000000000100101101020102020001110102001111020020203011121031210120021200303030112012211210130221312310131110212120321333021302203113221222213232313
1000000000100101101020102020001110102001111020020203011121031210120021200303030112012211210130221312310131110212120321333021302203113221222213232322
1000000000100101101020102020001110102001111020020203011121031210120021200303030112012211210130221312310131110212120321333021302203113221222213232323
10000000001001011010201020200011101020011110200202030111210312101200212003030301120122112101302213123101311102121203213330213022031132212222132323322123
10000000001001011010201020200011101020011110200202030111210312101200212003030301120122112101302213123101311102121203213330213022031132212222132323322133
100000000010010110102010202000111010200111102002020301112103121012002120030303011201221121013022131231013111021212032133302130220311322122221323233222
100000000010010110102010202000111010200111102002020301112103121012002120030303011201221121013022131231013111021212032133302130220311322122221323233223
10000000001001011010201020200011101020011110200202030111210312101200212003030301120122112101302213123101311102121203213330213022031132212222132323323
100000000010010110102010202000111010200111102002020301112103121012002120030303011201221121013022131231013111021212032133302130220311322122221323233312
100000000010010110102010202000111010200111102002020301112103121012002120030303011201221121013022131231013111021212032133302130220311322122221323233313
100000000010010110102010202000111010200111102002020301112103121012002120030303011201221121013022131231013111021212032133302130220311322122221323233322033
1000000000100101101020102020001110102001111020020203011121031210120021200303030112012211210130221312310131110212120321333021302203113221222213232333221
10000000001001011010201020200011101020011110200202030111210312101200212003030301120122112101302213123101311102121203213330213022031132212222132323332221
10000000001001011010201020200011101020011110200202030111210312101200212003030301120122112101302213123101311102121203213330213022031132212222132323332222
10000000001001011010201020200011101020011110200202030111210312101200212003030301120122112101302213123101311102121203213330213022031132212222132323332223
1000000000100101101020102020001110102001111020020203011121031210120021200303030112012211210130221312310131110212120321333021302203113221222213232333223
10000000001001011010201020200011101020011110200202030111210312101200212003030301120122112101302213123101311102121203213330213022031132212222132323332301
10000000001001011010201020200011101020011110200202030111210312101200212003030301120122112101302213123101311102121203213330213022031132212222132323332302
10000000001001011010201020200011101020011110200202030111210312101200212003030301120122112101302213123101311102121203213330213022031132212222132323332303
10000000001001011010201020200011101020011110200202030111210312101200212003030301120122112101302213123101311102121203213330213022031132212222132323332313
1000000000100101101020102020001110102001111020020203011121031210120021200303030112012211210130221312310131110212120321333021302203113221222213232333232
1000000000100101101020102020001110102001111020020203011121031210120021200303030112012211210130221312310131110212120321333021302203113221222213232333233
10000000001001011010201020200011101020011110200202030111210312101200212003030301120122112101302213123101311102121203213330213022031132212222132323333
100000000010010110102010202000111010200111102002020301112103121012002120030303011201221121013022131231013111021212032133303
100000000010010110102010202000111010200111102002020301112103121012002120030303011201221121013022131231013112
100000000010010110102010202000111010200111102002020301112103121012002120030303011201221121013022131231013113
10000000001001011010201020200011101020011110200202030111210312101200212003030301120122112101302213123101312
10000000001001011010201020200011101020011110200202030111210312101200212003030301120122112101302213123101313
10000000001001011010201020200011101020011110200202030111210312101200212003030301120122112101302213123102
10000000001001011010201020200011101020011110200202030111210312101200212003030301120122112101302213123103
100000000010010110102010202000111010200111102002020301112103121012002120030303011201221121013022132
100000000010010110102010202000111010200111102002020301112103121012002120030303011201221121013022133
10000000001001011010201020200011101020011110200202030111210312101200212003030301120122112101303
10000000001001011010201020200011101020011110200202030111210312101200212003030301120123
1000000000100101101020102020001110102001111020020203011121031210120021200303030112013
100000000010010110102010202000111010200111102002020301113
1000000000100101101020103
100000000010010110103
30000000001001010101020020020203001020101111110
30000000001001010101020020020203001020101111111020200120012002111210312103030300
3000000000100101010102002002020300102010111111102020012001200211121031210303030112012211210130221310
3000000000100101010102002002020300102010111111102020012001200211121031210303030112012211210130221311
3000000000100101010102002002020300102010111111102020012001200211121031210303030112012211210130221312310131110210
3000000000100101010102002002020300102010111111102020012001200211121031210303030112012211210130221312310131110211
300000000010010101010200200202030010201011111110202001200120021112103121030303011201221121013022131231013111021211
30000000001001010101020020020203001020101111111020200120012002111210312103030301120122112101302213123101311102121202
3000000000100101010102002002020300102010111111102020012001200211121031210303030112012211210130221312310131110212120320
300000000010010101010200200202030010201011111110202001200120021112103121030303011201221121013022131231013111021212032130
300000000010010101010200200202030010201011111110202001200120021112103121030303011201221121013022131231013111021212032131
300000000010010101010200200202030010201011111110202001200120021112103121030303011201221121013022131231013111021212032132
30000000001001010101020020020203001020101111111020200120012002111210312103030301120122112101302213123101311102121203213330212201
3000000000100101010102002002020300102010111111102020012001200211121031210303030112012211210130221312310131110212120321333021220230220
300000000010010101010200200202030010201011111110202001200120021112103121030303011201221121013022131231013111021212032133302122023022130
300000000010010101010200200202030010201011111110202001200120021112103121030303011201221121013022131231013111021212032133302122023022131
300000000010010101010200200202030010201011111110202001200120021112103121030303011201221121013022131231013111021212032133302122023022132
300000000010010101010200200202030010201011111110202001200120021112103121030303011201221121013022131231013111021212032133302122023022133
30000000001001010101020020020203001020101111111020200120012002111210312103030301120122112101302213123101311102121203213330212202302222122220
3000000000100101010102002002020300102010111111102020012001200211121031210303030112012211210130221312310131110212120321333021220230222212222131
300000000010010101010200200202030010201011111110202001200120021112103121030303011201221121013022131231013111021212032133302122023022221222213232
300000000010010101010200200202030010201011111110202001200120021112103121030303011201221121013022131231013111021212032133302122023022221222213233031130
300000000010010101010200200202030010201011111110202001200120021112103121030303011201221121013022131231013111021212032133302122023022221222213233031131
300000000010010101010200200202030010201011111110202001200120021112103121030303011201221121013022131231013111021212032133302122023022221222213233031132
30000000001001010101020020020203001020101111111020200120012002111210312103030301120122112101302213123101311102121203213330212202302222122221323303113303
300000000010010101010200200202030010201011111110202001200120021112103121030303011201221121013022131231013111021212032133302122023022221222213233031133132230
300000000010010101010200200202030010201011111110202001200120021112103121030303011201221121013022131231013111021212032133302122023022221222213233031133132231
300000000010010101010200200202030010201011111110202001200120021112103121030303011201221121013022131231013111021212032133302122023022221222213233031133132232
300000000010010101010200200202030010201011111110202001200120021112103121030303011201221121013022131231013111021212032133302122023022221222213233031133132233
30000000001001010101020020020203001020101111111020200120012002111210312103030301120122112101302213123101311102121203213330212202302222122221323303113313231
30000000001001010101020020020203001020101111111020200120012002111210312103030301120122112101302213123101311102121203213330212202302222122221323303113313232
30000000001001010101020020020203001020101111111020200120012002111210312103030301120122112101302213123101311102121203213330212202302222122221323303113313233
300000000010010101010200200202030010201011111110202001200120021112103121030303011201221121013022131231013111021212032133302122023022221222213233031133133
30000000001001010101020020020203001020101111111020200120012002111210312103030301120122112101302213123101311102121203213330212202302222122221323303113323
3000000000100101010102002002020300102010111111102020012001200211121031210303030112012211210130221312310131110212120321333021220230222212222132330311333
30000000001001010101020020020203001020101111111020200120012002111210312103030301120122112101302213123101311102121203213330212202302222122221323303123
30000000001001010101020020020203001020101111111020200120012002111210312103030301120122112101302213123101311102121203213330212202302222122221323303133
3000000000100101010102002002020300102010111111102020012001200211121031210303030112012211210130221312310131110212120321333021220230223
3000000000100101010102002002020300102010111111102020012001200211121031210303030112012211210130221312310131110212120321333021220230230
3000000000100101010102002002020300102010111111102020012001200211121031210303030112012211210130221312310131110212120321333021220230231
3000000000100101010102002002020300102010111111102020012001200211121031210303030112012211210130221312310131110212120321333021220230232
3000000000100101010102002002020300102010111111102020012001200211121031210303030112012211210130221312310131110212120321333021220230233
30000000001001010101020020020203001020101111111020200120012002111210312103030301120122112101302213123101311102121203213330212202303
30000000001001010101020020020203001020101111111020200120012002111210312103030301120122112101302213123101311102121203213330212202312
30000000001001010101020020020203001020101111111020200120012002111210312103030301120122112101302213123101311102121203213330212202313
30000000001001010101020020020203001020101111111020200120012002111210312103030301120122112101302213123101311102121203213330212202322
30000000001001010101020020020203001020101111111020200120012002111210312103030301120122112101302213123101311102121203213330212202323
3000000000100101010102002002020300102010111111102020012001200211121031210303030112012211210130221312310131110212120321333021220233221
3000000000100101010102002002020300102010111111102020012001200211121031210303030112012211210130221312310131110212120321333021220233222
3000000000100101010102002002020300102010111111102020012001200211121031210303030112012211210130221312310131110212120321333021220233223
300000000010010101010200200202030010201011111110202001200120021112103121030303011201221121013022131231013111021212032133302122023323
3000000000100101010102002002020300102010111111102020012001200211121031210303030112012211210130221312310131110212120321333021220233313
300000000010010101010200200202030010201011111110202001200120021112103121030303011201221121013022131231013111021212032133302122023332203
30000000001001010101020020020203001020101111111020200120012002111210312103030301120122112101302213123101311102121203213330212202333221
300000000010010101010200200202030010201011111110202001200120021112103121030303011201221121013022131231013111021212032133302122023332221
300000000010010101010200200202030010201011111110202001200120021112103121030303011201221121013022131231013111021212032133302122023332222
300000000010010101010200200202030010201011111110202001200120021112103121030303011201221121013022131231013111021212032133302122023332223
30000000001001010101020020020203001020101111111020200120012002111210312103030301120122112101302213123101311102121203213330212202333223
300000000010010101010200200202030010201011111110202001200120021112103121030303011201221121013022131231013111021212032133302122023332301
300000000010010101010200200202030010201011111110202001200120021112103121030303011201221121013022131231013111021212032133302122023332302
300000000010010101010200200202030010201011111110202001200120021112103121030303011201221121013022131231013111021212032133302122023332303
300000000010010101010200200202030010201011111110202001200120021112103121030303011201221121013022131231013111021212032133302122023332313
30000000001001010101020020020203001020101111111020200120012002111210312103030301120122112101302213123101311102121203213330212202333232
30000000001001010101020020020203001020101111111020200120012002111210312103030301120122112101302213123101311102121203213330212202333233
300000000010010101010200200202030010201011111110202001200120021112103121030303011201221121013022131231013111021212032133302122023333
300000000010010101010200200202030010201011111110202001200120021112103121030303011201221121013022131231013111021212032133303
300000000010010101010200200202030010201011111110202001200120021112103121030303011201221121013022131231013112
300000000010010101010200200202030010201011111110202001200120021112103121030303011201221121013022131231013113
30000000001001010101020020020203001020101111111020200120012002111210312103030301120122112101302213123101312
30000000001001010101020020020203001020101111111020200120012002111210312103030301120122112101302213123101313
30000000001001010101020020020203001020101111111020200120012002111210312103030301120122112101302213123102
30000000001001010101020020020203001020101111111020200120012002111210312103030301120122112101302213123103
300000000010010101010200200202030010201011111110202001200120021112103121030303011201221121013022132
300000000010010101010200200202030010201011111110202001200120021112103121030303011201221121013022133
30000000001001010101020020020203001020101111111020200120012002111210312103030301120122112101303
30000000001001010101020020020203001020101111111020200120012002111210312103030301120123
3000000000100101010102002002020300102010111111102020012001200211121031210303030112013
300000000010010101010200200202030010201011111110202001200120021113
3000000000100101010102002002020300102010111111103
3000000000100101010102002002020300103
