000
010000
020
0300
0010000
00200
003000
0110
0120
0130
010100
01020
01030
010010
01002000
010030
010001
010002
010003
021
022
023
0310
032000
03300
0301
0302
0303
00110
00120
00130
001010
001020
001030
00100100
0010020
0010030
0010001
0010002
0010003
00210
00220
00230
00201
00202
00203
00310
00320
00330
0030100
003020
003030
003001
003002
003003
0111
0112
0113
0121
0122
0123
0131
0132
0133
010110
010120
010130
010101
010102
010103
01021
01022
01023
01031
01032
01033
010011
010012
010013
0100210
0100220
0100230
01002010
01002020
01002030
01002001
01002002
01002003
010031
010032
010033
0311
0312
0313
03210
03220
03230
032010
032020
032030
032001
032002
032003
03310
03320
03330
03301
03302
03303
00111
00112
00113
00121
00122
00123
00131
00132
00133
001011
001012
001013
001021
001022
001023
001031
001032
001033
00100110
00100120
00100130
00100101
00100102
00100103
0010021
0010022
0010023
0010031
0010032
0010033
00211
00212
00213
00221
00222
00223
00231
00232
00233
00311
00312
00313
00321
00322
00323
00331
00332
00333
0030110
0030120
0030130
0030101
0030102
0030103
003021
003022
003023
003031
003032
003033
010111
010112
010113
010121
010122
010123
010131
010132
010133
0100211
0100212
0100213
0100221
0100222
0100223
0100231
0100232
0100233
01002011
01002012
01002013
01002021
01002022
01002023
01002031
01002032
01002033
03211
03212
03213
03221
03222
03223
03231
03232
03233
032011
032012
032013
032021
032022
032023
032031
032032
032033
03311
03312
03313
03321
03322
03323
03331
03332
03333
00100111
00100112
00100113
00100121
00100122
00100123
00100131
00100132
00100133
0030111
0030112
0030113
0030121
0030122
0030123
0030131
0030132
0030133
200
2100000
220
2300
201
202
203
2110
21200
2130
210100
21020000000
21030
210010
210020
21003000
21000100
2100020
2100030
2100001
2100002
2100003
221
222
223
2310
2320
23300
2301
2302
2303
2111
2112
2113
21210
21220
212300
21201
21202
21203
2131
2132
2133
210110
210120
210130
210101
210102
210103
210210
210220
210230
2102010
2102020
2102030
21020010
21020020
21020030
210200010
210200020
210200030
2102000010
2102000020
2102000030
21020000010
2102000002
21020000030
21020000001
21020000002
21020000003
21031
21032
21033
210011
210012
210013
210021
210022
210023
2100310
2100320
2100330
210030100
21003020
21003030
21003001
21003002
21003003
21000110
21000120
21000130
21000101
21000102
21000103
2100021
2100022
2100023
2100031
2100032
2100033
2311
2312
2313
2321
2322
2323
23310
23320
23330
23301
23302
23303
21211
21212
21213
21221
21222
21223
212310
212320
212330
212301
212302
212303
210111
210112
210113
210121
210122
210123
210131
210132
210133
210211
210212
210213
210221
210222
210223
210231
210232
210233
2102011
2102012
2102013
2102021
2102022
2102023
2102031
2102032
2102033
21020011
21020012
21020013
21020021
21020022
21020023
21020031
21020032
21020033
210200011
210200012
210200013
210200021
210200022
210200023
210200031
210200032
210200033
2102000011
2102000012
2102000013
2102000021
2102000022
2102000023
2102000031
2102000032
2102000033
21020000011
21020000012
21020000013
21020000031
21020000032
21020000033
2100311
2100312
2100313
2100321
2100322
2100323
2100331
2100332
2100333
210030110
210030120
210030130
210030101
210030102
210030103
21003021
21003022
21003023
21003031
21003032
21003033
21000111
21000112
21000113
21000121
21000122
21000123
21000131
21000132
21000133
23311
23312
23313
23321
23322
23323
23331
23332
23333
212311
212312
212313
212321
212322
212323
212331
212332
212333
210030111
210030112
210030113
210030121
210030122
210030123
210030131
210030132
210030133
10000000
1100
1200
130000
101000
1020
1030
1001000
100200
10030
100010
1000200
10003000
1000010
1000020
1000030
1000001
10000020
10000030
10000001
10000002
10000003
11100
1120
1130
1101
1102
1103
1210
1220
1230
1201
1202
1203
1310
1320
1330
13010
13020
13030
130010
130020
130030
130001
130002
130003
10110
10120
10130
101010
101020
101030
101001
101002
101003
1021
1022
1023
1031
1032
1033
100110
100120
100130
1001010
1001020
1001030
1001001
1001002
1001003
100210
100220
100230
100201
100202
100203
10031
10032
10033
100011
100012
100013
1000210
1000220
1000230
1000201
1000202
1000203
1000310
1000320
1000330
10003010
10003020
10003030
10003001
10003002
10003003
1000011
1000012
1000013
1000021
1000022
1000023
1000031
1000032
1000033
10000021
10000022
10000023
10000031
10000032
10000033
11110
11120
11130
11101
11102
11103
1121
1122
1123
1131
1132
1133
1211
1212
1213
1221
1222
1223
1231
1232
1233
1311
1312
1313
1321
1322
1323
1331
1332
1333
13011
13012
13013
13021
13022
13023
13031
13032
13033
130011
130012
130013
130021
130022
130023
130031
130032
130033
10111
10112
10113
10121
10122
10123
10131
10132
10133
101011
101012
101013
101021
101022
101023
101031
101032
101033
100111
100112
100113
100121
100122
100123
100131
100132
100133
1001011
1001012
1001013
1001021
1001022
1001023
1001031
1001032
1001033
100211
100212
100213
100221
100222
100223
100231
100232
100233
1000211
1000212
1000213
1000221
1000222
1000223
1000231
1000232
1000233
1000311
1000312
1000313
1000321
1000322
1000323
1000331
1000332
1000333
10003011
10003012
10003013
10003021
10003022
10003023
10003031
10003032
10003033
11111
11112
11113
11121
11122
11123
11131
11132
11133
3000
310
320000
330000000
301000
30200
3030
3001
3002
3003
311
312
313
3210
3220
3230
32010
320200
32030
320010
320020
320030
320001
320002
320003
3310
33200
3330
33010
33020
33030
3300100
3300200
330030
3300010
33000200
33000300
33000010
33000020
33000030
330000010
330000020
33000003
330000001
330000002
330000003
30110
30120
30130
301010
301020
301030
301001
301002
301003
30210
30220
30230
30201
30202
30203
3031
3032
3033
3211
3212
3213
3221
3222
3223
3231
3232
3233
32011
32012
32013
320210
320220
320230
320201
320202
320203
32031
32032
32033
320011
320012
320013
320021
320022
320023
320031
320032
320033
3311
3312
3313
33210
33220
33230
33201
33202
33203
3331
3332
3333
33011
33012
33013
33021
33022
33023
33031
33032
33033
3300110
3300120
3300130
3300101
3300102
3300103
3300210
3300220
3300230
3300201
3300202
3300203
330031
330032
330033
3300011
3300012
3300013
33000210
33000220
33000230
33000201
33000202
33000203
33000310
33000320
33000330
33000301
33000302
33000303
33000011
33000012
33000013
33000021
33000022
33000023
33000031
33000032
33000033
330000011
330000012
330000013
330000021
330000022
330000023
30111
30112
30113
30121
30122
30123
30131
30132
30133
301011
301012
301013
301021
301022
301023
301031
301032
301033
30211
30212
30213
30221
30222
30223
30231
30232
30233
320211
320212
320213
320221
320222
320223
320231
320232
320233
33211
33212
33213
33221
33222
33223
33231
33232
33233
3300111
3300112
3300113
3300121
3300122
3300123
3300131
3300132
3300133
3300211
3300212
3300213
3300221
3300222
3300223
3300231
3300232
3300233
33000211
33000212
33000213
33000221
33000222
33000223
33000231
33000232
33000233
33000311
33000312
33000313
33000321
33000322
33000323
33000331
33000332
33000333
