001000101020300102321
001000101020300102322312
001000101020300102322313001
00100010102030010232231300200
001000101020300102322313002012
001000101020300102322313002013
0010001010203001023223130021
00100010102030010232231300221
00100010102030010232231300222313
001000101020300102322313002223230
00100010102030010232231300222323111
001000101020300102322313002223231121
001000101020300102322313002223231122
001000101020300102322313002223231123
0010001010203001023223130022232311312
0010001010203001023223130022232311313
001000101020300102322313002223231132
0010001010203001023223130022232311332
0010001010203001023223130022232311333
001000101020300102322313002223232
001000101020300102322313002223233
0010001010203001023223130022233
001000101020300102323
