00000
010000
0200
030
00100
0020
0030
00010
000200
000300
00001
00002
00003
0110
0120
0130
01010
010200
0103000
010010
010020
010030
010001
010002
010003
0210
0220
0230
0201
0202
0203
031
032
033
00110
00120
00130
00101
00102
00103
0021
0022
0023
0031
0032
0033
00011
00012
00013
000210
000220
000230
000201
000202
000203
000310
000320
000330
000301
000302
000303
0111
0112
0113
01210
01220
01230
0131
0132
0133
01011
01012
01013
010210
010220
010230
010201
010202
010203
010310
010320
010330
0103010
0103020
0103030
0103001
0103002
0103003
010011
010012
010013
010021
010022
010023
010031
010032
010033
0211
0212
0213
0221
0222
0223
0231
0232
0233
00111
00112
00113
00121
00122
00123
00131
00132
00133
000211
000212
000213
000221
000222
000223
000231
000232
000233
000311
000312
000313
000321
000322
000323
000331
000332
000333
01211
01212
01213
01221
01222
01223
01231
01232
01233
010211
010212
010213
010221
010222
010223
010231
010232
010233
010311
010312
010313
010321
010322
010323
010331
010332
010333
0103011
0103012
0103013
0103021
0103022
0103023
0103031
0103032
0103033
200
210000
22000
23000
201
202
203
2110
21200
2130
210100
21020
21030
210010
2100200
2100300
210001
210002
210003
2210
222
2230
220100
22020
22030
22001
22002
22003
2310
2320
2330
23010
230200
23030
23001
23002
23003
2111
2112
2113
21210
21220
21230
21201
21202
21203
2131
2132
2133
210110
210120
210130
210101
210102
210103
21021
21022
21023
21031
21032
21033
210011
210012
210013
2100210
2100220
2100230
2100201
2100202
2100203
2100310
2100320
2100330
2100301
2100302
2100303
2211
2212
2213
2231
2232
2233
220110
220120
220130
220101
220102
220103
22021
22022
22023
22031
22032
22033
2311
2312
2313
2321
2322
2323
2331
2332
2333
23011
23012
23013
230210
230220
230230
230201
230202
230203
23031
23032
23033
21211
21212
21213
21221
21222
21223
21231
21232
21233
210111
210112
210113
210121
210122
210123
210131
210132
210133
2100211
2100212
2100213
2100221
2100222
2100223
2100231
2100232
2100233
2100311
2100312
2100313
2100321
2100322
2100323
2100331
2100332
2100333
220111
220112
220113
220121
220122
220123
220131
220132
220133
230211
230212
230213
230221
230222
230223
230231
230232
230233
1000000
110
12000
130
10100
10200
1030
100100
100200
10030
1000100
100020
100030
1000010
10000200
1000030
1000001
1000002
1000003
111
112
113
1210
1220
1230
12010
120200
12030
12001
12002
12003
131
132
133
10110
10120
10130
10101
10102
10103
10210
10220
10230
10201
10202
10203
1031
1032
1033
100110
100120
100130
100101
100102
100103
100210
100220
100230
100201
100202
100203
10031
10032
10033
1000110
1000120
1000130
1000101
1000102
1000103
100021
100022
100023
100031
100032
100033
1000011
1000012
1000013
10000210
10000220
10000230
10000201
10000202
10000203
1000031
1000032
1000033
1211
1212
1213
1221
1222
1223
1231
1232
1233
12011
12012
12013
12021
120220
120230
120201
120202
120203
12031
12032
12033
10111
10112
10113
10121
10122
10123
10131
10132
10133
10211
10212
10213
10221
10222
10223
10231
10232
10233
100111
100112
100113
100121
100122
100123
100131
100132
100133
100211
100212
100213
100221
100222
100223
100231
100232
100233
1000111
1000112
1000113
1000121
1000122
1000123
1000131
1000132
1000133
10000211
10000212
10000213
10000221
10000222
10000223
10000231
10000232
10000233
120221
120222
120223
120231
120232
120233
3000
310
32000
33000
30100
30200
3030
3001
3002
3003
311
312
313
3210
3220
3230
3201000
32020
32030
32001
32002
32003
3310
3320
3330
33010
330200
3303000
33001
33002
33003
30110
30120
30130
30101
30102
30103
30210
30220
30230
30201
30202
30203
3031
3032
3033
3211
3212
3213
3221
3222
3223
3231
3232
3233
320110
320120
320130
3201010
32010200
3201030
3201001
3201002
3201003
32021
32022
32023
32031
32032
32033
3311
3312
3313
3321
3322
3323
3331
3332
3333
33011
33012
33013
330210
330220
33023
330201
330202
330203
330310
330320
330330
3303010
3303020
3303030
3303001
3303002
3303003
30111
30112
30113
30121
30122
30123
30131
30132
30133
30211
30212
30213
30221
30222
30223
30231
30232
30233
320111
320112
320113
320121
320122
320123
320131
320132
320133
3201011
3201012
3201013
32010210
32010220
32010230
32010201
32010202
32010203
3201031
3201032
3201033
330211
330212
330213
330221
330222
330223
330311
330312
330313
330321
330322
330323
330331
330332
330333
3303011
3303012
3303013
3303021
3303022
3303023
3303031
3303032
3303033
32010211
32010212
32010213
32010221
32010222
32010223
32010231
32010232
32010233
