0,4,4
0,8,9,12,6,11,5,1,12
0,5
0,4,2,10,8
0,4,11
0,8,10
0,8,5
0,8,6
0,8,9,11
0,8,9,4
0,8,9,0
0,8,9,12,0
0,8,9,12,2
0,8,9,12,6,4
0,8,9,12,6,8
0,8,9,12,6,9
0,8,9,12,6,11,6
0,8,9,12,6,11,1
0,8,9,12,6,11,4
0,8,9,12,6,11,5,5
0,8,9,12,6,11,5,12
0,8,9,12,6,11,5,11
0,8,9,12,6,11,5,1,13,5
0,8,9,12,6,11,5,1,2
0,4,2,7,2
0,4,2,2
0,4,2,10,13
0,4,2,10,12
0,8,9,12,6,11,5,1,13,13
0,8,9,12,6,11,5,1,13,0
0,8,9,12,6,11,5,1,13,3,6
0,4,2,7,3
0,4,2,7,5
0,4,2,7,6
0,8,9,12,6,11,5,1,13,3,13
0,8,9,12,6,11,5,1,13,3,8
0,8,9,12,6,11,5,1,13,3,12
