0001002003011001200110110020210030
0001002003011001200110110020210031101301202130310220230
000100200301100120011011002021003110130120213031022023121320
000100200301100120011011002021003110130120213031022023121321
000100200301100120011011002021003110130120213031022023121322302
00010020030110012001101100202100311013012021303102202312132230311103121120320
0001002003011001200110110020210031101301202130310220231213223031110312112032130
0001002003011001200110110020210031101301202130310220231213223031110312112032131322
0001002003011001200110110020210031101301202130310220231213223031110312112032131323212
000100200301100120011011002021003110130120213031022023121322303111031211203213132321331
000100200301100120011011002021003110130120213031022023121322303111031211203213132321332
000100200301100120011011002021003110130120213031022023121322303111031211203213132321333222
0001002003011001200110110020210031101301202130310220231213223031110312112032131323213332233
000100200301100120011011002021003110130120213031022023121322303111031211203213132321333233
000100200301100120011011002021003110130120213031022023121322303111031211203213133
0001002003011001200110110020210031101301202130310220231213223031110312112032132
0001002003011001200110110020210031101301202130310220231213223031110312112032133
0001002003011001200110110020210031101301202130310220231213223031110312112032223
0001002003011001200110110020210031101301202130310220231213223031110312112032230
0001002003011001200110110020210031101301202130310220231213223031110312112032231
0001002003011001200110110020210031101301202130310220231213223031110312112032232
0001002003011001200110110020210031101301202130310220231213223031110312112032233
0001002003011001200110110020210031101301202130310220231213223031110312112033
00010020030110012001101100202100311013012021303102202312132230311103121121
00010020030110012001101100202100311013012021303102202312132230311103121122
00010020030110012001101100202100311013012021303102202312132230311103121123
000100200301100120011011002021003110130120213031022023121322303111031212
000100200301100120011011002021003110130120213031022023121322303111031213
0001002003011001200110110020210031101301202130310220231213223031111
0001002003011001200110110020210031101301202130310220231213223031112
0001002003011001200110110020210031101301202130310220231213223031113
00010020030110012001101100202100311013012021303102203
00010020030110012001101100202101
00010020030110012001101100202102
00010020030110012001101100202103
10001002011001200110110020210030
100010020110012001101100202100311022003013012021303111031120320
1000100201100120011011002021003110220030130120213031110311203213020
1000100201100120011011002021003110220030130120213031110311203213021
100010020110012001101100202100311022003013012021303111031120321302230312122230
1000100201100120011011002021003110220030130120213031110311203213022303121222312
100010020110012001101100202100311022003013012021303111031120321302230312122231321
1000100201100120011011002021003110220030130120213031110311203213022303121222313221222
10001002011001200110110020210031102200301301202130311103112032130223031212223132212233132
10001002011001200110110020210031102200301301202130311103112032130223031212223132212233133
100010020110012001101100202100311022003013012021303111031120321302230312122231322122332
10001002011001200110110020210031102200301301202130311103112032130223031212223132212233323
1000100201100120011011002021003110220030130120213031110311203213022303121222313221223333
100010020110012001101100202100311022003013012021303111031120321302230312122231322123
100010020110012001101100202100311022003013012021303111031120321302230312122232
100010020110012001101100202100311022003013012021303111031120321302230312122233
10001002011001200110110020210031102200301301202130311103112032130223031212230
10001002011001200110110020210031102200301301202130311103112032130223031212231
10001002011001200110110020210031102200301301202130311103112032130223031212232
10001002011001200110110020210031102200301301202130311103112032130223031212233
10001002011001200110110020210031102200301301202130311103112032130223031213
100010020110012001101100202100311022003013012021303111031120321302230313
10001002011001200110110020210031102200301301202130311103112032131
10001002011001200110110020210031102200301301202130311103112032132
10001002011001200110110020210031102200301301202130311103112032133
10001002011001200110110020210031102200301301202130311103112033
100010020110012001101100202100311022003013012021303111031121
100010020110012001101100202100311022003013012021303111031122
100010020110012001101100202100311022003013012021303111031123
1000100201100120011011002021003110220030130120213031111
1000100201100120011011002021003110220030130120213031112
1000100201100120011011002021003110220030130120213031113
100010020110012001101100202100311022003023
10001002011001200110110020210031102200303
100010020110012001101100202101
100010020110012001101100202102
100010020110012001101100202103
20001002011001200110110020210030
200010020110012001101100202100311022003013012021303103211031120
2000100201100120011011002021003110220030130120213031032110311213020
2000100201100120011011002021003110220030130120213031032110311213021
20001002011001200110110020210031102200301301202130310321103112130223031211
200010020110012001101100202100311022003013012021303103211031121302230312122230
2000100201100120011011002021003110220030130120213031032110311213022303121222312
200010020110012001101100202100311022003013012021303103211031121302230312122231321
2000100201100120011011002021003110220030130120213031032110311213022303121222313221222
20001002011001200110110020210031102200301301202130310321103112130223031212223132212233132
20001002011001200110110020210031102200301301202130310321103112130223031212223132212233133
200010020110012001101100202100311022003013012021303103211031121302230312122231322122332
20001002011001200110110020210031102200301301202130310321103112130223031212223132212233323
2000100201100120011011002021003110220030130120213031032110311213022303121222313221223333
200010020110012001101100202100311022003013012021303103211031121302230312122231322123
200010020110012001101100202100311022003013012021303103211031121302230312122232
200010020110012001101100202100311022003013012021303103211031121302230312122233
20001002011001200110110020210031102200301301202130310321103112130223031212230
20001002011001200110110020210031102200301301202130310321103112130223031212231
20001002011001200110110020210031102200301301202130310321103112130223031212232
20001002011001200110110020210031102200301301202130310321103112130223031212233
20001002011001200110110020210031102200301301202130310321103112130223031213
200010020110012001101100202100311022003013012021303103211031121302230313
20001002011001200110110020210031102200301301202130310321103112131
20001002011001200110110020210031102200301301202130310321103112132
20001002011001200110110020210031102200301301202130310321103112133
200010020110012001101100202100311022003013012021303103211031122
200010020110012001101100202100311022003013012021303103211031123
2000100201100120011011002021003110220030130120213031032111
2000100201100120011011002021003110220030130120213031032112
2000100201100120011011002021003110220030130120213031032113
2000100201100120011011002021003110220030130120213031033
200010020110012001101100202100311022003023
20001002011001200110110020210031102200303
200010020110012001101100202101
200010020110012001101100202102
200010020110012001101100202103
3000010110110020110020200210030
3000010110110020110020200210031101212030130300310220131110
300001011011002011002020021003110121203013030031022013111120
300001011011002011002020021003110121203013030031022013111121
300001011011002011002020021003110121203013030031022013111122302
300001011011002011002020021003110121203013030031022013111122303121120320
30000101101100201100202002100311012120301303003102201311112230312112032130
3000010110110020110020200210031101212030130300310220131111223031211203213130
30000101101100201100202002100311012120301303003102201311112230312112032131312132
3000010110110020110020200210031101212030130300310220131111223031211203213131213321331
30000101101100201100202002100311012120301303003102201311112230312112032131312133213322
30000101101100201100202002100311012120301303003102201311112230312112032131312133213323
3000010110110020110020200210031101212030130300310220131111223031211203213131213321333222
30000101101100201100202002100311012120301303003102201311112230312112032131312133213332233
300001011011002011002020021003110121203013030031022013111122303121120321313121332133323
3000010110110020110020200210031101212030130300310220131111223031211203213132
3000010110110020110020200210031101212030130300310220131111223031211203213133
30000101101100201100202002100311012120301303003102201311112230312112032132
30000101101100201100202002100311012120301303003102201311112230312112032133
30000101101100201100202002100311012120301303003102201311112230312112032223
30000101101100201100202002100311012120301303003102201311112230312112032231
30000101101100201100202002100311012120301303003102201311112230312112032232
30000101101100201100202002100311012120301303003102201311112230312112032233
30000101101100201100202002100311012120301303003102201311112230312112033
300001011011002011002020021003110121203013030031022013111122303121121
300001011011002011002020021003110121203013030031022013111122303121122
300001011011002011002020021003110121203013030031022013111122303121123
3000010110110020110020200210031101212030130300310220131111223031212
3000010110110020110020200210031101212030130300310220131111223031213
3000010110110020110020200210031101212030130300310220131112
3000010110110020110020200210031101212030130300310220131113
300001011011002011002020021003110121203013030031022023
30000101101100201100202002100311012120301303003102203
30000101101100201100202002101
30000101101100201100202002102
30000101101100201100202002103
