0 1 3 10 17 9 8 3 13 2 6 16 5 5 8 1 9 6 3 7 17 15 13 13 15 5 2 0 13 14 18 6 9 11 3 11 12 4 19 19 6 11 3
0 1 3 10 17 9 8 3 13 2 6 16 5 5 8 1 9 6 3 7 17 15 13 13 15 5 2 0 13 14 18 6 9 11 3 11 12 4 19 19 6 11 1 0 18 6
0 1 3 10 17 9 8 3 13 2 6 16 5 5 8 1 9 6 3 7 17 15 13 13 15 5 2 0 13 14 18 6 9 11 3 11 12 4 19 19 6 11 1 0 18 9 7 16 8 16 4 15 4 14 14 0 6
0 1 3 10 17 9 8 3 13 2 6 16 5 5 8 1 9 6 3 7 17 15 13 13 15 5 2 0 13 14 18 6 9 11 3 11 12 4 19 19 6 11 1 0 18 9 7 16 8 16 4 15 4 14 14 18 7 14
0 1 3 10 17 9 8 3 13 2 6 16 5 5 8 1 9 6 3 7 17 15 13 13 15 5 2 0 13 14 18 6 9 11 3 11 12 4 19 19 6 11 1 0 18 9 7 16 8 16 4 15 4 14 14 18 7 13
0 1 3 10 17 9 8 3 13 2 6 16 5 5 8 1 9 6 3 7 17 15 13 13 15 5 2 0 13 14 18 6 9 11 3 11 12 4 19 19 6 11 1 0 18 9 7 16 8 16 4 15 4 5 1 2 12 11
0 1 3 10 17 9 8 3 13 2 6 16 5 5 8 1 9 6 3 7 17 15 13 13 15 5 2 0 13 14 18 6 9 11 3 11 12 4 19 19 6 11 1 0 18 9 7 16 8 16 4 15 4 5 1 2 12 0
0 1 3 10 17 9 8 3 13 2 6 16 5 5 8 1 9 6 3 7 17 15 13 13 15 5 2 0 13 14 18 6 9 11 3 11 12 4 19 19 6 11 1 0 18 9 7 16 8 16 4 15 4 5 1 2 12 2
0 1 3 10 17 9 8 3 13 2 6 16 5 5 8 1 9 6 3 7 17 15 13 13 15 5 2 0 13 14 18 6 9 11 3 11 12 4 19 19 6 11 1 0 18 9 7 16 8 16 4 15 3
0 1 3 10 17 9 8 3 13 2 6 16 5 5 8 1 9 6 3 7 17 15 13 13 15 5 2 0 13 14 18 6 9 11 3 11 12 4 19 19 6 11 1 0 18 9 7 16 8 16 10 11
0 1 3 10 17 9 8 3 13 2 6 16 5 5 8 1 9 6 3 7 17 15 13 13 15 5 2 0 13 14 18 6 9 11 3 11 12 4 19 19 6 11 1 0 18 9 7 16 8 16 10 10 8 9
0 1 3 10 17 9 8 3 13 2 6 16 5 5 8 1 9 6 3 7 17 15 13 13 15 5 2 0 13 14 18 6 9 11 3 11 12 4 19 19 13
0 1 3 10 17 9 8 3 13 2 6 16 5 5 8 1 9 6 3 7 17 5
