0000101010010202030202030
00001010100102020302020311112113121
0000101010010202030202031111211312230312
0000101010010202030202031111211312230313212130
0000101010010202030202031111211312230313212131
0000101010010202030202031111211312230313212132
000010101001020203020203111121131223031321213332
000010101001020203020203111121131223031321213333
00001010100102020302020311112113122303132122223
0000101010010202030202031111211312230313212223233
0000101010010202030202031111211313
00001010100102020303
1000010010201011111212030202030
10000100102010111112120302020313121
10000100102010111112120302020313122302
1000010010201011111212030202031312230313212130
1000010010201011111212030202031312230313212131
1000010010201011111212030202031312230313212132
100001001020101111121203020203131223031321213332
100001001020101111121203020203131223031321213333
10000100102010111112120302020313122303132122223
1000010010201011111212030202031312230313212223233
1000010010201011111212030202031313
10000100102010111112120303
2000010100102010211112030302130
20000101001020102111120303021312113120
20000101001020102111120303021312113121
20000101001020102111120303021312113122302
2000010100102010211112030302131211312230312
200001010010201021111203030213121131223031322232231
200001010010201021111203030213121131223031322232232
2000010100102010211112030302131211312230313222322333
200001010010201021111203030213121131223031322232332
200001010010201021111203030213121131223031322232333
2000010100102010211112030302131211313
2000010100102010211112030303
3000010010201010302020311112113120
3000010010201010302020311112113121
3000010010201010302020311112113122302
300001001020101030202031111211312230312
300001001020101030202031111211312230313212130
300001001020101030202031111211312230313212131
300001001020101030202031111211312230313212132
30000100102010103020203111121131223031321213332
30000100102010103020203111121131223031321213333
3000010010201010302020311112113122303132122223
300001001020101030202031111211312230313212223233
300001001020101030202031111211313
3000010010201010303
