0,1,0
0,16,5,9,12,14,11,12
0,13,9
0,1,16
0,1,12
0,1,14
0,2,3,7,10,13
0,2,0
0,16,13
0,16,8,5
0,16,9
0,16,5,8
0,16,5,15,9
0,16,5,9,5
0,16,5,9,16
0,16,5,9,12,9
0,16,5,9,12,14,0
0,16,5,9,12,14,12
0,16,5,9,12,14,3
0,16,5,9,12,14,11,10
0,16,5,9,12,14,11,8
0,16,5,9,12,14,11,13
0,13,12
0,13,4,0
0,13,6,11
0,2,3,11
0,2,3,14
0,2,3,7,11
0,2,3,7,0
0,2,3,7,10,7
0,2,3,7,10,14
0,2,3,7,10,16
0,2,17,0
0,2,17,9
0,16,8,3
0,16,8,17
0,16,5,15,6
0,16,5,15,7
0,16,5,15,0
0,13,4,14
0,13,4,7
0,13,4,9
0,13,6,3
0,13,6,17
0,13,6,6
