1000
11
12000
130
101000
1020
1030
1001
1002
1003
1210
1220
1230
1201000
12020
12030
12001
12002
12003
131
132
133
101100
101200
10130
101010
101020
101030
101001
101002
101003
1021
1022
1023
1031
1032
1033
1211
1212
1213
1221
1222
1223
1231
1232
1233
120110
120120
120130
12010100
1201020
12010300
1201001
1201002
1201003
12021
12022
12023
12031
12032
12033
101110
101120
101130
101101
101102
101103
101210
101220
101230
101201
101202
101203
10131
10132
10133
101011
101012
101013
101021
101022
101023
101031
101032
101033
120111
120112
120113
120121
120122
120123
120131
120132
120133
12010110
12010120
12010130
12010101
12010102
12010103
1201021
1201022
1201023
12010310
12010320
12010330
12010301
12010302
12010303
101111
101112
101113
101121
101122
101123
101131
101132
101133
101211
101212
101213
101221
101222
101223
101231
101232
101233
12010111
12010112
12010113
12010121
12010122
12010123
12010131
12010132
12010133
12010311
12010312
12010313
12010321
12010322
12010323
12010331
12010332
12010333
30000
3100
320
330
301000
3020
3030
3001000
30020
30030
30001
30002
30003
3110
3120
313
3101
3102
3103
321
322
323
331
332
333
30110
30120
30130
3010100
301020
30103000
301001
301002
301003
3021
3022
3023
3031
3032
3033
300110
3001200
300130
3001010
3001020
3001030
3001001
3001002
3001003
30021
30022
30023
30031
30032
30033
3111
3112
3113
3121
3122
3123
30111
30112
30113
30121
30122
30123
30131
30132
30133
3010110
3010120
3010130
3010101
3010102
3010103
301021
301022
301023
3010310
3010320
3010330
30103010
30103020
30103030
30103001
30103002
30103003
300111
300112
300113
3001210
3001220
3001230
3001201
3001202
3001203
300131
300132
300133
3001011
3001012
3001013
3001021
3001022
3001023
3001031
3001032
3001033
3010111
3010112
3010113
3010121
3010122
3010123
3010131
3010132
3010133
3010311
3010312
3010313
3010321
3010322
3010323
3010331
3010332
3010333
30103011
30103012
30103013
30103021
30103022
30103023
30103031
30103032
30103033
3001211
3001212
3001213
3001221
3001222
3001223
3001231
3001232
3001233
000
01000
0200
030
001
002
003
011000
012000
0130
01010
01020
01030
010010
010020
010030
02100
0220
0230
0201
0202
0203
031
032
033
01110
011200
01130
011010
011020
0110300
011001
011002
011003
01210
01220
01230
012010
012020
012030
012001
012002
012003
0131
0132
0133
01011
01012
01013
01021
01022
01023
01031
01032
01033
010011
010012
010013
010021
010022
010023
010031
010032
010033
02110
02120
02130
02101
02102
02103
0221
0222
0223
0231
0232
0233
01111
01112
01113
011210
011220
011230
011201
011202
011203
01131
01132
01133
011011
011012
011013
011021
011022
011023
0110310
0110320
0110330
0110301
0110302
0110303
01211
01212
01213
01221
01222
01223
01231
01232
01233
012011
012012
012013
012021
012022
012023
012031
012032
012033
02111
02112
02113
02121
02122
02123
02131
02132
02133
011211
011212
011213
011221
011222
011223
011231
011232
011233
0110311
0110312
0110313
0110321
0110322
0110323
0110331
0110332
0110333
20000
2100
220
230
201000
2020
2030
2001000
20020
20030
20001
20002
20003
2110
212
2130
2101
2102
2103
221
222
223
231
232
233
20110
20120
20130
2010100
201020
20103000
201001
201002
201003
2021
2022
2023
2031
2032
2033
200110
2001200
200130
2001010
2001020
2001030
2001001
2001002
2001003
20021
20022
20023
20031
20032
20033
2111
2112
2113
2131
2132
2133
20111
20112
20113
20121
20122
20123
20131
20132
20133
2010110
2010120
2010130
2010101
2010102
2010103
201021
201022
201023
2010310
2010320
2010330
20103010
20103020
20103030
20103001
20103002
20103003
200111
200112
200113
2001210
2001220
2001230
2001201
2001202
2001203
200131
200132
200133
2001011
2001012
2001013
2001021
2001022
2001023
2001031
2001032
2001033
2010111
2010112
2010113
2010121
2010122
2010123
2010131
2010132
2010133
2010311
2010312
2010313
2010321
2010322
2010323
2010331
2010332
2010333
20103011
20103012
20103013
20103021
20103022
20103023
20103031
20103032
20103033
2001211
2001212
2001213
2001221
2001222
2001223
2001231
2001232
2001233
