1001002000101103000
100100200010110300120021130220
100100200010110300120021130221
10010020001011030012002113022230
10010020001011030012002113022231
10010020001011030012002113022232
1001002000101103001200211302223310111
1001002000101103001200211302223310112
10010020001011030012002113022233101132010202003301
10010020001011030012002113022233101132010202003302103
1001002000101103001200211302223310113201020200330211
100100200010110300120021130222331011320102020033021220112
100100200010110300120021130222331011320102020033021220113
100100200010110300120021130222331011320102020033021220123
10010020001011030012002113022233101132010202003302122013
1001002000101103001200211302223310113201020200330212202103030
1001002000101103001200211302223310113201020200330212202103031
1001002000101103001200211302223310113201020200330212202103032
1001002000101103001200211302223310113201020200330212202103033
10010020001011030012002113022233101132010202003302122021031
10010020001011030012002113022233101132010202003302122021032
10010020001011030012002113022233101132010202003302122021033
1001002000101103001200211302223310113201020200330212202111
1001002000101103001200211302223310113201020200330212202112
1001002000101103001200211302223310113201020200330212202113
1001002000101103001200211302223310113201020200330212202121
10010020001011030012002113022233101132010202003302122021223131
100100200010110300120021130222331011320102020033021220212231322021
100100200010110300120021130222331011320102020033021220212231322022
10010020001011030012002113022233101132010202003302122021223132202321330
10010020001011030012002113022233101132010202003302122021223132202321331
10010020001011030012002113022233101132010202003302122021223132202321332333
1001002000101103001200211302223310113201020200330212202122313220232212
1001002000101103001200211302223310113201020200330212202122313220232213
100100200010110300120021130222331011320102020033021220212231322023222
100100200010110300120021130222331011320102020033021220212231322023223
1001002000101103001200211302223310113201020200330212202122313220232303
100100200010110300120021130222331011320102020033021220212231322023231
100100200010110300120021130222331011320102020033021220212231322023232
100100200010110300120021130222331011320102020033021220212231322023233
10010020001011030012002113022233101132010202003302122021223132203
100100200010110300120021130222331011320102020033021220212231323
10010020001011030012002113022233101132010202003303
000100010110201112002103000
00010001011020111200210300130220
00010001011020111200210300130221
0001000101102011120021030013022230
0001000101102011120021030013022231
0001000101102011120021030013022232
000100010110201112002103001302223310201030
000100010110201112002103001302223310201031
000100010110201112002103001302223310201032
0001000101102011120021030013022233102010332020033012
0001000101102011120021030013022233102010332020033013
000100010110201112002103001302223310201033202003302103
00010001011020111200210300130222331020103320200330211
0001000101102011120021030013022233102010332020033021220111
0001000101102011120021030013022233102010332020033021220112
0001000101102011120021030013022233102010332020033021220113
0001000101102011120021030013022233102010332020033021220123
000100010110201112002103001302223310201033202003302122013
000100010110201112002103001302223310201033202003302122021030
000100010110201112002103001302223310201033202003302122021031
000100010110201112002103001302223310201033202003302122021032
000100010110201112002103001302223310201033202003302122021033
00010001011020111200210300130222331020103320200330212202111
00010001011020111200210300130222331020103320200330212202112
00010001011020111200210300130222331020103320200330212202113
00010001011020111200210300130222331020103320200330212202121
000100010110201112002103001302223310201033202003302122021223131
0001000101102011120021030013022233102010332020033021220212231322021
0001000101102011120021030013022233102010332020033021220212231322022
000100010110201112002103001302223310201033202003302122021223132202321330
000100010110201112002103001302223310201033202003302122021223132202321331
000100010110201112002103001302223310201033202003302122021223132202321332333
00010001011020111200210300130222331020103320200330212202122313220232212
00010001011020111200210300130222331020103320200330212202122313220232213
0001000101102011120021030013022233102010332020033021220212231322023222
0001000101102011120021030013022233102010332020033021220212231322023223
00010001011020111200210300130222331020103320200330212202122313220232303
0001000101102011120021030013022233102010332020033021220212231322023231
0001000101102011120021030013022233102010332020033021220212231322023232
0001000101102011120021030013022233102010332020033021220212231322023233
000100010110201112002103001302223310201033202003302122021223132203
0001000101102011120021030013022233102010332020033021220212231323
000100010110201112002103001302223310201033202003303
3001002000101103000
3001002000101103001200210
300100200010110300120021130220
300100200010110300120021130221
30010020001011030012002113022231
30010020001011030012002113022232
3001002000101103001200211302223310111
3001002000101103001200211302223310112
30010020001011030012002113022233101132010202003301
30010020001011030012002113022233101132010202003302103
3001002000101103001200211302223310113201020200330211
300100200010110300120021130222331011320102020033021220112
300100200010110300120021130222331011320102020033021220113
300100200010110300120021130222331011320102020033021220123
30010020001011030012002113022233101132010202003302122013
3001002000101103001200211302223310113201020200330212202103030
3001002000101103001200211302223310113201020200330212202103031
3001002000101103001200211302223310113201020200330212202103032
3001002000101103001200211302223310113201020200330212202103033
30010020001011030012002113022233101132010202003302122021031
30010020001011030012002113022233101132010202003302122021032
30010020001011030012002113022233101132010202003302122021033
3001002000101103001200211302223310113201020200330212202111
3001002000101103001200211302223310113201020200330212202112
3001002000101103001200211302223310113201020200330212202113
3001002000101103001200211302223310113201020200330212202121
30010020001011030012002113022233101132010202003302122021223131
300100200010110300120021130222331011320102020033021220212231322021
300100200010110300120021130222331011320102020033021220212231322022
30010020001011030012002113022233101132010202003302122021223132202321330
30010020001011030012002113022233101132010202003302122021223132202321331
30010020001011030012002113022233101132010202003302122021223132202321332333
3001002000101103001200211302223310113201020200330212202122313220232212
3001002000101103001200211302223310113201020200330212202122313220232213
300100200010110300120021130222331011320102020033021220212231322023222
300100200010110300120021130222331011320102020033021220212231322023223
3001002000101103001200211302223310113201020200330212202122313220232303
300100200010110300120021130222331011320102020033021220212231322023231
300100200010110300120021130222331011320102020033021220212231322023232
300100200010110300120021130222331011320102020033021220212231322023233
30010020001011030012002113022233101132010202003302122021223132203
300100200010110300120021130222331011320102020033021220212231323
30010020001011030012002113022233101132010202003303
2001002000101103000
2001002000101103001200210
200100200010110300120021130221
20010020001011030012002113022230
20010020001011030012002113022231
20010020001011030012002113022232
2001002000101103001200211302223310111
2001002000101103001200211302223310112
20010020001011030012002113022233101132010202003301
20010020001011030012002113022233101132010202003302103
2001002000101103001200211302223310113201020200330211
200100200010110300120021130222331011320102020033021220112
200100200010110300120021130222331011320102020033021220113
200100200010110300120021130222331011320102020033021220123
20010020001011030012002113022233101132010202003302122013
2001002000101103001200211302223310113201020200330212202103030
2001002000101103001200211302223310113201020200330212202103031
2001002000101103001200211302223310113201020200330212202103032
2001002000101103001200211302223310113201020200330212202103033
20010020001011030012002113022233101132010202003302122021031
20010020001011030012002113022233101132010202003302122021032
20010020001011030012002113022233101132010202003302122021033
2001002000101103001200211302223310113201020200330212202111
2001002000101103001200211302223310113201020200330212202112
2001002000101103001200211302223310113201020200330212202113
2001002000101103001200211302223310113201020200330212202121
20010020001011030012002113022233101132010202003302122021223131
200100200010110300120021130222331011320102020033021220212231322021
200100200010110300120021130222331011320102020033021220212231322022
20010020001011030012002113022233101132010202003302122021223132202321330
20010020001011030012002113022233101132010202003302122021223132202321331
20010020001011030012002113022233101132010202003302122021223132202321332333
2001002000101103001200211302223310113201020200330212202122313220232212
2001002000101103001200211302223310113201020200330212202122313220232213
200100200010110300120021130222331011320102020033021220212231322023222
200100200010110300120021130222331011320102020033021220212231322023223
2001002000101103001200211302223310113201020200330212202122313220232303
200100200010110300120021130222331011320102020033021220212231322023231
200100200010110300120021130222331011320102020033021220212231322023232
200100200010110300120021130222331011320102020033021220212231322023233
20010020001011030012002113022233101132010202003302122021223132203
200100200010110300120021130222331011320102020033021220212231323
20010020001011030012002113022233101132010202003303
