0 11 3 6 4 5 11 0 0 3 9 9 7 7 5 4 2 3 11 4 8 6 5 8 10 10 10 3 5 4 5
0 11 3 6 4 5 11 0 0 3 9 9 7 7 5 4 2 3 11 4 8 6 5 8 11 8 5
0 11 3 6 4 5 11 0 0 3 9 9 7 7 5 4 2 3 11 4 8 6 1 6 0 6
0 11 3 6 4 5 11 0 0 3 9 9 7 7 5 4 2 3 11 4 8 6 1 11
0 11 3 6 4 5 11 0 0 3 9 9 7 7 5 4 2 3 11 4 8 6 1 4
0 11 3 6 4 5 11 0 0 3 9 9 7 7 5 4 2 3 11 4 8 6 1 0
0 11 3 6 4 5 11 0 0 3 9 9 7 7 5 4 2 4
0 11 3 6 4 5 11 0 0 3 9 9 7 7 5 4 2 1
0 11 3 6 4 5 11 0 0 3 9 9 7 7 5 4 2 9 10
0 11 3 6 4 5 11 0 0 3 9 9 7 7 5 4 2 9 5
0 11 3 6 4 5 11 0 0 3 9 9 7 7 4
0 11 3 6 4 5 11 0 0 3 9 9 7 7 2
