000000000
0100
020
030
0010
0020
0030
000100
000200
00030
000010
0000200
000030
0000010
0000020
0000030
00000010
00000020
00000030
000000010
000000020
000000030
000000001
000000002
000000003
0110
0120
0130
01010
01020
01030
021
022
023
031
032
033
0011
0012
0013
0021
0022
0023
0031
0032
0033
000110
000120
000130
000101
000102
000103
000210
000220
000230
000201
000202
000203
00031
00032
00033
000011
000012
000013
0000210
0000220
0000230
0000201
0000202
0000203
000031
000032
000033
0000011
0000012
0000013
0000021
0000022
0000023
0000031
0000032
0000033
00000011
00000012
00000013
00000021
00000022
00000023
00000031
00000032
00000033
000000011
000000012
000000013
000000021
000000022
000000023
000000031
000000032
000000033
0111
0112
0113
0121
0122
0123
0131
0132
0133
01011
01012
01013
01021
01022
01023
01031
01032
01033
000111
000112
000113
000121
000122
000123
000131
000132
000133
000211
000212
000213
000221
000222
000223
000231
000232
000233
0000211
0000212
0000213
0000221
0000222
0000223
0000231
0000232
0000233
200
21000000000
220
2300
201
202
203
2110
212
213000
21010
21020
21030
210010
210020
210030
2100010
2100020
2100030
21000010
21000020
21000030
210000010
210000020
210000030
2100000010
2100000020
2100000030
21000000010
21000000020
21000000030
21000000001
21000000002
21000000003
221
222
223
2310
2320
2330
2301
2302
2303
2111
2112
2113
21310
21320
21330
213010
213020
213030
213001
213002
213003
21011
21012
21013
21021
21022
21023
21031
21032
21033
210011
210012
210013
210021
210022
210023
210031
210032
210033
2100011
2100012
2100013
2100021
2100022
2100023
2100031
2100032
2100033
21000011
21000012
21000013
21000021
21000022
21000023
21000031
21000032
21000033
210000011
210000012
210000013
210000021
210000022
210000023
210000031
210000032
210000033
2100000011
2100000012
2100000013
2100000021
2100000022
2100000023
2100000031
2100000032
2100000033
21000000011
21000000012
21000000013
21000000021
21000000022
21000000023
21000000031
21000000032
21000000033
2311
2312
2313
2321
2322
2323
2331
2332
2333
21311
21312
21313
21321
21322
21323
21331
21332
21333
213011
213012
213013
213021
213022
213023
213031
213032
213033
1000000
110
1200
1300000
1010
1020
1030
100100
100200
10030
100010
100020
100030
1000010
1000020
1000030
1000001
1000002
1000003
111
112
113
1210
1220
1230
1201
1202
1203
1310
1320
1330
1301
13020
13030
130010
130020
130030
1300010
1300020
1300030
1300001
1300002
1300003
1011
1012
1013
1021
1022
1023
1031
1032
1033
100110
100120
100130
100101
100102
100103
100210
100220
100230
100201
100202
100203
10031
10032
10033
100011
100012
100013
100021
100022
100023
100031
100032
100033
1000011
1000012
1000013
1000021
1000022
1000023
1000031
1000032
1000033
1211
1212
1213
1221
1222
1223
1231
1232
1233
1311
1312
1313
1321
1322
1323
1331
1332
1333
13021
13022
13023
13031
13032
13033
130011
130012
130013
130021
130022
130023
130031
130032
130033
1300011
1300012
1300013
1300021
1300022
1300023
1300031
1300032
1300033
100111
100112
100113
100121
100122
100123
100131
100132
100133
100211
100212
100213
100221
100222
100223
100231
100232
100233
300000000000
310
3200
330
3010
3020
3030
30010
300200
3003
300010
300020
300030
3000010
3000020
3000030
30000010
30000020
30000030
300000010
300000020
300000030
3000000010
3000000020
3000000030
30000000010
30000000020
30000000030
300000000010
300000000020
300000000030
300000000001
300000000002
300000000003
311
312
313
3210
3220
3230
3201
3202
3203
331
332
333
3011
3012
3013
3021
3022
3023
3031
3032
3033
30011
30012
30013
300210
300220
300230
300201
300202
300203
300011
300012
300013
300021
300022
300023
300031
300032
300033
3000011
3000012
3000013
3000021
3000022
3000023
3000031
3000032
3000033
30000011
30000012
30000013
30000021
30000022
30000023
30000031
30000032
30000033
300000011
300000012
300000013
300000021
300000022
300000023
300000031
300000032
300000033
3000000011
3000000012
3000000013
3000000021
3000000022
3000000023
3000000031
3000000032
3000000033
30000000011
30000000012
30000000013
30000000021
30000000022
30000000023
30000000031
30000000032
30000000033
300000000011
300000000012
300000000013
300000000021
300000000022
300000000023
300000000031
300000000032
300000000033
3211
3212
3213
3221
3222
3223
3231
3232
3233
300211
300212
300213
300221
300222
300223
300231
300232
300233
