00000000010100201001010010301101020202002101020303020
000000000101002010010100103011010202020021010203030210
000000000101002010010100103011010202020021010203030211201111130203021220303030
00000000010100201001010010301101020202002101020303021120111113020302122030303131
0000000001010020100101001030110102020200210102030302112011111302030212203030313230
000000000101002010010100103011010202020021010203030211201111130203021220303031323121311011120
000000000101002010010100103011010202020021010203030211201111130203021220303031323121311011121
0000000001010020100101001030110102020200210102030302112011111302030212203030313231213110111221
000000000101002010010100103011010202020021010203030211201111130203021220303031323121311011122202023112121
0000000001010020100101001030110102020200210102030302112011111302030212203030313231213110111222020231121223030
000000000101002010010100103011010202020021010203030211201111130203021220303031323121311011122202023112122303122
0000000001010020100101001030110102020200210102030302112011111302030212203030313231213110111222020231121223031232112
00000000010100201001010010301101020202002101020303021120111113020302122030303132312131101112220202311212230312321133
000000000101002010010100103011010202020021010203030211201111130203021220303031323121311011122202023112122303123212
0000000001010020100101001030110102020200210102030302112011111302030212203030313231213110111222020231121223031232130
0000000001010020100101001030110102020200210102030302112011111302030212203030313231213110111222020231121223031232131
00000000010100201001010010301101020202002101020303021120111113020302122030303132312131101112220202311212230312321322132122231
00000000010100201001010010301101020202002101020303021120111113020302122030303132312131101112220202311212230312321322132122232332
00000000010100201001010010301101020202002101020303021120111113020302122030303132312131101112220202311212230312321322132122232333
00000000010100201001010010301101020202002101020303021120111113020302122030303132312131101112220202311212230312321322132122233132
0000000001010020100101001030110102020200210102030302112011111302030212203030313231213110111222020231121223031232132213212223313323
0000000001010020100101001030110102020200210102030302112011111302030212203030313231213110111222020231121223031232132213212223313331
0000000001010020100101001030110102020200210102030302112011111302030212203030313231213110111222020231121223031232132213212223313332
000000000101002010010100103011010202020021010203030211201111130203021220303031323121311011122202023112122303123213221321222331333313
0000000001010020100101001030110102020200210102030302112011111302030212203030313231213110111222020231121223031232132213212223313333233
00000000010100201001010010301101020202002101020303021120111113020302122030303132312131101112220202311212230312321322133
000000000101002010010100103011010202020021010203030211201111130203021220303031323121311011122202023112122303123213222
000000000101002010010100103011010202020021010203030211201111130203021220303031323121311011122202023112122303123213223
0000000001010020100101001030110102020200210102030302112011111302030212203030313231213110111222020231121223031232133
00000000010100201001010010301101020202002101020303021120111113020302122030303132312131101112220202311213
00000000010100201001010010301101020202002101020303021120111113020302122030303132312131101112220202311223
00000000010100201001010010301101020202002101020303021120111113020302122030303132312131101112220203
00000000010100201001010010301101020202002101020303021120111113020302122030303132312131101113
000000000101002010010100103011010202020021010203030211201111130203021220303032
000000000101002010010100103011010202020021010203030211201111130203021220303033
000000000101002010010100103011010202020021010203030211201111130203022
000000000101002010010100103011010202020021010203030211201111130203023
0000000001010020100101001030110102020200210102030302112012
0000000001010020100101001030110102020200210102030302112013
0000000001010020100101001030110102020200210103
00000000010100201001010010301101020202003
0000000001010020100101001031
0000000001010020100101001032
0000000001010020100101001033
0000000001010021
0000000001010022
0000000001010023
0000000001011
0000000001012
0000000001013
001
002
003
20010000000001010020100101020200110102030111112020303010210
20010000000001010020100101020200110102030111112020303010211302122121020
2001000000000101002010010102020011010203011111202030301021130212212102131
200100000000010100201001010202001101020301111120203030102113021221210213220303030
200100000000010100201001010202001101020301111120203030102113021221210213220303031
2001000000000101002010010102020011010203011111202030301021130212212102132203030320102020
200100000000010100201001010202001101020301111120203030102113021221210213220303032010202131111222123112121
2001000000000101002010010102020011010203011111202030301021130212212102132203030320102021311112221231121223030
20010000000001010020100101020200110102030111112020303010211302122121021322030303201020213111122212311212230313212211230
20010000000001010020100101020200110102030111112020303010211302122121021322030303201020213111122212311212230313212211231
20010000000001010020100101020200110102030111112020303010211302122121021322030303201020213111122212311212230313212211232
20010000000001010020100101020200110102030111112020303010211302122121021322030303201020213111122212311212230313212211233222233
200100000000010100201001010202001101020301111120203030102113021221210213220303032010202131111222123112122303132122112332223132
20010000000001010020100101020200110102030111112020303010211302122121021322030303201020213111122212311212230313212211233222313323
2001000000000101002010010102020011010203011111202030301021130212212102132203030320102021311112221231121223031321221123322231333123
2001000000000101002010010102020011010203011111202030301021130212212102132203030320102021311112221231121223031321221123322231333130
2001000000000101002010010102020011010203011111202030301021130212212102132203030320102021311112221231121223031321221123322231333131
200100000000010100201001010202001101020301111120203030102113021221210213220303032010202131111222123112122303132122112332223133313231
200100000000010100201001010202001101020301111120203030102113021221210213220303032010202131111222123112122303132122112332223133313232
200100000000010100201001010202001101020301111120203030102113021221210213220303032010202131111222123112122303132122112332223133313233
2001000000000101002010010102020011010203011111202030301021130212212102132203030320102021311112221231121223031321221123322231333133132
2001000000000101002010010102020011010203011111202030301021130212212102132203030320102021311112221231121223031321221123322231333133133233
2001000000000101002010010102020011010203011111202030301021130212212102132203030320102021311112221231121223031321221133
200100000000010100201001010202001101020301111120203030102113021221210213220303032010202131111222123112122303133
20010000000001010020100101020200110102030111112020303010211302122121021322030303201020213111122212311213
20010000000001010020100101020200110102030111112020303010211302122121021322030303201020213111122212311223
2001000000000101002010010102020011010203011111202030301021130212212102132203030320102021311113
200100000000010100201001010202001101020301111120203030102113021221210213220303032010203
200100000000010100201001010202001101020301111120203030102113021221210213220303033
2001000000000101002010010102020011010203011111202030301022
2001000000000101002010010102020011010203011111202030301023
200100000000010100201001010202001101020301111120203030103
2001000000000101002010010102020011010203012
2001000000000101002010010102020011010203013
200100000000010100201001010202002
200100000000010100201001010202003
20010000000001010021
20010000000001010022
20010000000001010023
20010000000001010030
20010000000001010031
20010000000001010032
20010000000001010033
20010000000001011
20010000000001012
20010000000001013
2001001
2001002
2001003
100000010010000101002010011020202001101120111203020303010210
1000000100100001010020100110202020011011201112030203030102113020
100000010010000101002010011020202001101120111203020303010211302122121020
10000001001000010100201001102020200110112011120302030301021130212212102131
1000000100100001010020100110202020011011201112030203030102113021221210213220303030
1000000100100001010020100110202020011011201112030203030102113021221210213220303031
100000010010000101002010011020202001101120111203020303010211302122121021322030303201020213111130
1000000100100001010020100110202020011011201112030203030102113021221210213220303032010202131111311230
1000000100100001010020100110202020011011201112030203030102113021221210213220303032010202131111311231
10000001001000010100201001102020200110112011120302030301021130212212102132203030320102021311113112322123112121
100000010010000101002010011020202001101120111203020303010211302122121021322030303201020213111131123221231121223030
10000001001000010100201001102020200110112011120302030301021130212212102132203030320102021311113112322123112122303132122122
100000010010000101002010011020202001101120111203020303010211302122121021322030303201020213111131123221231121223031321221232222333
100000010010000101002010011020202001101120111203020303010211302122121021322030303201020213111131123221231121223031321221232223132
10000001001000010100201001102020200110112011120302030301021130212212102132203030320102021311113112322123112122303132122123222313323
100000010010000101002010011020202001101120111203020303010211302122121021322030303201020213111131123221231121223031321221232223133313231
100000010010000101002010011020202001101120111203020303010211302122121021322030303201020213111131123221231121223031321221232223133313232
100000010010000101002010011020202001101120111203020303010211302122121021322030303201020213111131123221231121223031321221232223133313233
1000000100100001010020100110202020011011201112030203030102113021221210213220303032010202131111311232212311212230313212212322231333133132
1000000100100001010020100110202020011011201112030203030102113021221210213220303032010202131111311232212311212230313212212322231333133133233
10000001001000010100201001102020200110112011120302030301021130212212102132203030320102021311113112322123112122303133
1000000100100001010020100110202020011011201112030203030102113021221210213220303032010202131111311232212311213
1000000100100001010020100110202020011011201112030203030102113021221210213220303032010202131111311232212311223
100000010010000101002010011020202001101120111203020303010211302122121021322030303201020213111131133
1000000100100001010020100110202020011011201112030203030102113021221210213220303032010203
1000000100100001010020100110202020011011201112030203030102113021221210213220303033
10000001001000010100201001102020200110112011120302030301022
10000001001000010100201001102020200110112011120302030301023
1000000100100001010020100110202020011011201112030203030103
10000001001000010100201001102020200110112012
10000001001000010100201001102020200110112013
100000010010000101002010011020202002
100000010010000101002010011020202003
1000000100100001010021
1000000100100001010022
1000000100100001010023
1000000100100001010030
1000000100100001010031
1000000100100001010032
1000000100100001010033
1000000100100001011
1000000100100001012
1000000100100001013
10000001001001
10000001001002
10000001001003
3000000000001010101001020101020200110102020303020
30000000000010101010010201010202001101020203030210
300000000000101010100102010102020011010202030302112011111302030212103030
30000000000010101010010201010202001101020203030211201111130203021210303131
3000000000001010101001020101020200110102020303021120111113020302121030313220311011120
300000000000101010100102010102020011010202030302112011111302030212103031322031101112121321120221
30000000000010101010010201010202001101020203030211201111130203021210303132203110111212132112022202121
300000000000101010100102010102020011010202030302112011111302030212103031322031101112121321120222021223030
30000000000010101010010201010202001101020203030211201111130203021210303132203110111212132112022202122303122
3000000000001010101001020101020200110102020303021120111113020302121030313220311011121213211202220212230312312211230
3000000000001010101001020101020200110102020303021120111113020302121030313220311011121213211202220212230312312211231
3000000000001010101001020101020200110102020303021120111113020302121030313220311011121213211202220212230312312211232
30000000000010101010010201010202001101020203030211201111130203021210303132203110111212132112022202122303123122112332221331233
3000000000001010101001020101020200110102020303021120111113020302121030313220311011121213211202220212230312312211233222133130
3000000000001010101001020101020200110102020303021120111113020302121030313220311011121213211202220212230312312211233222133131
300000000000101010100102010102020011010202030302112011111302030212103031322031101112121321120222021223031231221123322213313231
3000000000001010101001020101020200110102020303021120111113020302121030313220311011121213211202220212230312312211233222133132323
300000000000101010100102010102020011010202030302112011111302030212103031322031101112121321120222021223031231221123322213313233132
30000000000010101010010201010202001101020203030211201111130203021210303132203110111212132112022202122303123122112332221331323313323
30000000000010101010010201010202001101020203030211201111130203021210303132203110111212132112022202122303123122112332221331323313332
3000000000001010101001020101020200110102020303021120111113020302121030313220311011121213211202220212230312312211233222133132331333313
30000000000010101010010201010202001101020203030211201111130203021210303132203110111212132112022202122303123122112332221331323313333233
3000000000001010101001020101020200110102020303021120111113020302121030313220311011121213211202220212230312312211233222133133
30000000000010101010010201010202001101020203030211201111130203021210303132203110111212132112022202122303123122112332222
30000000000010101010010201010202001101020203030211201111130203021210303132203110111212132112022202122303123122112332223
300000000000101010100102010102020011010202030302112011111302030212103031322031101112121321120222021223031231221133
3000000000001010101001020101020200110102020303021120111113020302121030313220311011121213211202220213
3000000000001010101001020101020200110102020303021120111113020302121030313220311011121213211202220223
3000000000001010101001020101020200110102020303021120111113020302121030313220311011121213211203
300000000000101010100102010102020011010202030302112011111302030212103031322031101113
300000000000101010100102010102020011010202030302112011111302030212103032
300000000000101010100102010102020011010202030302112011111302030212103033
30000000000010101010010201010202001101020203030211201111130203022
30000000000010101010010201010202001101020203030211201111130203023
300000000000101010100102010102020011010202030302112012
300000000000101010100102010102020011010202030302112013
30000000000010101010010201010202002
30000000000010101010010201010202003
300000000000101010100102010103
3000000000001010101001021
3000000000001010101001022
3000000000001010101001023
3000000000001010101001030
3000000000001010101001031
3000000000001010101001032
3000000000001010101001033
3000000000001011
3000000000001012
3000000000001013
300001
300002
300003
