0 4 15 12 0
0 2 14
0 4 9
0 4 3 14
0 4 2
0 4 15 8
0 4 15 4
0 4 15 3
0 4 15 12 12
0 4 15 12 8
0 9 15
0 9 16 14
0 9 5 3
0 9 8 5
0 9 8 6
0 9 8 10 7
0 9 8 17 15
0 9 8 17 5
0 9 8 17 11 17
0 9 8 17 1 0
0 9 8 17 1 16
0 9 8 17 1 6 2
0 9 8 17 1 6 16
0 9 8 17 1 6 14 4
0 9 8 17 1 6 14 1
0 9 8 17 1 6 14 0
0 9 8 17 1 6 14 7 10
0 9 8 17 1 6 14 7 8
0 9 8 17 1 6 14 7 14
0 2 17
0 2 7
0 2 16
0 4 3 12
0 4 3 6
0 4 3 17
0 9 16 4
0 9 16 17
0 9 5 12
0 9 5 10
0 9 5 2
0 9 8 10 6
0 9 8 10 12
0 9 8 17 11 13 2
0 9 8 17 11 5
0 9 8 17 11 13 11
0 9 8 17 11 13 12
0 9 8 17 11 13 8
