20000000
210
220
230
201000
20200
2030
20010
2002
2003000
200010
200020
200030
2000010
2000020
20000300
20000010
20000020
20000030
20000001
20000002
20000003
211
212
213
221
222
223
231
232
233
201100
20120
20130
201010
201020
201030
201001
201002
201003
20210
20220
20230
20201
20202
20203
2031
2032
2033
20011
20012
20013
200310
200320
200330
2003010
2003020
2003030
2003001
2003002
2003003
200011
200012
200013
200021
200022
200023
200031
200032
200033
2000011
2000012
2000013
2000021
2000022
2000023
20000310
20000320
200003300
20000301
20000302
20000303
20000011
20000012
20000013
20000021
20000022
20000023
20000031
20000032
20000033
201110
201120
201130
201101
201102
201103
20121
20122
20123
20131
20132
20133
201011
201012
201013
201021
201022
201023
201031
201032
201033
20211
20212
20213
20221
20222
20223
20231
20232
20233
200311
200312
200313
200321
200322
200323
200331
200332
200333
2003011
2003012
2003013
2003021
2003022
2003023
2003031
2003032
2003033
20000311
20000312
20000313
20000321
20000322
20000323
200003310
200003320
200003330
200003301
200003302
200003303
201111
201112
201113
201121
201122
201123
201131
201132
201133
200003311
200003312
200003313
200003321
200003322
200003323
200003331
200003332
200003333
00000
01000
02000
030
0010
002000
00300
00010
00020
00030
000010
000020
000030
0110
0120
0130
01010
010200
01030
01001
01002
01003
02100
0220
0230
02010
02020
02030
02001
02002
02003
031
032
033
0011
0012
0013
00210
00220
00230
002010
002020
002030
002001
002002
002003
00310
00320
003300
00301
00302
00303
00011
00012
00013
00021
00022
00023
00031
00032
00033
000011
000012
000013
000021
000022
000023
000031
000032
000033
0111
0112
0113
0121
0122
0123
0131
0132
0133
01011
01012
01013
010210
010220
010230
010201
010202
010203
01031
01032
01033
02110
02120
02130
02101
02102
02103
0221
0222
0223
0231
0232
0233
02011
02012
02013
02021
02022
02023
02031
02032
02033
00211
00212
00213
00221
00222
00223
00231
00232
00233
002011
002012
002013
002021
002022
002023
002031
002032
002033
00311
00312
00313
00321
00322
00323
003310
003320
003330
003301
003302
003303
010211
010212
010213
010221
010222
010223
010231
010232
010233
02111
02112
02113
02121
02122
02123
02131
02132
02133
003311
003312
003313
003321
003322
003323
003331
003332
003333
100
110000000
1200
1300
101
102
103
1110
1120
1130
11010
11020
11030
11001
110020
11003000
1100010
1100020
1100030
11000010
11000020
110000300
110000010
110000020
110000030
110000001
110000002
110000003
12100
1220
1230
1201
1202
1203
1310
1320
1330
1301
1302
1303
1111
1112
1113
1121
1122
1123
1131
1132
1133
11011
11012
11013
11021
11022
11023
11031
11032
11033
110021
110022
110023
1100310
1100320
1100330
11003010
11003020
11003030
11003001
11003002
11003003
1100011
1100012
1100013
1100021
1100022
1100023
1100031
1100032
1100033
11000011
11000012
11000013
11000021
11000022
11000023
110000310
110000320
1100003300
110000301
110000302
110000303
110000011
110000012
110000013
110000021
110000022
110000023
110000031
110000032
110000033
12110
12120
12130
12101
12102
12103
1221
1222
1223
1231
1232
1233
1311
1312
1313
1321
1322
1323
1331
1332
1333
1100311
1100312
1100313
1100321
1100322
1100323
1100331
1100332
1100333
11003011
11003012
11003013
11003021
11003022
11003023
11003031
11003032
11003033
110000311
110000312
110000313
110000321
110000322
110000323
1100003310
1100003320
1100003330
1100003301
1100003302
1100003303
12111
12112
12113
12121
12122
12123
12131
12132
12133
1100003311
1100003312
1100003313
1100003321
1100003322
1100003323
1100003331
1100003332
1100003333
3000
310
3200
3300000
3010
30200
303000
3001
3002
3003
311
312
313
3210
3220
32300
3201
3202
3203
331000
3320
3330
33010
33020
33030
330010
330020
330030
3300010
3300020
330003
3300001
3300002
3300003
3011
3012
3013
30210
30220
30230
30201
30202
30203
30310
30320
30330
3030100
303020
303030
303001
303002
303003
3211
3212
3213
3221
3222
3223
32310
32320
32330
32301
32302
32303
33110
33120
33130
331010
331020
331030
331001
331002
331003
3321
3322
3323
3331
3332
3333
33011
33012
33013
33021
33022
33023
33031
33032
33033
330011
330012
330013
330021
330022
330023
330031
330032
330033
3300011
3300012
3300013
3300021
3300022
3300023
30211
30212
30213
30221
30222
30223
30231
30232
30233
30311
30312
30313
30321
30322
30323
30331
30332
30333
3030110
3030120
3030130
3030101
3030102
3030103
303021
303022
303023
303031
303032
303033
32311
32312
32313
32321
32322
32323
32331
32332
32333
33111
33112
33113
33121
33122
33123
33131
33132
33133
331011
331012
331013
331021
331022
331023
331031
331032
331033
3030111
3030112
3030113
3030121
3030122
3030123
3030131
3030132
3030133
