019191913481136261122477111137836693
01919191348113626112247711113781111411044
0191919134811362611224771111378111141108
019191913481136261122477111137811114110516
019191913481136261122477111137811114110511513
019191913481136261122477111137811114110511514
01919191348113626112247711113781111411051151158
0191919134811362611224771111378111141105115115111
019191913481136261122477111137811114110511516
0191919134811362611224771111378111141105119
0191919134811362611224771111378111141105111
019191913481136261122477111137811114111121
01919191348113626112247711113781111411111
0191919134811362611224771111378111141111
0191919134811362611224771111378111141111
0191919134811362611224771111378111141719
0191919134811362611224771111378111141711
0191919134811362611224771111378111141711
01919191348113626112247711113781111411
01914
01911
01911
