00010200000100010103010010111010202102002020203030
0001020000010001010301001011101020210200202020303111120302030
0001020000010001010301001011101020210200202020303111120302031212122201300
000102000001000101030100101110102021020020202030311112030203121212220130111121030
000102000001000101030100101110102021020020202030311112030203121212220130111121031213021
00010200000100010103010010111010202102002020203031111203020312121222013011112103121302212220
00010200000100010103010010111010202102002020203031111203020312121222013011112103121302212221310
00010200000100010103010010111010202102002020203031111203020312121222013011112103121302212221311
000102000001000101030100101110102021020020202030311112030203121212220130111121031213022122213121
000102000001000101030100101110102021020020202030311112030203121212220130111121031213022122213122313232
0001020000010001010301001011101020210200202020303111120302031212122201301111210312130221222131223132331
0001020000010001010301001011101020210200202020303111120302031212122201301111210312130221222131223132332
0001020000010001010301001011101020210200202020303111120302031212122201301111210312130221222131223132333
0001020000010001010301001011101020210200202020303111120302031212122201301111210312130221222131223133
00010200000100010103010010111010202102002020203031111203020312121222013011112103121302212221312232300
00010200000100010103010010111010202102002020203031111203020312121222013011112103121302212221312232301
00010200000100010103010010111010202102002020203031111203020312121222013011112103121302212221312232302
000102000001000101030100101110102021020020202030311112030203121212220130111121031213022122213122323031
0001020000010001010301001011101020210200202020303111120302031212122201301111210312130221222131223230322
000102000001000101030100101110102021020020202030311112030203121212220130111121031213022122213122323032333
00010200000100010103010010111010202102002020203031111203020312121222013011112103121302212221312232310
00010200000100010103010010111010202102002020203031111203020312121222013011112103121302212221312232311
00010200000100010103010010111010202102002020203031111203020312121222013011112103121302212221312232312
00010200000100010103010010111010202102002020203031111203020312121222013011112103121302212221312232313
00010200000100010103010010111010202102002020203031111203020312121222013011112103121302212221312232320
000102000001000101030100101110102021020020202030311112030203121212220130111121031213022122213122323212
000102000001000101030100101110102021020020202030311112030203121212220130111121031213022122213122323213
000102000001000101030100101110102021020020202030311112030203121212220130111121031213022122213122323222
000102000001000101030100101110102021020020202030311112030203121212220130111121031213022122213122323223
0001020000010001010301001011101020210200202020303111120302031212122201301111210312130221222131223232311
0001020000010001010301001011101020210200202020303111120302031212122201301111210312130221222131223232312
000102000001000101030100101110102021020020202030311112030203121212220130111121031213022122213122323231321
0001020000010001010301001011101020210200202020303111120302031212122201301111210312130221222131223232313223303
000102000001000101030100101110102021020020202030311112030203121212220130111121031213022122213122323231322331
000102000001000101030100101110102021020020202030311112030203121212220130111121031213022122213122323231322332
000102000001000101030100101110102021020020202030311112030203121212220130111121031213022122213122323231322333
00010200000100010103010010111010202102002020203031111203020312121222013011112103121302212221312232323133
00010200000100010103010010111010202102002020203031111203020312121222013011112103121302212221313
00010200000100010103010010111010202102002020203031111203020312121222013011112103121302212221320
00010200000100010103010010111010202102002020203031111203020312121222013011112103121302212221321
00010200000100010103010010111010202102002020203031111203020312121222013011112103121302212221322
00010200000100010103010010111010202102002020203031111203020312121222013011112103121302212221323
000102000001000101030100101110102021020020202030311112030203121212220130111121031213022122213302
000102000001000101030100101110102021020020202030311112030203121212220130111121031213022122213303
00010200000100010103010010111010202102002020203031111203020312121222013011112103121302212221331
00010200000100010103010010111010202102002020203031111203020312121222013011112103121302212221332
00010200000100010103010010111010202102002020203031111203020312121222013011112103121302212221333
00010200000100010103010010111010202102002020203031111203020312121222013011112103121302212222
00010200000100010103010010111010202102002020203031111203020312121222013011112103121302212223
00010200000100010103010010111010202102002020203031111203020312121222013011112103121302212230
00010200000100010103010010111010202102002020203031111203020312121222013011112103121302212231
00010200000100010103010010111010202102002020203031111203020312121222013011112103121302212232
00010200000100010103010010111010202102002020203031111203020312121222013011112103121302212233
0001020000010001010301001011101020210200202020303111120302031212122201301111210312130221232
0001020000010001010301001011101020210200202020303111120302031212122201301111210312130221233
0001020000010001010301001011101020210200202020303111120302031212122201301111211
0001020000010001010301001011101020210200202020303111120302031212122201301111212
0001020000010001010301001011101020210200202020303111120302031212122201301111213
00010200000100010103010010111010202102002020203031111203020312121222013011113
0001020000010001010301001011101020210200202020303111120302031212123
0001020000010001010301001011101020210200202020303111120302031213
000102000001000101030100101110102021020020202030311113
0001020000010001010301001011101020210201
0001020000010001010301001011101020210202
0001020000010001010301001011101020210203
00010200000100010103010010111010203
000102000001000101030100101110103
10000011000010010101120102020010102102002020203030
10000011000010010101120102020010102102002020203031111301212021222021111210303030
10000011000010010101120102020010102102002020203031111301212021222021111210303031300
1000001100001001010112010202001010210200202020303111130121202122202111121030303130121311212220
1000001100001001010112010202001010210200202020303111130121202122202111121030303130121311212221310
1000001100001001010112010202001010210200202020303111130121202122202111121030303130121311212221311
10000011000010010101120102020010102102002020203031111301212021222021111210303031301213112122213122313221
10000011000010010101120102020010102102002020203031111301212021222021111210303031301213112122213122313222
100000110000100101011201020200101021020020202030311113012120212220211112103030313012131121222131223132232300
100000110000100101011201020200101021020020202030311113012120212220211112103030313012131121222131223132232301
100000110000100101011201020200101021020020202030311113012120212220211112103030313012131121222131223132232302
1000001100001001010112010202001010210200202020303111130121202122202111121030303130121311212221312231322323030
1000001100001001010112010202001010210200202020303111130121202122202111121030303130121311212221312231322323031
1000001100001001010112010202001010210200202020303111130121202122202111121030303130121311212221312231322323032
10000011000010010101120102020010102102002020203031111301212021222021111210303031301213112122213122313223230332331
10000011000010010101120102020010102102002020203031111301212021222021111210303031301213112122213122313223230332332
10000011000010010101120102020010102102002020203031111301212021222021111210303031301213112122213122313223230332333
100000110000100101011201020200101021020020202030311113012120212220211112103030313012131121222131223132232310
100000110000100101011201020200101021020020202030311113012120212220211112103030313012131121222131223132232311
100000110000100101011201020200101021020020202030311113012120212220211112103030313012131121222131223132232312
100000110000100101011201020200101021020020202030311113012120212220211112103030313012131121222131223132232313
100000110000100101011201020200101021020020202030311113012120212220211112103030313012131121222131223132232320
10000011000010010101120102020010102102002020203031111301212021222021111210303031301213112122213122313223232133
1000001100001001010112010202001010210200202020303111130121202122202111121030303130121311212221312231322323222
1000001100001001010112010202001010210200202020303111130121202122202111121030303130121311212221312231322323223
100000110000100101011201020200101021020020202030311113012120212220211112103030313012131121222131223132232323212
1000001100001001010112010202001010210200202020303111130121202122202111121030303130121311212221312231322323232133303
100000110000100101011201020200101021020020202030311113012120212220211112103030313012131121222131223132232323213331
10000011000010010101120102020010102102002020203031111301212021222021111210303031301213112122213122313223232321333223
100000110000100101011201020200101021020020202030311113012120212220211112103030313012131121222131223132232323213333
100000110000100101011201020200101021020020202030311113012120212220211112103030313012131121222131223133
1000001100001001010112010202001010210200202020303111130121202122202111121030303130121311212221313
1000001100001001010112010202001010210200202020303111130121202122202111121030303130121311212221320
1000001100001001010112010202001010210200202020303111130121202122202111121030303130121311212221321
1000001100001001010112010202001010210200202020303111130121202122202111121030303130121311212221322
1000001100001001010112010202001010210200202020303111130121202122202111121030303130121311212221323
10000011000010010101120102020010102102002020203031111301212021222021111210303031301213112122213302
10000011000010010101120102020010102102002020203031111301212021222021111210303031301213112122213303
1000001100001001010112010202001010210200202020303111130121202122202111121030303130121311212221331
1000001100001001010112010202001010210200202020303111130121202122202111121030303130121311212221332
1000001100001001010112010202001010210200202020303111130121202122202111121030303130121311212221333
1000001100001001010112010202001010210200202020303111130121202122202111121030303130121311212222
1000001100001001010112010202001010210200202020303111130121202122202111121030303130121311212223
1000001100001001010112010202001010210200202020303111130121202122202111121030303130121311212230
1000001100001001010112010202001010210200202020303111130121202122202111121030303130121311212231
1000001100001001010112010202001010210200202020303111130121202122202111121030303130121311212232
1000001100001001010112010202001010210200202020303111130121202122202111121030303130121311212233
100000110000100101011201020200101021020020202030311113012120212220211112103030313012131121231
100000110000100101011201020200101021020020202030311113012120212220211112103030313012131121232
100000110000100101011201020200101021020020202030311113012120212220211112103030313012131121233
10000011000010010101120102020010102102002020203031111301212021222021111211
10000011000010010101120102020010102102002020203031111301212021222021111212
10000011000010010101120102020010102102002020203031111301212021222021111213
100000110000100101011201020200101021020020202030311113012120212220211113
1000001100001001010112010202001010210200202020303111130121202123
10000011000010010101120102020010102102002020203031111301213
1000001100001001010112010202001010210201
1000001100001001010112010202001010210202
1000001100001001010112010202001010210203
10000011000010010101120102020010103
1000001100001001010112010203
10000011000010010101120103
2000100021011100001001012200101021020020201020220111120203030
2000100021011100001001012200101021020020201020220111120203031212303030
2000100021011100001001012200101021020020201020220111120203031212303031300
200010002101110000100101220010102102002020102022011112020303121230303130111121030
200010002101110000100101220010102102002020102022011112020303121230303130111121031213021
20001000210111000010010122001010210200202010202201111202030312123030313011112103121302212220
20001000210111000010010122001010210200202010202201111202030312123030313011112103121302212221310
20001000210111000010010122001010210200202010202201111202030312123030313011112103121302212221311
200010002101110000100101220010102102002020102022011112020303121230303130111121031213022122213121
200010002101110000100101220010102102002020102022011112020303121230303130111121031213022122213122313232
2000100021011100001001012200101021020020201020220111120203031212303031301111210312130221222131223132331
2000100021011100001001012200101021020020201020220111120203031212303031301111210312130221222131223132332
2000100021011100001001012200101021020020201020220111120203031212303031301111210312130221222131223132333
2000100021011100001001012200101021020020201020220111120203031212303031301111210312130221222131223133
20001000210111000010010122001010210200202010202201111202030312123030313011112103121302212221312232300
20001000210111000010010122001010210200202010202201111202030312123030313011112103121302212221312232301
20001000210111000010010122001010210200202010202201111202030312123030313011112103121302212221312232302
200010002101110000100101220010102102002020102022011112020303121230303130111121031213022122213122323031
2000100021011100001001012200101021020020201020220111120203031212303031301111210312130221222131223230322
200010002101110000100101220010102102002020102022011112020303121230303130111121031213022122213122323032333
20001000210111000010010122001010210200202010202201111202030312123030313011112103121302212221312232310
20001000210111000010010122001010210200202010202201111202030312123030313011112103121302212221312232311
20001000210111000010010122001010210200202010202201111202030312123030313011112103121302212221312232312
20001000210111000010010122001010210200202010202201111202030312123030313011112103121302212221312232313
20001000210111000010010122001010210200202010202201111202030312123030313011112103121302212221312232320
200010002101110000100101220010102102002020102022011112020303121230303130111121031213022122213122323212
200010002101110000100101220010102102002020102022011112020303121230303130111121031213022122213122323213
200010002101110000100101220010102102002020102022011112020303121230303130111121031213022122213122323222
200010002101110000100101220010102102002020102022011112020303121230303130111121031213022122213122323223
2000100021011100001001012200101021020020201020220111120203031212303031301111210312130221222131223232311
2000100021011100001001012200101021020020201020220111120203031212303031301111210312130221222131223232312
200010002101110000100101220010102102002020102022011112020303121230303130111121031213022122213122323231321
2000100021011100001001012200101021020020201020220111120203031212303031301111210312130221222131223232313223303
200010002101110000100101220010102102002020102022011112020303121230303130111121031213022122213122323231322331
200010002101110000100101220010102102002020102022011112020303121230303130111121031213022122213122323231322332
200010002101110000100101220010102102002020102022011112020303121230303130111121031213022122213122323231322333
20001000210111000010010122001010210200202010202201111202030312123030313011112103121302212221312232323133
20001000210111000010010122001010210200202010202201111202030312123030313011112103121302212221313
20001000210111000010010122001010210200202010202201111202030312123030313011112103121302212221320
20001000210111000010010122001010210200202010202201111202030312123030313011112103121302212221321
20001000210111000010010122001010210200202010202201111202030312123030313011112103121302212221322
20001000210111000010010122001010210200202010202201111202030312123030313011112103121302212221323
200010002101110000100101220010102102002020102022011112020303121230303130111121031213022122213302
200010002101110000100101220010102102002020102022011112020303121230303130111121031213022122213303
20001000210111000010010122001010210200202010202201111202030312123030313011112103121302212221331
20001000210111000010010122001010210200202010202201111202030312123030313011112103121302212221332
20001000210111000010010122001010210200202010202201111202030312123030313011112103121302212221333
20001000210111000010010122001010210200202010202201111202030312123030313011112103121302212222
20001000210111000010010122001010210200202010202201111202030312123030313011112103121302212223
20001000210111000010010122001010210200202010202201111202030312123030313011112103121302212230
20001000210111000010010122001010210200202010202201111202030312123030313011112103121302212231
20001000210111000010010122001010210200202010202201111202030312123030313011112103121302212232
20001000210111000010010122001010210200202010202201111202030312123030313011112103121302212233
2000100021011100001001012200101021020020201020220111120203031212303031301111210312130221232
2000100021011100001001012200101021020020201020220111120203031212303031301111210312130221233
2000100021011100001001012200101021020020201020220111120203031212303031301111211
2000100021011100001001012200101021020020201020220111120203031212303031301111212
2000100021011100001001012200101021020020201020220111120203031212303031301111213
20001000210111000010010122001010210200202010202201111202030312123030313011113
2000100021011100001001012200101021020020201020220111120203031213
200010002101110000100101220010102102002020102022011113
20001000210111000010010122001010210200202010203
200010002101110000100101220010102102002020103
20001000210111000010010122001010210201
20001000210111000010010122001010210202
20001000210111000010010122001010210203
200010002101110000100101220010103
300001000001010102002010010111020102021020030
300001000001010102002010010111020102021020031111202030
300001000001010102002010010111020102021020031111202031212021222013003031
300001000001010102002010010111020102021020031111202031212021222013003032111121030
30000100000101010200201001011102010202102003111120203121202122201300303211112103121302212220
30000100000101010200201001011102010202102003111120203121202122201300303211112103121302212221310
30000100000101010200201001011102010202102003111120203121202122201300303211112103121302212221311
300001000001010102002010010111020102021020031111202031212021222013003032111121031213022122213121
3000010000010101020020100101110201020210200311112020312120212220130030321111210312130221222131223133232
30000100000101010200201001011102010202102003111120203121202122201300303211112103121302212221312231332333
30000100000101010200201001011102010202102003111120203121202122201300303211112103121302212221312232300
30000100000101010200201001011102010202102003111120203121202122201300303211112103121302212221312232301
30000100000101010200201001011102010202102003111120203121202122201300303211112103121302212221312232302
300001000001010102002010010111020102021020031111202031212021222013003032111121031213022122213122323030
300001000001010102002010010111020102021020031111202031212021222013003032111121031213022122213122323031
3000010000010101020020100101110201020210200311112020312120212220130030321111210312130221222131223230322
300001000001010102002010010111020102021020031111202031212021222013003032111121031213022122213122323032333
30000100000101010200201001011102010202102003111120203121202122201300303211112103121302212221312232310
30000100000101010200201001011102010202102003111120203121202122201300303211112103121302212221312232311
30000100000101010200201001011102010202102003111120203121202122201300303211112103121302212221312232312
30000100000101010200201001011102010202102003111120203121202122201300303211112103121302212221312232313
30000100000101010200201001011102010202102003111120203121202122201300303211112103121302212221312232320
300001000001010102002010010111020102021020031111202031212021222013003032111121031213022122213122323212
300001000001010102002010010111020102021020031111202031212021222013003032111121031213022122213122323213
300001000001010102002010010111020102021020031111202031212021222013003032111121031213022122213122323222
300001000001010102002010010111020102021020031111202031212021222013003032111121031213022122213122323223
3000010000010101020020100101110201020210200311112020312120212220130030321111210312130221222131223232311
3000010000010101020020100101110201020210200311112020312120212220130030321111210312130221222131223232312
300001000001010102002010010111020102021020031111202031212021222013003032111121031213022122213122323231321
3000010000010101020020100101110201020210200311112020312120212220130030321111210312130221222131223232313223303
300001000001010102002010010111020102021020031111202031212021222013003032111121031213022122213122323231322331
300001000001010102002010010111020102021020031111202031212021222013003032111121031213022122213122323231322332
300001000001010102002010010111020102021020031111202031212021222013003032111121031213022122213122323231322333
30000100000101010200201001011102010202102003111120203121202122201300303211112103121302212221312232323133
30000100000101010200201001011102010202102003111120203121202122201300303211112103121302212221313
30000100000101010200201001011102010202102003111120203121202122201300303211112103121302212221320
30000100000101010200201001011102010202102003111120203121202122201300303211112103121302212221321
30000100000101010200201001011102010202102003111120203121202122201300303211112103121302212221322
30000100000101010200201001011102010202102003111120203121202122201300303211112103121302212221323
300001000001010102002010010111020102021020031111202031212021222013003032111121031213022122213301
300001000001010102002010010111020102021020031111202031212021222013003032111121031213022122213302
300001000001010102002010010111020102021020031111202031212021222013003032111121031213022122213303
30000100000101010200201001011102010202102003111120203121202122201300303211112103121302212221331
30000100000101010200201001011102010202102003111120203121202122201300303211112103121302212221332
30000100000101010200201001011102010202102003111120203121202122201300303211112103121302212221333
30000100000101010200201001011102010202102003111120203121202122201300303211112103121302212222
30000100000101010200201001011102010202102003111120203121202122201300303211112103121302212223
30000100000101010200201001011102010202102003111120203121202122201300303211112103121302212230
30000100000101010200201001011102010202102003111120203121202122201300303211112103121302212231
30000100000101010200201001011102010202102003111120203121202122201300303211112103121302212232
30000100000101010200201001011102010202102003111120203121202122201300303211112103121302212233
3000010000010101020020100101110201020210200311112020312120212220130030321111210312130221232
3000010000010101020020100101110201020210200311112020312120212220130030321111210312130221233
3000010000010101020020100101110201020210200311112020312120212220130030321111211
3000010000010101020020100101110201020210200311112020312120212220130030321111212
3000010000010101020020100101110201020210200311112020312120212220130030321111213
30000100000101010200201001011102010202102003111120203121202122201300303211113
30000100000101010200201001011102010202102003111120203121202123
300001000001010102002010010111020102021020031111202031213
3000010000010101020020100101110201020210200311113
3000010000010101020020100101110201020210201
3000010000010101020020100101110201020210202
3000010000010101020020100101110201020210203
30000100000101010200201001011102010203
300001000001010102002010010111020103
300001000001010103
