01153711986891129113201611160111161111231711
01153711986891129113201611160111161111231711111
011537119868911291132016111601111611112317111112731
01153711986891129113201611160111161111231711111271157
01153711986891129113201611160111161111231711111271151091141
011537119868911291132016111601111611112317111112711510911412
01153711986891129113201611160111161111231711111271151091147
01153711986891129113201611160111161111231711111271151091142
011537119868911291132016111601111611112317111112711511
011537119868911291132016111601111611112317111112711519
01153711986891129113201611160111161111231711111271151
0115371198689112911320161116011116111123171111127111
011537119868911291132016111601111611111
011537119868911291132016111601111611111
0115371198682
0115371198681
