0000
010
0200000
030
00100
002000
0030
0001
0002
0003
0110
0120
01300
02100
02200
02300
020100
02020
02030
020010
020020
020030
0200010
0200020
02000300
0200001
0200002
0200003
031
032
033
00110
00120
00130
00101
00102
00103
00210
00220
00230
002010
002020
0020300
002001
002002
002003
0031
0032
0033
0111
0112
0113
0121
0122
0123
01310
01320
01330
01301
01302
01303
02110
021200
02130
02101
02102
02103
02210
02220
02230
02201
02202
02203
02310
02320
02330
02301
02302
02303
020110
020120
020130
020101
020102
020103
02021
02022
02023
02031
02032
02033
020011
020012
020013
020021
020022
020023
020031
020032
020033
0200011
0200012
0200013
0200021
0200022
0200023
02000310
02000320
02000330
02000301
02000302
02000303
00111
00112
00113
00121
00122
00123
00131
00132
00133
00211
00212
00213
00221
00222
00223
00231
00232
00233
002011
002012
002013
002021
002022
002023
0020310
0020320
0020330
0020301
0020302
0020303
01311
01312
01313
01321
01322
01323
01331
01332
01333
02111
02112
02113
021210
021220
021230
021201
021202
021203
02131
02132
02133
02211
02212
02213
02221
02222
02223
02231
02232
02233
02311
02312
02313
02321
02322
02323
02331
02332
02333
020111
020112
020113
020121
020122
020123
020131
020132
020133
02000311
02000312
02000313
02000321
02000322
02000323
02000331
02000332
02000333
0020311
0020312
0020313
0020321
0020322
0020323
0020331
0020332
0020333
021211
021212
021213
021221
021222
021223
021231
021232
021233
2000
2100
2200000
230
20100
202000
2030
2001
2002
2003
2110
212
21300
2101
2102
2103
22100
22200
22300
220100
22020
22030
220010
220020
220030
2200010
2200020
22000300
2200001
2200002
2200003
231
232
233
20110
20120
20130
20101
20102
20103
20210
20220
20230
202010
202020
2020300
202001
202002
202003
2031
2032
2033
2111
2112
2113
21310
21320
21330
21301
21302
21303
22110
221200
22130
22101
22102
22103
22210
22220
22230
22201
22202
22203
22310
22320
22330
22301
22302
22303
220110
220120
220130
220101
220102
220103
22021
22022
22023
22031
22032
22033
220011
220012
220013
220021
220022
220023
220031
220032
220033
2200011
2200012
2200013
2200021
2200022
2200023
22000310
22000320
22000330
22000301
22000302
22000303
20111
20112
20113
20121
20122
20123
20131
20132
20133
20211
20212
20213
20221
20222
20223
20231
20232
20233
202011
202012
202013
202021
202022
202023
2020310
2020320
2020330
2020301
2020302
2020303
21311
21312
21313
21321
21322
21323
21331
21332
21333
22111
22112
22113
221210
221220
221230
221201
221202
221203
22131
22132
22133
22211
22212
22213
22221
22222
22223
22231
22232
22233
22311
22312
22313
22321
22322
22323
22331
22332
22333
220111
220112
220113
220121
220122
220123
220131
220132
220133
22000311
22000312
22000313
22000321
22000322
22000323
22000331
22000332
22000333
2020311
2020312
2020313
2020321
2020322
2020323
2020331
2020332
2020333
221211
221212
221213
221221
221222
221223
221231
221232
221233
100000
11000000
1200
1300
101000
1020
10300
10010
10020
10030
100010
100020
100030
100001
100002
100003
1110
11200
1130
110100
11020
11030
110010
110020
110030
1100010
1100020
11000300
1100001
11000020
11000030
11000001
11000002
11000003
1210
1220
1230
1201
1202
1203
1310
1320
1330
1301
1302
1303
10110
10120
10130
101010
1010200
101030
101001
101002
101003
1021
1022
1023
10310
10320
10330
10301
10302
10303
10011
10012
10013
10021
10022
10023
10031
10032
10033
100011
100012
100013
100021
100022
100023
100031
100032
100033
1111
1112
1113
11210
11220
11230
11201
11202
11203
1131
1132
1133
110110
110120
110130
110101
110102
110103
11021
11022
11023
11031
11032
11033
110011
110012
110013
110021
110022
110023
110031
110032
110033
1100011
1100012
1100013
1100021
1100022
1100023
11000310
11000320
11000330
11000301
11000302
11000303
11000021
11000022
11000023
11000031
11000032
11000033
1211
1212
1213
1221
1222
1223
1231
1232
1233
1311
1312
1313
1321
1322
1323
1331
1332
1333
10111
10112
10113
10121
10122
10123
10131
10132
10133
101011
101012
101013
1010210
1010220
1010230
1010201
1010202
1010203
101031
101032
101033
10311
10312
10313
10321
10322
10323
10331
10332
10333
11211
11212
11213
11221
11222
11223
11231
11232
11233
110111
110112
110113
110121
110122
110123
110131
110132
110133
11000311
11000312
11000313
11000321
11000322
11000323
11000331
11000332
11000333
1010211
1010212
1010213
1010221
1010222
1010223
1010231
1010232
1010233
3000000
310000
320
330
3010
30200
3030
3001000
30020
3003
300010
30002000
300030
30000100
3000020
3000030
3000001
3000002
3000003
3110
3120
31300
31010
31020
31030
310010
31002000
310030
310001
310002
310003
321
322
323
331
332
333
3011
3012
3013
30210
30220
30230
30201
30202
30203
3031
3032
3033
300110
300120
300130
3001010
3001020
30010300
3001001
3001002
3001003
30021
30022
30023
300011
300012
300013
3000210
3000220
3000230
30002010
30002020
30002030
30002001
30002002
30002003
300031
300032
300033
30000110
30000120
30000130
30000101
30000102
30000103
3000021
3000022
3000023
3000031
3000032
3000033
3111
3112
3113
3121
3122
3123
31310
31320
31330
31301
31302
31303
31011
31012
31013
31021
31022
31023
31031
31032
31033
310011
310012
310013
3100210
3100220
3100230
31002010
31002020
31002030
31002001
31002002
31002003
310031
310032
310033
30211
30212
30213
30221
30222
30223
30231
30232
30233
300111
300112
300113
300121
300122
300123
300131
300132
300133
3001011
3001012
3001013
3001021
3001022
3001023
30010310
30010320
30010330
30010301
30010302
30010303
3000211
3000212
3000213
3000221
3000222
3000223
3000231
3000232
3000233
30002011
30002012
30002013
30002021
30002022
30002023
30002031
30002032
30002033
30000111
30000112
30000113
30000121
30000122
30000123
30000131
30000132
30000133
31311
31312
31313
31321
31322
31323
31331
31332
31333
3100211
3100212
3100213
3100221
3100222
3100223
3100231
3100232
3100233
31002011
31002012
31002013
31002021
31002022
31002023
31002031
31002032
31002033
30010311
30010312
30010313
30010321
30010322
30010323
30010331
30010332
30010333
