0000100000102001020003010001102030011010011030
000010000010200102000301000110203001101001103120020
0000100000102001020003010001102030011010011031200212210211101031200
0000100000102001020003010001102030011010011031200212210211101031201301101100120200232
000010000010200102000301000110203001101001103120021221021110103120130110110012020023302011302210311020203021203
000010000010200102000301000110203001101001103120021221021110103120130110110012020023302011302210311020203021212030
00001000001020010200030100011020300110100110312002122102111010312013011011001202002330201130221031102020302121203132110
0000100000102001020003010001102030011010011031200212210211101031201301101100120200233020113022103110202030212120313211130210
0000100000102001020003010001102030011010011031200212210211101031201301101100120200233020113022103110202030212120313211130211
00001000001020010200030100011020300110100110312002122102111010312013011011001202002330201130221031102020302121203132111302122030120
0000100000102001020003010001102030011010011031200212210211101031201301101100120200233020113022103110202030212120313211130212203012130
0000100000102001020003010001102030011010011031200212210211101031201301101100120200233020113022103110202030212120313211130212203012131
000010000010200102000301000110203001101001103120021221021110103120130110110012020023302011302210311020203021212031321113021220301213212033130
000010000010200102000301000110203001101001103120021221021110103120130110110012020023302011302210311020203021212031321113021220301213212033131
000010000010200102000301000110203001101001103120021221021110103120130110110012020023302011302210311020203021212031321113021220301213212033132
000010000010200102000301000110203001101001103120021221021110103120130110110012020023302011302210311020203021212031321113021220301213212033133
00001000001020010200030100011020300110100110312002122102111010312013011011001202002330201130221031102020302121203132111302122030121321203322222311
00001000001020010200030100011020300110100110312002122102111010312013011011001202002330201130221031102020302121203132111302122030121321203322222312
00001000001020010200030100011020300110100110312002122102111010312013011011001202002330201130221031102020302121203132111302122030121321203322222313
0000100000102001020003010001102030011010011031200212210211101031201301101100120200233020113022103110202030212120313211130212203012132120332222232130
0000100000102001020003010001102030011010011031200212210211101031201301101100120200233020113022103110202030212120313211130212203012132120332222232131
000010000010200102000301000110203001101001103120021221021110103120130110110012020023302011302210311020203021212031321113021220301213212033222223213230
000010000010200102000301000110203001101001103120021221021110103120130110110012020023302011302210311020203021212031321113021220301213212033222223213231
000010000010200102000301000110203001101001103120021221021110103120130110110012020023302011302210311020203021212031321113021220301213212033222223213232
000010000010200102000301000110203001101001103120021221021110103120130110110012020023302011302210311020203021212031321113021220301213212033222223213233
00001000001020010200030100011020300110100110312002122102111010312013011011001202002330201130221031102020302121203132111302122030121321203322222321332312332
000010000010200102000301000110203001101001103120021221021110103120130110110012020023302011302210311020203021212031321113021220301213212033222223213323123333
00001000001020010200030100011020300110100110312002122102111010312013011011001202002330201130221031102020302121203132111302122030121321203322222321332313
0000100000102001020003010001102030011010011031200212210211101031201301101100120200233020113022103110202030212120313211130212203012132120332222232133232223033
00001000001020010200030100011020300110100110312002122102111010312013011011001202002330201130221031102020302121203132111302122030121321203322222321332322231
0000100000102001020003010001102030011010011031200212210211101031201301101100120200233020113022103110202030212120313211130212203012132120332222232133232223233
0000100000102001020003010001102030011010011031200212210211101031201301101100120200233020113022103110202030212120313211130212203012132120332222232133233
000010000010200102000301000110203001101001103120021221021110103120130110110012020023302011302210311020203021212031321113021220301213212033222223223
000010000010200102000301000110203001101001103120021221021110103120130110110012020023302011302210311020203021212031321113021220301213212033222223233
0000100000102001020003010001102030011010011031200212210211101031201301101100120200233020113022103110202030212120313211130212203012132120332223
00001000001020010200030100011020300110100110312002122102111010312013011011001202002330201130221031102020302121203132111302122030121321212
00001000001020010200030100011020300110100110312002122102111010312013011011001202002330201130221031102020302121203132111302122030121321213
000010000010200102000301000110203001101001103120021221021110103120130110110012020023302011302210311020203021212031321113021220301213212211
000010000010200102000301000110203001101001103120021221021110103120130110110012020023302011302210311020203021212031321113021220301213212212
000010000010200102000301000110203001101001103120021221021110103120130110110012020023302011302210311020203021212031321113021220301213212213
0000100000102001020003010001102030011010011031200212210211101031201301101100120200233020113022103110202030212120313211130212203012132122212
0000100000102001020003010001102030011010011031200212210211101031201301101100120200233020113022103110202030212120313211130212203012132122213
00001000001020010200030100011020300110100110312002122102111010312013011011001202002330201130221031102020302121203132111302122030121321222220
00001000001020010200030100011020300110100110312002122102111010312013011011001202002330201130221031102020302121203132111302122030121321222221
0000100000102001020003010001102030011010011031200212210211101031201301101100120200233020113022103110202030212120313211130212203012132122222231
0000100000102001020003010001102030011010011031200212210211101031201301101100120200233020113022103110202030212120313211130212203012132122222232
0000100000102001020003010001102030011010011031200212210211101031201301101100120200233020113022103110202030212120313211130212203012132122222233
0000100000102001020003010001102030011010011031200212210211101031201301101100120200233020113022103110202030212120313211130212203012132122222311
0000100000102001020003010001102030011010011031200212210211101031201301101100120200233020113022103110202030212120313211130212203012132122222312
0000100000102001020003010001102030011010011031200212210211101031201301101100120200233020113022103110202030212120313211130212203012132122222313
000010000010200102000301000110203001101001103120021221021110103120130110110012020023302011302210311020203021212031321113021220301213212222232330
000010000010200102000301000110203001101001103120021221021110103120130110110012020023302011302210311020203021212031321113021220301213212222232331
000010000010200102000301000110203001101001103120021221021110103120130110110012020023302011302210311020203021212031321113021220301213212222232332
000010000010200102000301000110203001101001103120021221021110103120130110110012020023302011302210311020203021212031321113021220301213212222232333
000010000010200102000301000110203001101001103120021221021110103120130110110012020023302011302210311020203021212031321113021220301213212222302
000010000010200102000301000110203001101001103120021221021110103120130110110012020023302011302210311020203021212031321113021220301213212222303
00001000001020010200030100011020300110100110312002122102111010312013011011001202002330201130221031102020302121203132111302122030121321222231
000010000010200102000301000110203001101001103120021221021110103120130110110012020023302011302210311020203021212031321113021220301213212222323
00001000001020010200030100011020300110100110312002122102111010312013011011001202002330201130221031102020302121203132111302122030121321222233
000010000010200102000301000110203001101001103120021221021110103120130110110012020023302011302210311020203021212031321113021220301213213
000010000010200102000301000110203001101001103120021221021110103120130110110012020023302011302210311020203021212031321113021220302
000010000010200102000301000110203001101001103120021221021110103120130110110012020023302011302210311020203021212031321113021220303
000010000010200102000301000110203001101001103120021221021110103120130110110012020023302011302210311020203021212031321113021221
000010000010200102000301000110203001101001103120021221021110103120130110110012020023302011302210311020203021212031321113021222
000010000010200102000301000110203001101001103120021221021110103120130110110012020023302011302210311020203021212031321113021223
0000100000102001020003010001102030011010011031200212210211101031201301101100120200233020113022103110202030212120313211130213
00001000001020010200030100011020300110100110312002122102111010312013011011001202002330201130221031102020303
0000100000102001020003010001102030011010011031200212210211101031201301101100120200233020113022103110203
0000100000102001020003010001102030011010011031200212210211101031201301101100120200233020113022112
0000100000102001020003010001102030011010011031200212210211101031201301101100120200233020113022113
0000100000102001020003010001102030011010011031200212210211101031201301101100120201
0000100000102001020003010001102030011010011031200212210211101031201301101100120202
0000100000102001020003010001102030011010011031200212210211101031201301101100120203
00001000001020010200030100011020301
00001000001020010200030100011020302
00001000001020010200030100011020303
00001000001020010200030100011020310
00001000001020010200030100011020311
00001000001020010200030100011020312
00001000001020010200030100011020313
00001000001020010200030100011020320
00001000001020010200030100011020321
00001000001020010200030100011020322
00001000001020010200030100011020323
00001000001020010200030100011020330
00001000001020010200030100011020331
00001000001020010200030100011020332
00001000001020010200030100011020333
00001000001020010200030100011021
00001000001020010200030100011022
00001000001020010200030100011023
0000100000102001020003011
0000100000102001020003012
0000100000102001020003013
000010000010200102001
000010000010200102002
000010000010200102003
2000100000020003010001011020300110010
20001000000200030100010110203001100112130022010011021021110103120030
200010000002000301000101102030011001121300220100110210211101031200312020111001202001301101302210232
20001000000200030100010110203001100112130022010011021021110103120031202011100120200130110130221023311020203021203
20001000000200030100010110203001100112130022010011021021110103120031202011100120200130110130221023311020203021212030
20001000000200030100010110203001100112130022010011021021110103120031202011100120200130110130221023311020203021212031
2000100000020003010001011020300110011213002201001102102111010312003120201110012020013011013022102331102020302121203230210
2000100000020003010001011020300110011213002201001102102111010312003120201110012020013011013022102331102020302121203230211
20001000000200030100010110203001100112130022010011021021110103120031202011100120200130110130221023311020203021212032302122030110
2000100000020003010001011020300110011213002201001102102111010312003120201110012020013011013022102331102020302121203230212203011131212032120
200010000002000301000101102030011001121300220100110210211101031200312020111001202001301101302210233110202030212120323021220301113121203212130
200010000002000301000101102030011001121300220100110210211101031200312020111001202001301101302210233110202030212120323021220301113121203212131
20001000000200030100010110203001100112130022010011021021110103120031202011100120200130110130221023311020203021212032302122030111312120321213222223130
20001000000200030100010110203001100112130022010011021021110103120031202011100120200130110130221023311020203021212032302122030111312120321213222223131
20001000000200030100010110203001100112130022010011021021110103120031202011100120200130110130221023311020203021212032302122030111312120321213222223132
2000100000020003010001011020300110011213002201001102102111010312003120201110012020013011013022102331102020302121203230212203011131212032121322222313332311
2000100000020003010001011020300110011213002201001102102111010312003120201110012020013011013022102331102020302121203230212203011131212032121322222313332312
2000100000020003010001011020300110011213002201001102102111010312003120201110012020013011013022102331102020302121203230212203011131212032121322222313332313
200010000002000301000101102030011001121300220100110210211101031200312020111001202001301101302210233110202030212120323021220301113121203212132222231333232130
200010000002000301000101102030011001121300220100110210211101031200312020111001202001301101302210233110202030212120323021220301113121203212132222231333232131
20001000000200030100010110203001100112130022010011021021110103120031202011100120200130110130221023311020203021212032302122030111312120321213222223133323213230
20001000000200030100010110203001100112130022010011021021110103120031202011100120200130110130221023311020203021212032302122030111312120321213222223133323213231
20001000000200030100010110203001100112130022010011021021110103120031202011100120200130110130221023311020203021212032302122030111312120321213222223133323213232
20001000000200030100010110203001100112130022010011021021110103120031202011100120200130110130221023311020203021212032302122030111312120321213222223133323213233
2000100000020003010001011020300110011213002201001102102111010312003120201110012020013011013022102331102020302121203230212203011131212032121322222313332321333
200010000002000301000101102030011001121300220100110210211101031200312020111001202001301101302210233110202030212120323021220301113121203212132222231333232232
2000100000020003010001011020300110011213002201001102102111010312003120201110012020013011013022102331102020302121203230212203011131212032121322222313332322333
20001000000200030100010110203001100112130022010011021021110103120031202011100120200130110130221023311020203021212032302122030111312120321213222223133323233
2000100000020003010001011020300110011213002201001102102111010312003120201110012020013011013022102331102020302121203230212203011131212032121322222313333
20001000000200030100010110203001100112130022010011021021110103120031202011100120200130110130221023311020203021212032302122030111312120321213223
20001000000200030100010110203001100112130022010011021021110103120031202011100120200130110130221023311020203021212032302122030111312120321222303
20001000000200030100010110203001100112130022010011021021110103120031202011100120200130110130221023311020203021212032302122030111312120321222313
200010000002000301000101102030011001121300220100110210211101031200312020111001202001301101302210233110202030212120323021220301113121203212223233
200010000002000301000101102030011001121300220100110210211101031200312020111001202001301101302210233110202030212120323021220301113121212
200010000002000301000101102030011001121300220100110210211101031200312020111001202001301101302210233110202030212120323021220301113121213
2000100000020003010001011020300110011213002201001102102111010312003120201110012020013011013022102331102020302121203230212203011131212212
2000100000020003010001011020300110011213002201001102102111010312003120201110012020013011013022102331102020302121203230212203011131212213
20001000000200030100010110203001100112130022010011021021110103120031202011100120200130110130221023311020203021212032302122030111312122212
20001000000200030100010110203001100112130022010011021021110103120031202011100120200130110130221023311020203021212032302122030111312122213
200010000002000301000101102030011001121300220100110210211101031200312020111001202001301101302210233110202030212120323021220301113121222220
200010000002000301000101102030011001121300220100110210211101031200312020111001202001301101302210233110202030212120323021220301113121222221
20001000000200030100010110203001100112130022010011021021110103120031202011100120200130110130221023311020203021212032302122030111312122222231
20001000000200030100010110203001100112130022010011021021110103120031202011100120200130110130221023311020203021212032302122030111312122222232
20001000000200030100010110203001100112130022010011021021110103120031202011100120200130110130221023311020203021212032302122030111312122222233
20001000000200030100010110203001100112130022010011021021110103120031202011100120200130110130221023311020203021212032302122030111312122222311
20001000000200030100010110203001100112130022010011021021110103120031202011100120200130110130221023311020203021212032302122030111312122222312
20001000000200030100010110203001100112130022010011021021110103120031202011100120200130110130221023311020203021212032302122030111312122222313
2000100000020003010001011020300110011213002201001102102111010312003120201110012020013011013022102331102020302121203230212203011131212222232330
2000100000020003010001011020300110011213002201001102102111010312003120201110012020013011013022102331102020302121203230212203011131212222232331
2000100000020003010001011020300110011213002201001102102111010312003120201110012020013011013022102331102020302121203230212203011131212222232332
2000100000020003010001011020300110011213002201001102102111010312003120201110012020013011013022102331102020302121203230212203011131212222232333
2000100000020003010001011020300110011213002201001102102111010312003120201110012020013011013022102331102020302121203230212203011131212222302
2000100000020003010001011020300110011213002201001102102111010312003120201110012020013011013022102331102020302121203230212203011131212222303
200010000002000301000101102030011001121300220100110210211101031200312020111001202001301101302210233110202030212120323021220301113121222231
20001000000200030100010110203001100112130022010011021021110103120031202011100120200130110130221023311020203021212032302122030111312122223232
20001000000200030100010110203001100112130022010011021021110103120031202011100120200130110130221023311020203021212032302122030111312122223233
200010000002000301000101102030011001121300220100110210211101031200312020111001202001301101302210233110202030212120323021220301113121222233
2000100000020003010001011020300110011213002201001102102111010312003120201110012020013011013022102331102020302121203230212203011131213
200010000002000301000101102030011001121300220100110210211101031200312020111001202001301101302210233110202030212120323021220302
200010000002000301000101102030011001121300220100110210211101031200312020111001202001301101302210233110202030212120323021220303
200010000002000301000101102030011001121300220100110210211101031200312020111001202001301101302210233110202030212120323021221
200010000002000301000101102030011001121300220100110210211101031200312020111001202001301101302210233110202030212120323021222
200010000002000301000101102030011001121300220100110210211101031200312020111001202001301101302210233110202030212120323021223
2000100000020003010001011020300110011213002201001102102111010312003120201110012020013011013022102331102020302121203230213
2000100000020003010001011020300110011213002201001102102111010312003120201110012020013011013022102331102020303
200010000002000301000101102030011001121300220100110210211101031200312020111001202001301101302210233110203
2000100000020003010001011020300110011213002201001102102111010312003120201110012020013011013022103
2000100000020003010001011020300110011213002201001102102111010312003120201110012020013011013022112
2000100000020003010001011020300110011213002201001102102111010312003120201110012020013011013022113
20001000000200030100010110203001100112130022010011021021110103120031202011100120201
20001000000200030100010110203001100112130022010011021021110103120031202011100120202
20001000000200030100010110203001100112130022010011021021110103120031202011100120203
2000100000020003010001011020301
2000100000020003010001011020302
2000100000020003010001011020303
2000100000020003010001011020310
2000100000020003010001011020311
2000100000020003010001011020312
2000100000020003010001011020313
2000100000020003010001011020320
2000100000020003010001011020321
2000100000020003010001011020322
2000100000020003010001011020323
2000100000020003010001011020330
2000100000020003010001011020331
2000100000020003010001011020332
2000100000020003010001011020333
2000100000020003010001011021
2000100000020003010001011022
2000100000020003010001011023
2000100000020003011
2000100000020003012
2000100000020003013
200010000002001
200010000002002
200010000002003
10000010000002010001011100103020300120020
1000001000000201000101110010302030012002122010011021021110103120030
10000010000002010001011100103020300120021220100110210211101031200313011011001202001
1000001000000201000101110010302030012002122010011021021110103120031301101100120200232
100000100000020100010111001030203001200212201001102102111010312003130110110012020023302011302210311020203021203
100000100000020100010111001030203001200212201001102102111010312003130110110012020023302011302210311020203021212030
10000010000002010001011100103020300120021220100110210211101031200313011011001202002330201130221031102020302121203132110
1000001000000201000101110010302030012002122010011021021110103120031301101100120200233020113022103110202030212120313211130210
1000001000000201000101110010302030012002122010011021021110103120031301101100120200233020113022103110202030212120313211130211
10000010000002010001011100103020300120021220100110210211101031200313011011001202002330201130221031102020302121203132111302122030120
1000001000000201000101110010302030012002122010011021021110103120031301101100120200233020113022103110202030212120313211130212203012130
1000001000000201000101110010302030012002122010011021021110103120031301101100120200233020113022103110202030212120313211130212203012131
100000100000020100010111001030203001200212201001102102111010312003130110110012020023302011302210311020203021212031321113021220301213212033130
100000100000020100010111001030203001200212201001102102111010312003130110110012020023302011302210311020203021212031321113021220301213212033131
100000100000020100010111001030203001200212201001102102111010312003130110110012020023302011302210311020203021212031321113021220301213212033132
100000100000020100010111001030203001200212201001102102111010312003130110110012020023302011302210311020203021212031321113021220301213212033133
10000010000002010001011100103020300120021220100110210211101031200313011011001202002330201130221031102020302121203132111302122030121321203322222311
10000010000002010001011100103020300120021220100110210211101031200313011011001202002330201130221031102020302121203132111302122030121321203322222312
10000010000002010001011100103020300120021220100110210211101031200313011011001202002330201130221031102020302121203132111302122030121321203322222313
1000001000000201000101110010302030012002122010011021021110103120031301101100120200233020113022103110202030212120313211130212203012132120332222232130
1000001000000201000101110010302030012002122010011021021110103120031301101100120200233020113022103110202030212120313211130212203012132120332222232131
100000100000020100010111001030203001200212201001102102111010312003130110110012020023302011302210311020203021212031321113021220301213212033222223213230
100000100000020100010111001030203001200212201001102102111010312003130110110012020023302011302210311020203021212031321113021220301213212033222223213231
100000100000020100010111001030203001200212201001102102111010312003130110110012020023302011302210311020203021212031321113021220301213212033222223213232
100000100000020100010111001030203001200212201001102102111010312003130110110012020023302011302210311020203021212031321113021220301213212033222223213233
10000010000002010001011100103020300120021220100110210211101031200313011011001202002330201130221031102020302121203132111302122030121321203322222321332312332
100000100000020100010111001030203001200212201001102102111010312003130110110012020023302011302210311020203021212031321113021220301213212033222223213323123333
10000010000002010001011100103020300120021220100110210211101031200313011011001202002330201130221031102020302121203132111302122030121321203322222321332313
1000001000000201000101110010302030012002122010011021021110103120031301101100120200233020113022103110202030212120313211130212203012132120332222232133232223033
10000010000002010001011100103020300120021220100110210211101031200313011011001202002330201130221031102020302121203132111302122030121321203322222321332322231
1000001000000201000101110010302030012002122010011021021110103120031301101100120200233020113022103110202030212120313211130212203012132120332222232133232223233
1000001000000201000101110010302030012002122010011021021110103120031301101100120200233020113022103110202030212120313211130212203012132120332222232133233
100000100000020100010111001030203001200212201001102102111010312003130110110012020023302011302210311020203021212031321113021220301213212033222223223
100000100000020100010111001030203001200212201001102102111010312003130110110012020023302011302210311020203021212031321113021220301213212033222223233
1000001000000201000101110010302030012002122010011021021110103120031301101100120200233020113022103110202030212120313211130212203012132120332223
10000010000002010001011100103020300120021220100110210211101031200313011011001202002330201130221031102020302121203132111302122030121321212
10000010000002010001011100103020300120021220100110210211101031200313011011001202002330201130221031102020302121203132111302122030121321213
100000100000020100010111001030203001200212201001102102111010312003130110110012020023302011302210311020203021212031321113021220301213212211
100000100000020100010111001030203001200212201001102102111010312003130110110012020023302011302210311020203021212031321113021220301213212212
100000100000020100010111001030203001200212201001102102111010312003130110110012020023302011302210311020203021212031321113021220301213212213
1000001000000201000101110010302030012002122010011021021110103120031301101100120200233020113022103110202030212120313211130212203012132122212
1000001000000201000101110010302030012002122010011021021110103120031301101100120200233020113022103110202030212120313211130212203012132122213
10000010000002010001011100103020300120021220100110210211101031200313011011001202002330201130221031102020302121203132111302122030121321222220
10000010000002010001011100103020300120021220100110210211101031200313011011001202002330201130221031102020302121203132111302122030121321222221
1000001000000201000101110010302030012002122010011021021110103120031301101100120200233020113022103110202030212120313211130212203012132122222231
1000001000000201000101110010302030012002122010011021021110103120031301101100120200233020113022103110202030212120313211130212203012132122222232
1000001000000201000101110010302030012002122010011021021110103120031301101100120200233020113022103110202030212120313211130212203012132122222233
1000001000000201000101110010302030012002122010011021021110103120031301101100120200233020113022103110202030212120313211130212203012132122222311
1000001000000201000101110010302030012002122010011021021110103120031301101100120200233020113022103110202030212120313211130212203012132122222312
1000001000000201000101110010302030012002122010011021021110103120031301101100120200233020113022103110202030212120313211130212203012132122222313
100000100000020100010111001030203001200212201001102102111010312003130110110012020023302011302210311020203021212031321113021220301213212222232330
100000100000020100010111001030203001200212201001102102111010312003130110110012020023302011302210311020203021212031321113021220301213212222232331
100000100000020100010111001030203001200212201001102102111010312003130110110012020023302011302210311020203021212031321113021220301213212222232332
100000100000020100010111001030203001200212201001102102111010312003130110110012020023302011302210311020203021212031321113021220301213212222232333
100000100000020100010111001030203001200212201001102102111010312003130110110012020023302011302210311020203021212031321113021220301213212222302
100000100000020100010111001030203001200212201001102102111010312003130110110012020023302011302210311020203021212031321113021220301213212222303
10000010000002010001011100103020300120021220100110210211101031200313011011001202002330201130221031102020302121203132111302122030121321222231
100000100000020100010111001030203001200212201001102102111010312003130110110012020023302011302210311020203021212031321113021220301213212222323
10000010000002010001011100103020300120021220100110210211101031200313011011001202002330201130221031102020302121203132111302122030121321222233
100000100000020100010111001030203001200212201001102102111010312003130110110012020023302011302210311020203021212031321113021220301213213
100000100000020100010111001030203001200212201001102102111010312003130110110012020023302011302210311020203021212031321113021220302
100000100000020100010111001030203001200212201001102102111010312003130110110012020023302011302210311020203021212031321113021220303
100000100000020100010111001030203001200212201001102102111010312003130110110012020023302011302210311020203021212031321113021221
100000100000020100010111001030203001200212201001102102111010312003130110110012020023302011302210311020203021212031321113021222
100000100000020100010111001030203001200212201001102102111010312003130110110012020023302011302210311020203021212031321113021223
1000001000000201000101110010302030012002122010011021021110103120031301101100120200233020113022103110202030212120313211130213
10000010000002010001011100103020300120021220100110210211101031200313011011001202002330201130221031102020303
1000001000000201000101110010302030012002122010011021021110103120031301101100120200233020113022103110203
1000001000000201000101110010302030012002122010011021021110103120031301101100120200233020113022112
1000001000000201000101110010302030012002122010011021021110103120031301101100120200233020113022113
1000001000000201000101110010302030012002122010011021021110103120031301101100120201
1000001000000201000101110010302030012002122010011021021110103120031301101100120202
1000001000000201000101110010302030012002122010011021021110103120031301101100120203
10000010000002010001011100103020301
10000010000002010001011100103020302
10000010000002010001011100103020303
10000010000002010001011100103020310
10000010000002010001011100103020311
10000010000002010001011100103020312
10000010000002010001011100103020313
10000010000002010001011100103020320
10000010000002010001011100103020321
10000010000002010001011100103020322
10000010000002010001011100103020323
10000010000002010001011100103020330
10000010000002010001011100103020331
10000010000002010001011100103020332
10000010000002010001011100103020333
10000010000002010001011100103021
10000010000002010001011100103022
10000010000002010001011100103023
10000010000002011
10000010000002012
10000010000002013
1001
1002
1003
3000000100001000201000101110010302030020
300000010000100020100010111001030203002122010011021021110103120030
3000000100001000201000101110010302030021220100110210211101031200312020111001202001301101302210232
300000010000100020100010111001030203002122010011021021110103120031202011100120200130110130221023311020203021203
300000010000100020100010111001030203002122010011021021110103120031202011100120200130110130221023311020203021212030
30000001000010002010001011100103020300212201001102102111010312003120201110012020013011013022102331102020302121203132110
3000000100001000201000101110010302030021220100110210211101031200312020111001202001301101302210233110202030212120313211130210
3000000100001000201000101110010302030021220100110210211101031200312020111001202001301101302210233110202030212120313211130211
30000001000010002010001011100103020300212201001102102111010312003120201110012020013011013022102331102020302121203132111302122030120
3000000100001000201000101110010302030021220100110210211101031200312020111001202001301101302210233110202030212120313211130212203012130
3000000100001000201000101110010302030021220100110210211101031200312020111001202001301101302210233110202030212120313211130212203012131
300000010000100020100010111001030203002122010011021021110103120031202011100120200130110130221023311020203021212031321113021220301213212033130
300000010000100020100010111001030203002122010011021021110103120031202011100120200130110130221023311020203021212031321113021220301213212033131
300000010000100020100010111001030203002122010011021021110103120031202011100120200130110130221023311020203021212031321113021220301213212033132
300000010000100020100010111001030203002122010011021021110103120031202011100120200130110130221023311020203021212031321113021220301213212033133
30000001000010002010001011100103020300212201001102102111010312003120201110012020013011013022102331102020302121203132111302122030121321203322222311
30000001000010002010001011100103020300212201001102102111010312003120201110012020013011013022102331102020302121203132111302122030121321203322222312
30000001000010002010001011100103020300212201001102102111010312003120201110012020013011013022102331102020302121203132111302122030121321203322222313
3000000100001000201000101110010302030021220100110210211101031200312020111001202001301101302210233110202030212120313211130212203012132120332222232130
3000000100001000201000101110010302030021220100110210211101031200312020111001202001301101302210233110202030212120313211130212203012132120332222232131
300000010000100020100010111001030203002122010011021021110103120031202011100120200130110130221023311020203021212031321113021220301213212033222223213230
300000010000100020100010111001030203002122010011021021110103120031202011100120200130110130221023311020203021212031321113021220301213212033222223213231
300000010000100020100010111001030203002122010011021021110103120031202011100120200130110130221023311020203021212031321113021220301213212033222223213232
300000010000100020100010111001030203002122010011021021110103120031202011100120200130110130221023311020203021212031321113021220301213212033222223213233
30000001000010002010001011100103020300212201001102102111010312003120201110012020013011013022102331102020302121203132111302122030121321203322222321332312332
300000010000100020100010111001030203002122010011021021110103120031202011100120200130110130221023311020203021212031321113021220301213212033222223213323123333
30000001000010002010001011100103020300212201001102102111010312003120201110012020013011013022102331102020302121203132111302122030121321203322222321332313
3000000100001000201000101110010302030021220100110210211101031200312020111001202001301101302210233110202030212120313211130212203012132120332222232133232223033
30000001000010002010001011100103020300212201001102102111010312003120201110012020013011013022102331102020302121203132111302122030121321203322222321332322231
3000000100001000201000101110010302030021220100110210211101031200312020111001202001301101302210233110202030212120313211130212203012132120332222232133232223233
3000000100001000201000101110010302030021220100110210211101031200312020111001202001301101302210233110202030212120313211130212203012132120332222232133233
300000010000100020100010111001030203002122010011021021110103120031202011100120200130110130221023311020203021212031321113021220301213212033222223223
300000010000100020100010111001030203002122010011021021110103120031202011100120200130110130221023311020203021212031321113021220301213212033222223233
3000000100001000201000101110010302030021220100110210211101031200312020111001202001301101302210233110202030212120313211130212203012132120332223
30000001000010002010001011100103020300212201001102102111010312003120201110012020013011013022102331102020302121203132111302122030121321212
30000001000010002010001011100103020300212201001102102111010312003120201110012020013011013022102331102020302121203132111302122030121321213
300000010000100020100010111001030203002122010011021021110103120031202011100120200130110130221023311020203021212031321113021220301213212211
300000010000100020100010111001030203002122010011021021110103120031202011100120200130110130221023311020203021212031321113021220301213212212
300000010000100020100010111001030203002122010011021021110103120031202011100120200130110130221023311020203021212031321113021220301213212213
3000000100001000201000101110010302030021220100110210211101031200312020111001202001301101302210233110202030212120313211130212203012132122212
3000000100001000201000101110010302030021220100110210211101031200312020111001202001301101302210233110202030212120313211130212203012132122213
30000001000010002010001011100103020300212201001102102111010312003120201110012020013011013022102331102020302121203132111302122030121321222220
30000001000010002010001011100103020300212201001102102111010312003120201110012020013011013022102331102020302121203132111302122030121321222221
3000000100001000201000101110010302030021220100110210211101031200312020111001202001301101302210233110202030212120313211130212203012132122222231
3000000100001000201000101110010302030021220100110210211101031200312020111001202001301101302210233110202030212120313211130212203012132122222232
3000000100001000201000101110010302030021220100110210211101031200312020111001202001301101302210233110202030212120313211130212203012132122222233
3000000100001000201000101110010302030021220100110210211101031200312020111001202001301101302210233110202030212120313211130212203012132122222311
3000000100001000201000101110010302030021220100110210211101031200312020111001202001301101302210233110202030212120313211130212203012132122222312
3000000100001000201000101110010302030021220100110210211101031200312020111001202001301101302210233110202030212120313211130212203012132122222313
300000010000100020100010111001030203002122010011021021110103120031202011100120200130110130221023311020203021212031321113021220301213212222232330
300000010000100020100010111001030203002122010011021021110103120031202011100120200130110130221023311020203021212031321113021220301213212222232331
300000010000100020100010111001030203002122010011021021110103120031202011100120200130110130221023311020203021212031321113021220301213212222232332
300000010000100020100010111001030203002122010011021021110103120031202011100120200130110130221023311020203021212031321113021220301213212222232333
300000010000100020100010111001030203002122010011021021110103120031202011100120200130110130221023311020203021212031321113021220301213212222302
300000010000100020100010111001030203002122010011021021110103120031202011100120200130110130221023311020203021212031321113021220301213212222303
30000001000010002010001011100103020300212201001102102111010312003120201110012020013011013022102331102020302121203132111302122030121321222231
300000010000100020100010111001030203002122010011021021110103120031202011100120200130110130221023311020203021212031321113021220301213212222323
30000001000010002010001011100103020300212201001102102111010312003120201110012020013011013022102331102020302121203132111302122030121321222233
300000010000100020100010111001030203002122010011021021110103120031202011100120200130110130221023311020203021212031321113021220301213213
300000010000100020100010111001030203002122010011021021110103120031202011100120200130110130221023311020203021212031321113021220302
300000010000100020100010111001030203002122010011021021110103120031202011100120200130110130221023311020203021212031321113021220303
300000010000100020100010111001030203002122010011021021110103120031202011100120200130110130221023311020203021212031321113021221
300000010000100020100010111001030203002122010011021021110103120031202011100120200130110130221023311020203021212031321113021222
300000010000100020100010111001030203002122010011021021110103120031202011100120200130110130221023311020203021212031321113021223
3000000100001000201000101110010302030021220100110210211101031200312020111001202001301101302210233110202030212120313211130213
30000001000010002010001011100103020300212201001102102111010312003120201110012020013011013022102331102020303
3000000100001000201000101110010302030021220100110210211101031200312020111001202001301101302210233110203
30000001000010002010001011100103020300212201001102102111010312003120201110012020013011013022103
30000001000010002010001011100103020300212201001102102111010312003120201110012020013011013022112
30000001000010002010001011100103020300212201001102102111010312003120201110012020013011013022113
300000010000100020100010111001030203002122010011021021110103120031202011100120201
300000010000100020100010111001030203002122010011021021110103120031202011100120202
300000010000100020100010111001030203002122010011021021110103120031202011100120203
30000001000010002010001011100103020301
30000001000010002010001011100103020302
30000001000010002010001011100103020303
30000001000010002010001011100103020310
30000001000010002010001011100103020311
30000001000010002010001011100103020312
30000001000010002010001011100103020313
30000001000010002010001011100103020320
30000001000010002010001011100103020321
30000001000010002010001011100103020322
30000001000010002010001011100103020323
30000001000010002010001011100103020330
30000001000010002010001011100103020331
30000001000010002010001011100103020332
30000001000010002010001011100103020333
30000001000010002010001011100103021
30000001000010002010001011100103022
30000001000010002010001011100103023
30000001000010002011
30000001000010002012
30000001000010002013
3000000100001001
3000000100001002
3000000100001003
