0191037125110108119151184161110
0191037125110108119151184161111111
019103712511010811915118416111111211
01910371251101081191511841611111121110
019103712511010811915118416111111211119326381310
0191037125110108119151184161111112111193263893
0191037125110108119151184161111112111193265561
0191037125110108119151184161111145
0191037125110108119151184161111141
0191037125110108119151184161111146
019103712511010811915118416111
019103712511010811915118416118
019103712511010811915118416110
01910376
01910373
019103711
019103711
019103711
019103719
