000
010000000
020
030
0010
0020
003000
0110
01200
0130
010100
01020
01030
010010
010020
010030
01000100
0100020
0100030
01000010
010000200
01000030
010000010
010000020
010000030
010000001
010000002
010000003
021
022
023
031
032
033
0011
0012
0013
0021
0022
0023
00310
00320
00330
003010
003020
003030
003001
003002
003003
0111
0112
0113
01210
01220
01230
01201
01202
01203
0131
0132
0133
010110
010120
010130
010101
010102
010103
01021
01022
01023
01031
01032
01033
010011
010012
010013
010021
010022
010023
010031
010032
010033
01000110
01000120
01000130
01000101
01000102
01000103
0100021
0100022
0100023
0100031
0100032
0100033
01000011
01000012
01000013
010000210
010000220
010000230
010000201
010000202
010000203
01000031
01000032
01000033
010000011
010000012
010000013
010000021
010000022
010000023
010000031
010000032
010000033
00311
00312
00313
00321
00322
00323
00331
00332
00333
003011
003012
003013
003021
003022
003023
003031
003032
003033
01211
01212
01213
01221
01222
01223
01231
01232
01233
010111
010112
010113
010121
010122
010123
010131
010132
010133
01000111
01000112
01000113
01000121
01000122
01000123
01000131
01000132
01000133
010000211
010000212
010000213
010000221
010000222
010000223
010000231
010000232
010000233
20000000
210
2200
230000
20100
2020
2030
20010
20020
200300
2000100
200020
200030
2000010
20000200
2000030
20000010
20000020
20000030
20000001
20000002
20000003
211
212
213
2210
2220
2230
2201
2202
2203
2310
2320
2330
23010
2302
23030
230010
230020
230030
230001
230002
230003
20110
20120
20130
20101
20102
20103
2021
2022
2023
2031
2032
2033
20011
20012
20013
20021
20022
20023
200310
200320
200330
200301
200302
200303
2000110
2000120
2000130
2000101
2000102
2000103
200021
200022
200023
200031
200032
200033
2000011
2000012
2000013
20000210
20000220
20000230
20000201
20000202
20000203
2000031
2000032
2000033
20000011
20000012
20000013
20000021
20000022
20000023
20000031
20000032
20000033
2211
2212
2213
2221
2222
2223
2231
2232
2233
2311
2312
2313
2321
2322
2323
2331
2332
2333
23011
23012
23013
23031
23032
23033
230011
230012
230013
230021
230022
230023
230031
230032
230033
20111
20112
20113
20121
20122
20123
20131
20132
20133
200311
200312
200313
200321
200322
200323
200331
200332
200333
2000111
2000112
2000113
2000121
2000122
2000123
2000131
2000132
2000133
20000211
20000212
20000213
20000221
20000222
20000223
20000231
20000232
20000233
1000
11
120000000
13000
1010
1020
1030
1001
1002
1003
1210
12200
1230
120100
12020
12030
120010
120020
120030
12000100
1200020
1200030
12000010
120000200
12000030
120000010
120000020
120000030
120000001
120000002
120000003
1310
1320
1330
13010
13020
13030
13001
13002
13003
1011
1012
1013
1021
1022
1023
1031
1032
1033
1211
1212
1213
12210
12220
12230
12201
12202
12203
1231
1232
1233
120110
120120
120130
120101
120102
120103
12021
12022
12023
12031
12032
12033
120011
120012
120013
120021
120022
120023
120031
120032
120033
12000110
12000120
12000130
12000101
12000102
12000103
1200021
1200022
1200023
1200031
1200032
1200033
12000011
12000012
12000013
120000210
120000220
120000230
120000201
120000202
120000203
12000031
12000032
12000033
120000011
120000012
120000013
120000021
120000022
120000023
120000031
120000032
120000033
1311
1312
1313
1321
1322
1323
1331
1332
1333
13011
13012
13013
13021
13022
13023
13031
13032
13033
12211
12212
12213
12221
12222
12223
12231
12232
12233
120111
120112
120113
120121
120122
120123
120131
120132
120133
12000111
12000112
12000113
12000121
12000122
12000123
12000131
12000132
12000133
120000211
120000212
120000213
120000221
120000222
120000223
120000231
120000232
120000233
300000
31000
320000
3300
3010
3020
3030
30010
3002000
3003
300010
300020
300030
300001
300002
300003
3110
3120
3130
31010
310200
31030
31001
31002
31003
3210
3220
3230
320100
32020
32030
320010
320020
320030
320001
320002
320003
3310
3320
3330
3301
3302
3303
3011
3012
3013
3021
3022
3023
3031
3032
3033
30011
30012
30013
300210
300220
300230
3002010
3002020
3002030
3002001
3002002
3002003
300011
300012
300013
300021
300022
300023
300031
300032
300033
3111
3112
3113
3121
3122
3123
3131
3132
3133
31011
31012
31013
310210
310220
310230
310201
310202
310203
31031
31032
31033
3211
3212
3213
3221
3222
3223
3231
3232
3233
320110
320120
320130
320101
320102
320103
32021
32022
32023
32031
32032
32033
320011
320012
320013
320021
320022
320023
320031
320032
320033
3311
3312
3313
3321
3322
3323
3331
3332
3333
300211
300212
300213
300221
300222
300223
300231
300232
300233
3002011
3002012
3002013
3002021
3002022
3002023
3002031
3002032
3002033
310211
310212
310213
310221
310222
310223
310231
310232
310233
320111
320112
320113
320121
320122
320123
320131
320132
320133
