0001000000010110020110100020300302010
0001000000010110020110100020300302011201021020
00010000000101100201101000203003020112010210210
0001000000010110020110100020300302011201021021120130013011
0001000000010110020110100020300302011201021021120130013012110302201
0001000000010110020110100020300302011201021021120130013012110302202223131002111210320
0001000000010110020110100020300302011201021021120130013012110302202223131002111210321
0001000000010110020110100020300302011201021021120130013012110302202223131002111210322
000100000001011002011010002030030201120102102112013001301211030220222313100211121032330
000100000001011002011010002030030201120102102112013001301211030220222313100211121032331120
000100000001011002011010002030030201120102102112013001301211030220222313100211121032331121
000100000001011002011010002030030201120102102112013001301211030220222313100211121032331122
000100000001011002011010002030030201120102102112013001301211030220222313100211121032331123
000100000001011002011010002030030201120102102112013001301211030220222313100211121032331130203020121022030
000100000001011002011010002030030201120102102112013001301211030220222313100211121032331130203020121022031
00010000000101100201101000203003020112010210211201300130121103022022231310021112103233113020302012102203230311120
00010000000101100201101000203003020112010210211201300130121103022022231310021112103233113020302012102203230311121332
000100000001011002011010002030030201120102102112013001301211030220222313100211121032331130203020121022032303111213332
000100000001011002011010002030030201120102102112013001301211030220222313100211121032331130203020121022032303111213333122301
000100000001011002011010002030030201120102102112013001301211030220222313100211121032331130203020121022032303111213333122302
000100000001011002011010002030030201120102102112013001301211030220222313100211121032331130203020121022032303111213333122303
00010000000101100201101000203003020112010210211201300130121103022022231310021112103233113020302012102203230311121333312231131
000100000001011002011010002030030201120102102112013001301211030220222313100211121032331130203020121022032303111213333122311321
000100000001011002011010002030030201120102102112013001301211030220222313100211121032331130203020121022032303111213333122311322
000100000001011002011010002030030201120102102112013001301211030220222313100211121032331130203020121022032303111213333122311323110
000100000001011002011010002030030201120102102112013001301211030220222313100211121032331130203020121022032303111213333122311323111
000100000001011002011010002030030201120102102112013001301211030220222313100211121032331130203020121022032303111213333122311323112
0001000000010110020110100020300302011201021021120130013012110302202223131002111210323311302030201210220323031112133331223113231130
0001000000010110020110100020300302011201021021120130013012110302202223131002111210323311302030201210220323031112133331223113231131
0001000000010110020110100020300302011201021021120130013012110302202223131002111210323311302030201210220323031112133331223113231132
0001000000010110020110100020300302011201021021120130013012110302202223131002111210323311302030201210220323031112133331223113231133
0001000000010110020110100020300302011201021021120130013012110302202223131002111210323311302030201210220323031112133331223113231203
00010000000101100201101000203003020112010210211201300130121103022022231310021112103233113020302012102203230311121333312231132312122
000100000001011002011010002030030201120102102112013001301211030220222313100211121032331130203020121022032303111213333122311323121232
000100000001011002011010002030030201120102102112013001301211030220222313100211121032331130203020121022032303111213333122311323121233
00010000000101100201101000203003020112010210211201300130121103022022231310021112103233113020302012102203230311121333312231132312133
000100000001011002011010002030030201120102102112013001301211030220222313100211121032331130203020121022032303111213333122311323122130
000100000001011002011010002030030201120102102112013001301211030220222313100211121032331130203020121022032303111213333122311323122131
000100000001011002011010002030030201120102102112013001301211030220222313100211121032331130203020121022032303111213333122311323122132
000100000001011002011010002030030201120102102112013001301211030220222313100211121032331130203020121022032303111213333122311323122133
00010000000101100201101000203003020112010210211201300130121103022022231310021112103233113020302012102203230311121333312231132312221
00010000000101100201101000203003020112010210211201300130121103022022231310021112103233113020302012102203230311121333312231132312222
00010000000101100201101000203003020112010210211201300130121103022022231310021112103233113020302012102203230311121333312231132312223
00010000000101100201101000203003020112010210211201300130121103022022231310021112103233113020302012102203230311121333312231132312231
00010000000101100201101000203003020112010210211201300130121103022022231310021112103233113020302012102203230311121333312231132312232
0001000000010110020110100020300302011201021021120130013012110302202223131002111210323311302030201210220323031112133331223113231223321
0001000000010110020110100020300302011201021021120130013012110302202223131002111210323311302030201210220323031112133331223113231223322
0001000000010110020110100020300302011201021021120130013012110302202223131002111210323311302030201210220323031112133331223113231223323
00010000000101100201101000203003020112010210211201300130121103022022231310021112103233113020302012102203230311121333312231132312233312
00010000000101100201101000203003020112010210211201300130121103022022231310021112103233113020302012102203230311121333312231132312233313
0001000000010110020110100020300302011201021021120130013012110302202223131002111210323311302030201210220323031112133331223113231223332232
0001000000010110020110100020300302011201021021120130013012110302202223131002111210323311302030201210220323031112133331223113231223332233
000100000001011002011010002030030201120102102112013001301211030220222313100211121032331130203020121022032303111213333122311323122333230
000100000001011002011010002030030201120102102112013001301211030220222313100211121032331130203020121022032303111213333122311323122333231
000100000001011002011010002030030201120102102112013001301211030220222313100211121032331130203020121022032303111213333122311323122333232
000100000001011002011010002030030201120102102112013001301211030220222313100211121032331130203020121022032303111213333122311323122333233
0001000000010110020110100020300302011201021021120130013012110302202223131002111210323311302030201210220323031112133331223113231223333
000100000001011002011010002030030201120102102112013001301211030220222313100211121032331130203020121022032303111213333122311323123
000100000001011002011010002030030201120102102112013001301211030220222313100211121032331130203020121022032303111213333122312
000100000001011002011010002030030201120102102112013001301211030220222313100211121032331130203020121022032303111213333122313
00010000000101100201101000203003020112010210211201300130121103022022231310021112103233113020302012102203230311121333313
0001000000010110020110100020300302011201021021120130013012110302202223131002111210323311302030201210220323031113
00010000000101100201101000203003020112010210211201300130121103022022231310021112103233113020302012103
0001000000010110020110100020300302011201021021120130013012110302202223131002111210323311303
00010000000101100201101000203003020112010210211201300130121103022022232
00010000000101100201101000203003020112010210211201300130121103022022233
000100000001011002011010002030030201120102102112013001301211030220223
000100000001011002011010002030030201120102102112013001301212
000100000001011002011010002030030201120102102112013001301213
00010000000101100201101000203003020112010210211202
00010000000101100201101000203003020112010210211203
0001000000010110020110100020300303
0001000000010110020110101
0001000000010110020110102
0001000000010110020110103
200000001011000010100201101000203010302021020
2000000010110000101002011010002030103020210210
2000000010110000101002011010002030103020210211201300112201
2000000010110000101002011010002030103020210211201300112202110302303011
2000000010110000101002011010002030103020210211201300112202110302303012223131002111210320
2000000010110000101002011010002030103020210211201300112202110302303012223131002111210321
2000000010110000101002011010002030103020210211201300112202110302303012223131002111210322
200000001011000010100201101000203010302021021120130011220211030230301222313100211121032330
200000001011000010100201101000203010302021021120130011220211030230301222313100211121032331120
200000001011000010100201101000203010302021021120130011220211030230301222313100211121032331121
200000001011000010100201101000203010302021021120130011220211030230301222313100211121032331122
200000001011000010100201101000203010302021021120130011220211030230301222313100211121032331123
200000001011000010100201101000203010302021021120130011220211030230301222313100211121032331130203020121022030
200000001011000010100201101000203010302021021120130011220211030230301222313100211121032331130203020121022031311120
20000000101100001010020110100020301030202102112013001122021103023030122231310021112103233113020302012102203131112132
200000001011000010100201101000203010302021021120130011220211030230301222313100211121032331130203020121022031311121332
2000000010110000101002011010002030103020210211201300112202110302303012223131002111210323311302030201210220313111213332
2000000010110000101002011010002030103020210211201300112202110302303012223131002111210323311302030201210220313111213333122301
2000000010110000101002011010002030103020210211201300112202110302303012223131002111210323311302030201210220313111213333122302
2000000010110000101002011010002030103020210211201300112202110302303012223131002111210323311302030201210220313111213333122303
200000001011000010100201101000203010302021021120130011220211030230301222313100211121032331130203020121022031311121333312231131
2000000010110000101002011010002030103020210211201300112202110302303012223131002111210323311302030201210220313111213333122311321
2000000010110000101002011010002030103020210211201300112202110302303012223131002111210323311302030201210220313111213333122311322
2000000010110000101002011010002030103020210211201300112202110302303012223131002111210323311302030201210220313111213333122311323110
2000000010110000101002011010002030103020210211201300112202110302303012223131002111210323311302030201210220313111213333122311323111
2000000010110000101002011010002030103020210211201300112202110302303012223131002111210323311302030201210220313111213333122311323112
20000000101100001010020110100020301030202102112013001122021103023030122231310021112103233113020302012102203131112133331223113231130
20000000101100001010020110100020301030202102112013001122021103023030122231310021112103233113020302012102203131112133331223113231131
20000000101100001010020110100020301030202102112013001122021103023030122231310021112103233113020302012102203131112133331223113231132
20000000101100001010020110100020301030202102112013001122021103023030122231310021112103233113020302012102203131112133331223113231133
20000000101100001010020110100020301030202102112013001122021103023030122231310021112103233113020302012102203131112133331223113231203
200000001011000010100201101000203010302021021120130011220211030230301222313100211121032331130203020121022031311121333312231132312122
2000000010110000101002011010002030103020210211201300112202110302303012223131002111210323311302030201210220313111213333122311323121232
2000000010110000101002011010002030103020210211201300112202110302303012223131002111210323311302030201210220313111213333122311323121233
200000001011000010100201101000203010302021021120130011220211030230301222313100211121032331130203020121022031311121333312231132312133
2000000010110000101002011010002030103020210211201300112202110302303012223131002111210323311302030201210220313111213333122311323122130
2000000010110000101002011010002030103020210211201300112202110302303012223131002111210323311302030201210220313111213333122311323122131
2000000010110000101002011010002030103020210211201300112202110302303012223131002111210323311302030201210220313111213333122311323122132
2000000010110000101002011010002030103020210211201300112202110302303012223131002111210323311302030201210220313111213333122311323122133
200000001011000010100201101000203010302021021120130011220211030230301222313100211121032331130203020121022031311121333312231132312221
200000001011000010100201101000203010302021021120130011220211030230301222313100211121032331130203020121022031311121333312231132312222
200000001011000010100201101000203010302021021120130011220211030230301222313100211121032331130203020121022031311121333312231132312223
200000001011000010100201101000203010302021021120130011220211030230301222313100211121032331130203020121022031311121333312231132312231
200000001011000010100201101000203010302021021120130011220211030230301222313100211121032331130203020121022031311121333312231132312232
20000000101100001010020110100020301030202102112013001122021103023030122231310021112103233113020302012102203131112133331223113231223321
20000000101100001010020110100020301030202102112013001122021103023030122231310021112103233113020302012102203131112133331223113231223322
20000000101100001010020110100020301030202102112013001122021103023030122231310021112103233113020302012102203131112133331223113231223323
200000001011000010100201101000203010302021021120130011220211030230301222313100211121032331130203020121022031311121333312231132312233312
200000001011000010100201101000203010302021021120130011220211030230301222313100211121032331130203020121022031311121333312231132312233313
20000000101100001010020110100020301030202102112013001122021103023030122231310021112103233113020302012102203131112133331223113231223332232
20000000101100001010020110100020301030202102112013001122021103023030122231310021112103233113020302012102203131112133331223113231223332233
2000000010110000101002011010002030103020210211201300112202110302303012223131002111210323311302030201210220313111213333122311323122333230
2000000010110000101002011010002030103020210211201300112202110302303012223131002111210323311302030201210220313111213333122311323122333231
2000000010110000101002011010002030103020210211201300112202110302303012223131002111210323311302030201210220313111213333122311323122333232
2000000010110000101002011010002030103020210211201300112202110302303012223131002111210323311302030201210220313111213333122311323122333233
20000000101100001010020110100020301030202102112013001122021103023030122231310021112103233113020302012102203131112133331223113231223333
2000000010110000101002011010002030103020210211201300112202110302303012223131002111210323311302030201210220313111213333122311323123
2000000010110000101002011010002030103020210211201300112202110302303012223131002111210323311302030201210220313111213333122312
2000000010110000101002011010002030103020210211201300112202110302303012223131002111210323311302030201210220313111213333122313
200000001011000010100201101000203010302021021120130011220211030230301222313100211121032331130203020121022031311121333313
20000000101100001010020110100020301030202102112013001122021103023030122231310021112103233113020302012102203131113
20000000101100001010020110100020301030202102112013001122021103023030122231310021112103233113020302012103
2000000010110000101002011010002030103020210211201300112202110302303012223131002111210323311303
20000000101100001010020110100020301030202102112013001122021103023030122232
20000000101100001010020110100020301030202102112013001122021103023030122233
200000001011000010100201101000203010302021021120130011220211030230301223
200000001011000010100201101000203010302021021120130011220212
200000001011000010100201101000203010302021021120130011220213
2000000010110000101002011010002030103020210211202
2000000010110000101002011010002030103020210211203
200000001011000010100201101000203010303
20000000101100001010020110101
20000000101100001010020110102
20000000101100001010020110103
10001000000010110020110100020300302011201021020
100010000000101100201101000203003020112010210210
10001000000010110020110100020300302011201021021120130013011
10001000000010110020110100020300302011201021021120130013012110302201
10001000000010110020110100020300302011201021021120130013012110302202223131002111210320
10001000000010110020110100020300302011201021021120130013012110302202223131002111210321
10001000000010110020110100020300302011201021021120130013012110302202223131002111210322
1000100000001011002011010002030030201120102102112013001301211030220222313100211121032330
1000100000001011002011010002030030201120102102112013001301211030220222313100211121032331120
1000100000001011002011010002030030201120102102112013001301211030220222313100211121032331121
1000100000001011002011010002030030201120102102112013001301211030220222313100211121032331122
1000100000001011002011010002030030201120102102112013001301211030220222313100211121032331123
1000100000001011002011010002030030201120102102112013001301211030220222313100211121032331130203020121022030
1000100000001011002011010002030030201120102102112013001301211030220222313100211121032331130203020121022031
100010000000101100201101000203003020112010210211201300130121103022022231310021112103233113020302012102203230311120
100010000000101100201101000203003020112010210211201300130121103022022231310021112103233113020302012102203230311121332
1000100000001011002011010002030030201120102102112013001301211030220222313100211121032331130203020121022032303111213332
1000100000001011002011010002030030201120102102112013001301211030220222313100211121032331130203020121022032303111213333122301
1000100000001011002011010002030030201120102102112013001301211030220222313100211121032331130203020121022032303111213333122302
1000100000001011002011010002030030201120102102112013001301211030220222313100211121032331130203020121022032303111213333122303
100010000000101100201101000203003020112010210211201300130121103022022231310021112103233113020302012102203230311121333312231131
1000100000001011002011010002030030201120102102112013001301211030220222313100211121032331130203020121022032303111213333122311321
1000100000001011002011010002030030201120102102112013001301211030220222313100211121032331130203020121022032303111213333122311322
1000100000001011002011010002030030201120102102112013001301211030220222313100211121032331130203020121022032303111213333122311323110
1000100000001011002011010002030030201120102102112013001301211030220222313100211121032331130203020121022032303111213333122311323111
1000100000001011002011010002030030201120102102112013001301211030220222313100211121032331130203020121022032303111213333122311323112
10001000000010110020110100020300302011201021021120130013012110302202223131002111210323311302030201210220323031112133331223113231130
10001000000010110020110100020300302011201021021120130013012110302202223131002111210323311302030201210220323031112133331223113231131
10001000000010110020110100020300302011201021021120130013012110302202223131002111210323311302030201210220323031112133331223113231132
10001000000010110020110100020300302011201021021120130013012110302202223131002111210323311302030201210220323031112133331223113231133
10001000000010110020110100020300302011201021021120130013012110302202223131002111210323311302030201210220323031112133331223113231203
100010000000101100201101000203003020112010210211201300130121103022022231310021112103233113020302012102203230311121333312231132312122
1000100000001011002011010002030030201120102102112013001301211030220222313100211121032331130203020121022032303111213333122311323121232
1000100000001011002011010002030030201120102102112013001301211030220222313100211121032331130203020121022032303111213333122311323121233
100010000000101100201101000203003020112010210211201300130121103022022231310021112103233113020302012102203230311121333312231132312133
1000100000001011002011010002030030201120102102112013001301211030220222313100211121032331130203020121022032303111213333122311323122130
1000100000001011002011010002030030201120102102112013001301211030220222313100211121032331130203020121022032303111213333122311323122131
1000100000001011002011010002030030201120102102112013001301211030220222313100211121032331130203020121022032303111213333122311323122132
1000100000001011002011010002030030201120102102112013001301211030220222313100211121032331130203020121022032303111213333122311323122133
100010000000101100201101000203003020112010210211201300130121103022022231310021112103233113020302012102203230311121333312231132312221
100010000000101100201101000203003020112010210211201300130121103022022231310021112103233113020302012102203230311121333312231132312222
100010000000101100201101000203003020112010210211201300130121103022022231310021112103233113020302012102203230311121333312231132312223
100010000000101100201101000203003020112010210211201300130121103022022231310021112103233113020302012102203230311121333312231132312231
100010000000101100201101000203003020112010210211201300130121103022022231310021112103233113020302012102203230311121333312231132312232
10001000000010110020110100020300302011201021021120130013012110302202223131002111210323311302030201210220323031112133331223113231223321
10001000000010110020110100020300302011201021021120130013012110302202223131002111210323311302030201210220323031112133331223113231223322
10001000000010110020110100020300302011201021021120130013012110302202223131002111210323311302030201210220323031112133331223113231223323
100010000000101100201101000203003020112010210211201300130121103022022231310021112103233113020302012102203230311121333312231132312233312
100010000000101100201101000203003020112010210211201300130121103022022231310021112103233113020302012102203230311121333312231132312233313
10001000000010110020110100020300302011201021021120130013012110302202223131002111210323311302030201210220323031112133331223113231223332232
10001000000010110020110100020300302011201021021120130013012110302202223131002111210323311302030201210220323031112133331223113231223332233
1000100000001011002011010002030030201120102102112013001301211030220222313100211121032331130203020121022032303111213333122311323122333230
1000100000001011002011010002030030201120102102112013001301211030220222313100211121032331130203020121022032303111213333122311323122333231
1000100000001011002011010002030030201120102102112013001301211030220222313100211121032331130203020121022032303111213333122311323122333232
1000100000001011002011010002030030201120102102112013001301211030220222313100211121032331130203020121022032303111213333122311323122333233
10001000000010110020110100020300302011201021021120130013012110302202223131002111210323311302030201210220323031112133331223113231223333
1000100000001011002011010002030030201120102102112013001301211030220222313100211121032331130203020121022032303111213333122311323123
1000100000001011002011010002030030201120102102112013001301211030220222313100211121032331130203020121022032303111213333122312
1000100000001011002011010002030030201120102102112013001301211030220222313100211121032331130203020121022032303111213333122313
100010000000101100201101000203003020112010210211201300130121103022022231310021112103233113020302012102203230311121333313
10001000000010110020110100020300302011201021021120130013012110302202223131002111210323311302030201210220323031113
100010000000101100201101000203003020112010210211201300130121103022022231310021112103233113020302012103
10001000000010110020110100020300302011201021021120130013012110302202223131002111210323311303
100010000000101100201101000203003020112010210211201300130121103022022232
100010000000101100201101000203003020112010210211201300130121103022022233
1000100000001011002011010002030030201120102102112013001301211030220223
1000100000001011002011010002030030201120102102112013001301212
1000100000001011002011010002030030201120102102112013001301213
100010000000101100201101000203003020112010210211202
100010000000101100201101000203003020112010210211203
10001000000010110020110100020300303
10001000000010110020110101
10001000000010110020110102
10001000000010110020110103
30000010000000101101020110100020300302011201021020
300000100000001011010201101000203003020112010210210
3000001000000010110102011010002030030201120102102112013011
3000001000000010110102011010002030030201120102102112013012110302201
3000001000000010110102011010002030030201120102102112013012110302202223131002111210320
3000001000000010110102011010002030030201120102102112013012110302202223131002111210321
3000001000000010110102011010002030030201120102102112013012110302202223131002111210322
300000100000001011010201101000203003020112010210211201301211030220222313100211121032330
300000100000001011010201101000203003020112010210211201301211030220222313100211121032331120
300000100000001011010201101000203003020112010210211201301211030220222313100211121032331121
300000100000001011010201101000203003020112010210211201301211030220222313100211121032331122
300000100000001011010201101000203003020112010210211201301211030220222313100211121032331123
300000100000001011010201101000203003020112010210211201301211030220222313100211121032331130203020121022030
300000100000001011010201101000203003020112010210211201301211030220222313100211121032331130203020121022031311120
300000100000001011010201101000203003020112010210211201301211030220222313100211121032331130203020121022031311121323032
3000001000000010110102011010002030030201120102102112013012110302202223131002111210323311302030201210220313111213230332
3000001000000010110102011010002030030201120102102112013012110302202223131002111210323311302030201210220313111213230333122301
3000001000000010110102011010002030030201120102102112013012110302202223131002111210323311302030201210220313111213230333122302
3000001000000010110102011010002030030201120102102112013012110302202223131002111210323311302030201210220313111213230333122303
300000100000001011010201101000203003020112010210211201301211030220222313100211121032331130203020121022031311121323033312231131
3000001000000010110102011010002030030201120102102112013012110302202223131002111210323311302030201210220313111213230333122311321
3000001000000010110102011010002030030201120102102112013012110302202223131002111210323311302030201210220313111213230333122311322
3000001000000010110102011010002030030201120102102112013012110302202223131002111210323311302030201210220313111213230333122311323110
3000001000000010110102011010002030030201120102102112013012110302202223131002111210323311302030201210220313111213230333122311323111
3000001000000010110102011010002030030201120102102112013012110302202223131002111210323311302030201210220313111213230333122311323112
30000010000000101101020110100020300302011201021021120130121103022022231310021112103233113020302012102203131112132303331223113231130
30000010000000101101020110100020300302011201021021120130121103022022231310021112103233113020302012102203131112132303331223113231131
30000010000000101101020110100020300302011201021021120130121103022022231310021112103233113020302012102203131112132303331223113231132
30000010000000101101020110100020300302011201021021120130121103022022231310021112103233113020302012102203131112132303331223113231133
30000010000000101101020110100020300302011201021021120130121103022022231310021112103233113020302012102203131112132303331223113231203
300000100000001011010201101000203003020112010210211201301211030220222313100211121032331130203020121022031311121323033312231132312122
3000001000000010110102011010002030030201120102102112013012110302202223131002111210323311302030201210220313111213230333122311323121232
3000001000000010110102011010002030030201120102102112013012110302202223131002111210323311302030201210220313111213230333122311323121233
300000100000001011010201101000203003020112010210211201301211030220222313100211121032331130203020121022031311121323033312231132312133
3000001000000010110102011010002030030201120102102112013012110302202223131002111210323311302030201210220313111213230333122311323122130
3000001000000010110102011010002030030201120102102112013012110302202223131002111210323311302030201210220313111213230333122311323122131
3000001000000010110102011010002030030201120102102112013012110302202223131002111210323311302030201210220313111213230333122311323122132
3000001000000010110102011010002030030201120102102112013012110302202223131002111210323311302030201210220313111213230333122311323122133
300000100000001011010201101000203003020112010210211201301211030220222313100211121032331130203020121022031311121323033312231132312221
300000100000001011010201101000203003020112010210211201301211030220222313100211121032331130203020121022031311121323033312231132312222
300000100000001011010201101000203003020112010210211201301211030220222313100211121032331130203020121022031311121323033312231132312223
300000100000001011010201101000203003020112010210211201301211030220222313100211121032331130203020121022031311121323033312231132312231
300000100000001011010201101000203003020112010210211201301211030220222313100211121032331130203020121022031311121323033312231132312232
30000010000000101101020110100020300302011201021021120130121103022022231310021112103233113020302012102203131112132303331223113231223321
30000010000000101101020110100020300302011201021021120130121103022022231310021112103233113020302012102203131112132303331223113231223322
30000010000000101101020110100020300302011201021021120130121103022022231310021112103233113020302012102203131112132303331223113231223323
300000100000001011010201101000203003020112010210211201301211030220222313100211121032331130203020121022031311121323033312231132312233312
300000100000001011010201101000203003020112010210211201301211030220222313100211121032331130203020121022031311121323033312231132312233313
30000010000000101101020110100020300302011201021021120130121103022022231310021112103233113020302012102203131112132303331223113231223332232
30000010000000101101020110100020300302011201021021120130121103022022231310021112103233113020302012102203131112132303331223113231223332233
3000001000000010110102011010002030030201120102102112013012110302202223131002111210323311302030201210220313111213230333122311323122333230
3000001000000010110102011010002030030201120102102112013012110302202223131002111210323311302030201210220313111213230333122311323122333231
3000001000000010110102011010002030030201120102102112013012110302202223131002111210323311302030201210220313111213230333122311323122333232
3000001000000010110102011010002030030201120102102112013012110302202223131002111210323311302030201210220313111213230333122311323122333233
300000100000001011010201101000203003020112010210211201301211030220222313100211121032331130203020121022031311121323033312231132312233333
3000001000000010110102011010002030030201120102102112013012110302202223131002111210323311302030201210220313111213230333122311323123
3000001000000010110102011010002030030201120102102112013012110302202223131002111210323311302030201210220313111213230333122312
3000001000000010110102011010002030030201120102102112013012110302202223131002111210323311302030201210220313111213230333122313
300000100000001011010201101000203003020112010210211201301211030220222313100211121032331130203020121022031311121323033313
30000010000000101101020110100020300302011201021021120130121103022022231310021112103233113020302012102203131113
30000010000000101101020110100020300302011201021021120130121103022022231310021112103233113020302012103
3000001000000010110102011010002030030201120102102112013012110302202223131002111210323311303
30000010000000101101020110100020300302011201021021120130121103022022232
30000010000000101101020110100020300302011201021021120130121103022022233
300000100000001011010201101000203003020112010210211201301211030220223
300000100000001011010201101000203003020112010210211201301212
300000100000001011010201101000203003020112010210211201301213
300000100000001011010201101000203003020112010210211202
300000100000001011010201101000203003020112010210211203
30000010000000101101020110100020300303
30000010000000101101020110101
30000010000000101101020110102
30000010000000101101020110103
