000010100100101102020200300010020111121030
00001010010010110202020030001002011112103121310
0000101001001011020202003000100201111210312131130221
000010100100101102020200300010020111121031213113022230320
0000101001001011020202003000100201111210312131130222303211
0000101001001011020202003000100201111210312131130222303212330
000010100100101102020200300010020111121031213113022230321233131
0000101001001011020202003000100201111210312131130222303212331320110
0000101001001011020202003000100201111210312131130222303212331320111
000010100100101102020200300010020111121031213113022230321233132011212
000010100100101102020200300010020111121031213113022230321233132011213
00001010010010110202020030001002011112103121311302223032123313201122232
00001010010010110202020030001002011112103121311302223032123313201122233020331
0000101001001011020202003000100201111210312131130222303212331320112223302033233
0000101001001011020202003000100201111210312131130222303212331320112223302112030
0000101001001011020202003000100201111210312131130222303212331320112223302112031
0000101001001011020202003000100201111210312131130222303212331320112223302112032
0000101001001011020202003000100201111210312131130222303212331320112223302112033
00001010010010110202020030001002011112103121311302223032123313201122233021121
00001010010010110202020030001002011112103121311302223032123313201122233021122
00001010010010110202020030001002011112103121311302223032123313201122233021123
000010100100101102020200300010020111121031213113022230321233132011222330211300
000010100100101102020200300010020111121031213113022230321233132011222330211301
000010100100101102020200300010020111121031213113022230321233132011222330211302
000010100100101102020200300010020111121031213113022230321233132011222330211303
000010100100101102020200300010020111121031213113022230321233132011222330211310
000010100100101102020200300010020111121031213113022230321233132011222330211311
000010100100101102020200300010020111121031213113022230321233132011222330211312
000010100100101102020200300010020111121031213113022230321233132011222330211313
000010100100101102020200300010020111121031213113022230321233132011222330211320
000010100100101102020200300010020111121031213113022230321233132011222330211321
000010100100101102020200300010020111121031213113022230321233132011222330211322
0000101001001011020202003000100201111210312131130222303212331320112223302113233021
0000101001001011020202003000100201111210312131130222303212331320112223302113233022
0000101001001011020202003000100201111210312131130222303212331320112223302113233023
0000101001001011020202003000100201111210312131130222303212331320112223302113233032
0000101001001011020202003000100201111210312131130222303212331320112223302113233033
000010100100101102020200300010020111121031213113022230321233132011222330211323312
000010100100101102020200300010020111121031213113022230321233132011222330211323313
00001010010010110202020030001002011112103121311302223032123313201122233021132332
00001010010010110202020030001002011112103121311302223032123313201122233021132333
00001010010010110202020030001002011112103121311302223032123313201122233022
00001010010010110202020030001002011112103121311302223032123313201122233023
0000101001001011020202003000100201111210312131130222303212331320113
00001010010010110202020030001002011112103121311302223032123313201202
00001010010010110202020030001002011112103121311302223032123313201203
000010100100101102020200300010020111121031213113022230321233132012130
000010100100101102020200300010020111121031213113022230321233132012131
000010100100101102020200300010020111121031213113022230321233132012132
000010100100101102020200300010020111121031213113022230321233132012133
0000101001001011020202003000100201111210312131130222303212331320122
0000101001001011020202003000100201111210312131130222303212331320123
0000101001001011020202003000100201111210312131131
0000101001001011020202003000100201111210312131132
0000101001001011020202003000100201111210312131133
000010100100101102020200300010020111122
000010100100101102020200300010020111123
000010100100101102020200300010020112
000010100100101102020200300010020113
00001010010010110202020030001003
0000101001001011020202003000101
0000101001001011020202003000102
0000101001001011020202003000103
10000101001001011120001002002020111121030
100001010010010111200010020020201111210312130110220310
10000101001001011120001002002020111121031213011022031130320
100001010010010111200010020020201111210312130110220311303211
1000010100100101112000100200202011112103121301102203113032121
100001010010010111200010020020201111210312130110220311303212230
100001010010010111200010020020201111210312130110220311303212231320202330
100001010010010111200010020020201111210312130110220311303212231320202331
10000101001001011120001002002020111121031213011022031130321223132020233212
10000101001001011120001002002020111121031213011022031130321223132020233213
1000010100100101112000100200202011112103121301102203113032122313202023322233030
1000010100100101112000100200202011112103121301102203113032122313202023322233031
1000010100100101112000100200202011112103121301102203113032122313202023322233032
1000010100100101112000100200202011112103121301102203113032122313202023322233033
10000101001001011120001002002020111121031213011022031130321223132020233222331
1000010100100101112000100200202011112103121301102203113032122313202023322233233
1000010100100101112000100200202011112103121301102203113032122313202033
10000101001001011120001002002020111121031213011022031130321223132021300
10000101001001011120001002002020111121031213011022031130321223132021301
10000101001001011120001002002020111121031213011022031130321223132021302
10000101001001011120001002002020111121031213011022031130321223132021303
10000101001001011120001002002020111121031213011022031130321223132021310
10000101001001011120001002002020111121031213011022031130321223132021311
10000101001001011120001002002020111121031213011022031130321223132021312
10000101001001011120001002002020111121031213011022031130321223132021313
10000101001001011120001002002020111121031213011022031130321223132021320
10000101001001011120001002002020111121031213011022031130321223132021321
100001010010010111200010020020201111210312130110220311303212231320213221
100001010010010111200010020020201111210312130110220311303212231320213222
100001010010010111200010020020201111210312130110220311303212231320213223
100001010010010111200010020020201111210312130110220311303212231320213233021
100001010010010111200010020020201111210312130110220311303212231320213233022
100001010010010111200010020020201111210312130110220311303212231320213233023
100001010010010111200010020020201111210312130110220311303212231320213233032
100001010010010111200010020020201111210312130110220311303212231320213233033
10000101001001011120001002002020111121031213011022031130321223132021323312
10000101001001011120001002002020111121031213011022031130321223132021323313
1000010100100101112000100200202011112103121301102203113032122313202132332
1000010100100101112000100200202011112103121301102203113032122313202132333
10000101001001011120001002002020111121031213011022031130321223132022
10000101001001011120001002002020111121031213011022031130321223132023
10000101001001011120001002002020111121031213011022031131
10000101001001011120001002002020111121031213011022031132
10000101001001011120001002002020111121031213011022031133
100001010010010111200010020020201111210312130111
100001010010010111200010020020201111210312130112
100001010010010111200010020020201111210312130113
1000010100100101112000100200202011112103121301202
1000010100100101112000100200202011112103121301203
10000101001001011120001002002020111121031213012130
10000101001001011120001002002020111121031213012131
10000101001001011120001002002020111121031213012132
10000101001001011120001002002020111121031213012133
100001010010010111200010020020201111210312130122
100001010010010111200010020020201111210312130123
10000101001001011120001002002020111122
10000101001001011120001002002020111123
10000101001001011120001002002020112
10000101001001011120001002002020113
10000101001001011120001003
1000010100100101112000101
1000010100100101112000102
1000010100100101112000103
200010001000100110100102002020111121030
2000100010001001101001020020201111210312130110220310
200010001000100110100102002020111121031213011022031130320
2000100010001001101001020020201111210312130110220311303211
20001000100010011010010200202011112103121301102203113032121
2000100010001001101001020020201111210312130110220311303212230
2000100010001001101001020020201111210312130110220311303212231320202330
2000100010001001101001020020201111210312130110220311303212231320202331
200010001000100110100102002020111121031213011022031130321223132020233212
200010001000100110100102002020111121031213011022031130321223132020233213
20001000100010011010010200202011112103121301102203113032122313202023322233030
20001000100010011010010200202011112103121301102203113032122313202023322233031
20001000100010011010010200202011112103121301102203113032122313202023322233032
20001000100010011010010200202011112103121301102203113032122313202023322233033
200010001000100110100102002020111121031213011022031130321223132020233222331
20001000100010011010010200202011112103121301102203113032122313202023322233233
20001000100010011010010200202011112103121301102203113032122313202033
200010001000100110100102002020111121031213011022031130321223132021121
200010001000100110100102002020111121031213011022031130321223132021122
200010001000100110100102002020111121031213011022031130321223132021123
2000100010001001101001020020201111210312130110220311303212231320211300
2000100010001001101001020020201111210312130110220311303212231320211301
2000100010001001101001020020201111210312130110220311303212231320211302
2000100010001001101001020020201111210312130110220311303212231320211303
2000100010001001101001020020201111210312130110220311303212231320211310
2000100010001001101001020020201111210312130110220311303212231320211311
2000100010001001101001020020201111210312130110220311303212231320211312
2000100010001001101001020020201111210312130110220311303212231320211313
2000100010001001101001020020201111210312130110220311303212231320211320
2000100010001001101001020020201111210312130110220311303212231320211321
2000100010001001101001020020201111210312130110220311303212231320211322
20001000100010011010010200202011112103121301102203113032122313202113233021
20001000100010011010010200202011112103121301102203113032122313202113233022
20001000100010011010010200202011112103121301102203113032122313202113233023
20001000100010011010010200202011112103121301102203113032122313202113233032
20001000100010011010010200202011112103121301102203113032122313202113233033
2000100010001001101001020020201111210312130110220311303212231320211323312
2000100010001001101001020020201111210312130110220311303212231320211323313
200010001000100110100102002020111121031213011022031130321223132021132332
200010001000100110100102002020111121031213011022031130321223132021132333
200010001000100110100102002020111121031213011022031130321223132022
200010001000100110100102002020111121031213011022031130321223132023
200010001000100110100102002020111121031213011022031131
200010001000100110100102002020111121031213011022031132
200010001000100110100102002020111121031213011022031133
2000100010001001101001020020201111210312130111
2000100010001001101001020020201111210312130112
2000100010001001101001020020201111210312130113
20001000100010011010010200202011112103121301202
20001000100010011010010200202011112103121301203
200010001000100110100102002020111121031213012130
200010001000100110100102002020111121031213012131
200010001000100110100102002020111121031213012132
200010001000100110100102002020111121031213012133
2000100010001001101001020020201111210312130122
2000100010001001101001020020201111210312130123
200010001000100110100102002020111122
200010001000100110100102002020111123
200010001000100110100102002020112
200010001000100110100102002020113
200010001000100110100103
2000101
2000102
2000103
30000100100010011010202011112021220300010021030
30000100100010011010202011112021220300010021031310
3000010010001001101020201111202122030001002103131130320
30000100100010011010202011112021220300010021031311303211
300001001000100110102020111120212203000100210313113032121
30000100100010011010202011112021220300010021031311303212230
30000100100010011010202011112021220300010021031311303212231320110
30000100100010011010202011112021220300010021031311303212231320111
3000010010001001101020201111202122030001002103131130321223132011212
300001001000100110102020111120212203000100210313113032122313201121330
300001001000100110102020111120212203000100210313113032122313201121331
300001001000100110102020111120212203000100210313113032122313201121332223302023
3000010010001001101020201111202122030001002103131130321223132011213322233020331
300001001000100110102020111120212203000100210313113032122313201121332223302033233
300001001000100110102020111120212203000100210313113032122313201121332223302112030
300001001000100110102020111120212203000100210313113032122313201121332223302112031
300001001000100110102020111120212203000100210313113032122313201121332223302112032
300001001000100110102020111120212203000100210313113032122313201121332223302112033
3000010010001001101020201111202122030001002103131130321223132011213322233021121
3000010010001001101020201111202122030001002103131130321223132011213322233021122
3000010010001001101020201111202122030001002103131130321223132011213322233021123
30000100100010011010202011112021220300010021031311303212231320112133222330211310
30000100100010011010202011112021220300010021031311303212231320112133222330211311
30000100100010011010202011112021220300010021031311303212231320112133222330211312
30000100100010011010202011112021220300010021031311303212231320112133222330211313
30000100100010011010202011112021220300010021031311303212231320112133222330211320
30000100100010011010202011112021220300010021031311303212231320112133222330211321
30000100100010011010202011112021220300010021031311303212231320112133222330211322
300001001000100110102020111120212203000100210313113032122313201121332223302113233021
300001001000100110102020111120212203000100210313113032122313201121332223302113233022
300001001000100110102020111120212203000100210313113032122313201121332223302113233023
300001001000100110102020111120212203000100210313113032122313201121332223302113233032
300001001000100110102020111120212203000100210313113032122313201121332223302113233033
30000100100010011010202011112021220300010021031311303212231320112133222330211323312
30000100100010011010202011112021220300010021031311303212231320112133222330211323313
3000010010001001101020201111202122030001002103131130321223132011213322233021132332
3000010010001001101020201111202122030001002103131130321223132011213322233021132333
3000010010001001101020201111202122030001002103131130321223132011213322233022
3000010010001001101020201111202122030001002103131130321223132011213322233023
30000100100010011010202011112021220300010021031311303212231320113
300001001000100110102020111120212203000100210313113032122313201202
300001001000100110102020111120212203000100210313113032122313201203
3000010010001001101020201111202122030001002103131130321223132012130
3000010010001001101020201111202122030001002103131130321223132012131
3000010010001001101020201111202122030001002103131130321223132012132
3000010010001001101020201111202122030001002103131130321223132012133
30000100100010011010202011112021220300010021031311303212231320122
30000100100010011010202011112021220300010021031311303212231320123
3000010010001001101020201111202122030001002103131131
3000010010001001101020201111202122030001002103131132
3000010010001001101020201111202122030001002103131133
30000100100010011010202011112021220300010022
30000100100010011010202011112021220300010023
3000010010001001101020201111202122030001003
3000010010001001101020201111202122030001012
3000010010001001101020201111202122030001013
300001001000100110102020111120212203000102
300001001000100110102020111120212203000103
301
302
303
