200000100101020000211002030100000112030221223103001031110
20000010010102000021100203010000011203022122310300103111120
20000010010102000021100203010000011203022122310300103111121320
2000001001010200002110020301000001120302212231030010311112132130113022320
200000100101020000211002030100000112030221223103001031111213213011302232122
2000001001010200002110020301000001120302212231030010311112132130113022321233020101030
200000100101020000211002030100000112030221223103001031111213213011302232123302010103131001
200000100101020000211002030100000112030221223103001031111213213011302232123302010103131002
20000010010102000021100203010000011203022122310300103111121321301130223212330201010313100320111
200000100101020000211002030100000112030221223103001031111213213011302232123302010103131003201121
200000100101020000211002030100000112030221223103001031111213213011302232123302010103131003201122
2000001001010200002110020301000001120302212231030010311112132130113022321233020101031310032011233020210310
200000100101020000211002030100000112030221223103001031111213213011302232123302010103131003201123302021031121112012210
20000010010102000021100203010000011203022122310300103111121321301130223212330201010313100320112330202103112111201221131
20000010010102000021100203010000011203022122310300103111121321301130223212330201010313100320112330202103112111201221132
2000001001010200002110020301000001120302212231030010311112132130113022321233020101031310032011233020210311211120122113330
200000100101020000211002030100000112030221223103001031111213213011302232123302010103131003201123302021031121112012211333130
200000100101020000211002030100000112030221223103001031111213213011302232123302010103131003201123302021031121112012211333131
200000100101020000211002030100000112030221223103001031111213213011302232123302010103131003201123302021031121112012211333132
200000100101020000211002030100000112030221223103001031111213213011302232123302010103131003201123302021031121112012211333133
2000001001010200002110020301000001120302212231030010311112132130113022321233020101031310032011233020210311211120122113332122201
2000001001010200002110020301000001120302212231030010311112132130113022321233020101031310032011233020210311211120122113332122202
2000001001010200002110020301000001120302212231030010311112132130113022321233020101031310032011233020210311211120122113332122203
20000010010102000021100203010000011203022122310300103111121321301130223212330201010313100320112330202103112111201221133321222112
20000010010102000021100203010000011203022122310300103111121321301130223212330201010313100320112330202103112111201221133321222113
20000010010102000021100203010000011203022122310300103111121321301130223212330201010313100320112330202103112111201221133321222123
200000100101020000211002030100000112030221223103001031111213213011302232123302010103131003201123302021031121112012211333212221320
200000100101020000211002030100000112030221223103001031111213213011302232123302010103131003201123302021031121112012211333212221321
200000100101020000211002030100000112030221223103001031111213213011302232123302010103131003201123302021031121112012211333212221322
2000001001010200002110020301000001120302212231030010311112132130113022321233020101031310032011233020210311211120122113332122213231
20000010010102000021100203010000011203022122310300103111121321301130223212330201010313100320112330202103112111201221133321222132323
20000010010102000021100203010000011203022122310300103111121321301130223212330201010313100320112330202103112111201221133321222132333
200000100101020000211002030100000112030221223103001031111213213011302232123302010103131003201123302021031121112012211333212221330
200000100101020000211002030100000112030221223103001031111213213011302232123302010103131003201123302021031121112012211333212221331
2000001001010200002110020301000001120302212231030010311112132130113022321233020101031310032011233020210311211120122113332122213323
2000001001010200002110020301000001120302212231030010311112132130113022321233020101031310032011233020210311211120122113332122213330
2000001001010200002110020301000001120302212231030010311112132130113022321233020101031310032011233020210311211120122113332122213331
2000001001010200002110020301000001120302212231030010311112132130113022321233020101031310032011233020210311211120122113332122213332
2000001001010200002110020301000001120302212231030010311112132130113022321233020101031310032011233020210311211120122113332122213333
2000001001010200002110020301000001120302212231030010311112132130113022321233020101031310032011233020210311211120122113332122220
2000001001010200002110020301000001120302212231030010311112132130113022321233020101031310032011233020210311211120122113332122221
2000001001010200002110020301000001120302212231030010311112132130113022321233020101031310032011233020210311211120122113332122222
2000001001010200002110020301000001120302212231030010311112132130113022321233020101031310032011233020210311211120122113332122223
200000100101020000211002030100000112030221223103001031111213213011302232123302010103131003201123302021031121112012211333212223012
200000100101020000211002030100000112030221223103001031111213213011302232123302010103131003201123302021031121112012211333212223013
20000010010102000021100203010000011203022122310300103111121321301130223212330201010313100320112330202103112111201221133321222302
200000100101020000211002030100000112030221223103001031111213213011302232123302010103131003201123302021031121112012211333212223030
200000100101020000211002030100000112030221223103001031111213213011302232123302010103131003201123302021031121112012211333212223031
200000100101020000211002030100000112030221223103001031111213213011302232123302010103131003201123302021031121112012211333212223032
200000100101020000211002030100000112030221223103001031111213213011302232123302010103131003201123302021031121112012211333212223033
20000010010102000021100203010000011203022122310300103111121321301130223212330201010313100320112330202103112111201221133321222310
20000010010102000021100203010000011203022122310300103111121321301130223212330201010313100320112330202103112111201221133321222311
20000010010102000021100203010000011203022122310300103111121321301130223212330201010313100320112330202103112111201221133321222312
2000001001010200002110020301000001120302212231030010311112132130113022321233020101031310032011233020210311211120122113332122231320022
2000001001010200002110020301000001120302212231030010311112132130113022321233020101031310032011233020210311211120122113332122231320023
2000001001010200002110020301000001120302212231030010311112132130113022321233020101031310032011233020210311211120122113332122231320031
2000001001010200002110020301000001120302212231030010311112132130113022321233020101031310032011233020210311211120122113332122231320032
2000001001010200002110020301000001120302212231030010311112132130113022321233020101031310032011233020210311211120122113332122231320033
200000100101020000211002030100000112030221223103001031111213213011302232123302010103131003201123302021031121112012211333212223132012
200000100101020000211002030100000112030221223103001031111213213011302232123302010103131003201123302021031121112012211333212223132013
20000010010102000021100203010000011203022122310300103111121321301130223212330201010313100320112330202103112111201221133321222313202
20000010010102000021100203010000011203022122310300103111121321301130223212330201010313100320112330202103112111201221133321222313203
200000100101020000211002030100000112030221223103001031111213213011302232123302010103131003201123302021031121112012211333212223132101
200000100101020000211002030100000112030221223103001031111213213011302232123302010103131003201123302021031121112012211333212223132102
200000100101020000211002030100000112030221223103001031111213213011302232123302010103131003201123302021031121112012211333212223132103
200000100101020000211002030100000112030221223103001031111213213011302232123302010103131003201123302021031121112012211333212223132111
20000010010102000021100203010000011203022122310300103111121321301130223212330201010313100320112330202103112111201221133321222313211220
20000010010102000021100203010000011203022122310300103111121321301130223212330201010313100320112330202103112111201221133321222313211221
20000010010102000021100203010000011203022122310300103111121321301130223212330201010313100320112330202103112111201221133321222313211222
20000010010102000021100203010000011203022122310300103111121321301130223212330201010313100320112330202103112111201221133321222313211223
20000010010102000021100203010000011203022122310300103111121321301130223212330201010313100320112330202103112111201221133321222313211230
20000010010102000021100203010000011203022122310300103111121321301130223212330201010313100320112330202103112111201221133321222313211231
20000010010102000021100203010000011203022122310300103111121321301130223212330201010313100320112330202103112111201221133321222313211232
20000010010102000021100203010000011203022122310300103111121321301130223212330201010313100320112330202103112111201221133321222313211233
2000001001010200002110020301000001120302212231030010311112132130113022321233020101031310032011233020210311211120122113332122231321130
2000001001010200002110020301000001120302212231030010311112132130113022321233020101031310032011233020210311211120122113332122231321131
2000001001010200002110020301000001120302212231030010311112132130113022321233020101031310032011233020210311211120122113332122231321132
2000001001010200002110020301000001120302212231030010311112132130113022321233020101031310032011233020210311211120122113332122231321133
2000001001010200002110020301000001120302212231030010311112132130113022321233020101031310032011233020210311211120122113332122231321213
200000100101020000211002030100000112030221223103001031111213213011302232123302010103131003201123302021031121112012211333212223132122
200000100101020000211002030100000112030221223103001031111213213011302232123302010103131003201123302021031121112012211333212223132123
200000100101020000211002030100000112030221223103001031111213213011302232123302010103131003201123302021031121112012211333212223132132
200000100101020000211002030100000112030221223103001031111213213011302232123302010103131003201123302021031121112012211333212223132133
200000100101020000211002030100000112030221223103001031111213213011302232123302010103131003201123302021031121112012211333212223133
20000010010102000021100203010000011203022122310300103111121321301130223212330201010313100320112330202103112111201221133321223
200000100101020000211002030100000112030221223103001031111213213011302232123302010103131003201123302021031121112012211333213
20000010010102000021100203010000011203022122310300103111121321301130223212330201010313100320112330202103112111202
20000010010102000021100203010000011203022122310300103111121321301130223212330201010313100320112330202103112111203
200000100101020000211002030100000112030221223103001031111213213011302232123302010103131003201123302021031122
200000100101020000211002030100000112030221223103001031111213213011302232123302010103131003201123302021031123
20000010010102000021100203010000011203022122310300103111121321301130223212330201010313100320112330203
200000100101020000211002030100000112030221223103001031111213213011302232123302010103131003201123303
20000010010102000021100203010000011203022122310300103111121321301130223212330201010313100320113
2000001001010200002110020301000001120302212231030010311112132130113022321233020102
2000001001010200002110020301000001120302212231030010311112132130113022321233020103
000001002030001010202001000000
0000010020300010102020010000011102120303001031110
000001002030001010202001000001110212030300103111120
00000100203000101020200100000111021203030010311112121310
000001002030001010202001000001110212030300103111121213113012222320
0000010020300010102020010000011102120303001031111212131130122223213022320
0000010020300010102020010000011102120303001031111212131130122223213022321233020101030
000001002030001010202001000001110212030300103111121213113012222321302232123302010103131001
000001002030001010202001000001110212030300103111121213113012222321302232123302010103131002
00000100203000101020200100000111021203030010311112121311301222232130223212330201010313100320111
000001002030001010202001000001110212030300103111121213113012222321302232123302010103131003201121
000001002030001010202001000001110212030300103111121213113012222321302232123302010103131003201122
0000010020300010102020010000011102120303001031111212131130122223213022321233020101031310032011233020210310
000001002030001010202001000001110212030300103111121213113012222321302232123302010103131003201123302021031121112012210
00000100203000101020200100000111021203030010311112121311301222232130223212330201010313100320112330202103112111201221131
00000100203000101020200100000111021203030010311112121311301222232130223212330201010313100320112330202103112111201221132
0000010020300010102020010000011102120303001031111212131130122223213022321233020101031310032011233020210311211120122113330
000001002030001010202001000001110212030300103111121213113012222321302232123302010103131003201123302021031121112012211333130
000001002030001010202001000001110212030300103111121213113012222321302232123302010103131003201123302021031121112012211333131
000001002030001010202001000001110212030300103111121213113012222321302232123302010103131003201123302021031121112012211333132
000001002030001010202001000001110212030300103111121213113012222321302232123302010103131003201123302021031121112012211333133
0000010020300010102020010000011102120303001031111212131130122223213022321233020101031310032011233020210311211120122113332122201
0000010020300010102020010000011102120303001031111212131130122223213022321233020101031310032011233020210311211120122113332122202
0000010020300010102020010000011102120303001031111212131130122223213022321233020101031310032011233020210311211120122113332122203
00000100203000101020200100000111021203030010311112121311301222232130223212330201010313100320112330202103112111201221133321222113
00000100203000101020200100000111021203030010311112121311301222232130223212330201010313100320112330202103112111201221133321222123
000001002030001010202001000001110212030300103111121213113012222321302232123302010103131003201123302021031121112012211333212221320
000001002030001010202001000001110212030300103111121213113012222321302232123302010103131003201123302021031121112012211333212221321
000001002030001010202001000001110212030300103111121213113012222321302232123302010103131003201123302021031121112012211333212221322
0000010020300010102020010000011102120303001031111212131130122223213022321233020101031310032011233020210311211120122113332122213231
00000100203000101020200100000111021203030010311112121311301222232130223212330201010313100320112330202103112111201221133321222132323
00000100203000101020200100000111021203030010311112121311301222232130223212330201010313100320112330202103112111201221133321222132333
000001002030001010202001000001110212030300103111121213113012222321302232123302010103131003201123302021031121112012211333212221330
000001002030001010202001000001110212030300103111121213113012222321302232123302010103131003201123302021031121112012211333212221331
0000010020300010102020010000011102120303001031111212131130122223213022321233020101031310032011233020210311211120122113332122213323
0000010020300010102020010000011102120303001031111212131130122223213022321233020101031310032011233020210311211120122113332122213330
0000010020300010102020010000011102120303001031111212131130122223213022321233020101031310032011233020210311211120122113332122213331
0000010020300010102020010000011102120303001031111212131130122223213022321233020101031310032011233020210311211120122113332122213332
0000010020300010102020010000011102120303001031111212131130122223213022321233020101031310032011233020210311211120122113332122213333
0000010020300010102020010000011102120303001031111212131130122223213022321233020101031310032011233020210311211120122113332122220
0000010020300010102020010000011102120303001031111212131130122223213022321233020101031310032011233020210311211120122113332122221
0000010020300010102020010000011102120303001031111212131130122223213022321233020101031310032011233020210311211120122113332122222
0000010020300010102020010000011102120303001031111212131130122223213022321233020101031310032011233020210311211120122113332122223
000001002030001010202001000001110212030300103111121213113012222321302232123302010103131003201123302021031121112012211333212223012
000001002030001010202001000001110212030300103111121213113012222321302232123302010103131003201123302021031121112012211333212223013
00000100203000101020200100000111021203030010311112121311301222232130223212330201010313100320112330202103112111201221133321222302
000001002030001010202001000001110212030300103111121213113012222321302232123302010103131003201123302021031121112012211333212223030
000001002030001010202001000001110212030300103111121213113012222321302232123302010103131003201123302021031121112012211333212223031
000001002030001010202001000001110212030300103111121213113012222321302232123302010103131003201123302021031121112012211333212223032
000001002030001010202001000001110212030300103111121213113012222321302232123302010103131003201123302021031121112012211333212223033
00000100203000101020200100000111021203030010311112121311301222232130223212330201010313100320112330202103112111201221133321222310
00000100203000101020200100000111021203030010311112121311301222232130223212330201010313100320112330202103112111201221133321222311
00000100203000101020200100000111021203030010311112121311301222232130223212330201010313100320112330202103112111201221133321222312
0000010020300010102020010000011102120303001031111212131130122223213022321233020101031310032011233020210311211120122113332122231320022
0000010020300010102020010000011102120303001031111212131130122223213022321233020101031310032011233020210311211120122113332122231320023
0000010020300010102020010000011102120303001031111212131130122223213022321233020101031310032011233020210311211120122113332122231320031
0000010020300010102020010000011102120303001031111212131130122223213022321233020101031310032011233020210311211120122113332122231320032
0000010020300010102020010000011102120303001031111212131130122223213022321233020101031310032011233020210311211120122113332122231320033
000001002030001010202001000001110212030300103111121213113012222321302232123302010103131003201123302021031121112012211333212223132012
000001002030001010202001000001110212030300103111121213113012222321302232123302010103131003201123302021031121112012211333212223132013
00000100203000101020200100000111021203030010311112121311301222232130223212330201010313100320112330202103112111201221133321222313202
00000100203000101020200100000111021203030010311112121311301222232130223212330201010313100320112330202103112111201221133321222313203
000001002030001010202001000001110212030300103111121213113012222321302232123302010103131003201123302021031121112012211333212223132101
000001002030001010202001000001110212030300103111121213113012222321302232123302010103131003201123302021031121112012211333212223132102
000001002030001010202001000001110212030300103111121213113012222321302232123302010103131003201123302021031121112012211333212223132103
000001002030001010202001000001110212030300103111121213113012222321302232123302010103131003201123302021031121112012211333212223132111
00000100203000101020200100000111021203030010311112121311301222232130223212330201010313100320112330202103112111201221133321222313211220
00000100203000101020200100000111021203030010311112121311301222232130223212330201010313100320112330202103112111201221133321222313211221
00000100203000101020200100000111021203030010311112121311301222232130223212330201010313100320112330202103112111201221133321222313211222
00000100203000101020200100000111021203030010311112121311301222232130223212330201010313100320112330202103112111201221133321222313211223
00000100203000101020200100000111021203030010311112121311301222232130223212330201010313100320112330202103112111201221133321222313211230
00000100203000101020200100000111021203030010311112121311301222232130223212330201010313100320112330202103112111201221133321222313211231
00000100203000101020200100000111021203030010311112121311301222232130223212330201010313100320112330202103112111201221133321222313211232
00000100203000101020200100000111021203030010311112121311301222232130223212330201010313100320112330202103112111201221133321222313211233
0000010020300010102020010000011102120303001031111212131130122223213022321233020101031310032011233020210311211120122113332122231321130
0000010020300010102020010000011102120303001031111212131130122223213022321233020101031310032011233020210311211120122113332122231321131
0000010020300010102020010000011102120303001031111212131130122223213022321233020101031310032011233020210311211120122113332122231321132
0000010020300010102020010000011102120303001031111212131130122223213022321233020101031310032011233020210311211120122113332122231321133
0000010020300010102020010000011102120303001031111212131130122223213022321233020101031310032011233020210311211120122113332122231321213
000001002030001010202001000001110212030300103111121213113012222321302232123302010103131003201123302021031121112012211333212223132122
000001002030001010202001000001110212030300103111121213113012222321302232123302010103131003201123302021031121112012211333212223132123
000001002030001010202001000001110212030300103111121213113012222321302232123302010103131003201123302021031121112012211333212223132132
000001002030001010202001000001110212030300103111121213113012222321302232123302010103131003201123302021031121112012211333212223132133
000001002030001010202001000001110212030300103111121213113012222321302232123302010103131003201123302021031121112012211333212223133
00000100203000101020200100000111021203030010311112121311301222232130223212330201010313100320112330202103112111201221133321223
000001002030001010202001000001110212030300103111121213113012222321302232123302010103131003201123302021031121112012211333213
00000100203000101020200100000111021203030010311112121311301222232130223212330201010313100320112330202103112111202
00000100203000101020200100000111021203030010311112121311301222232130223212330201010313100320112330202103112111203
000001002030001010202001000001110212030300103111121213113012222321302232123302010103131003201123302021031122
000001002030001010202001000001110212030300103111121213113012222321302232123302010103131003201123302021031123
00000100203000101020200100000111021203030010311112121311301222232130223212330201010313100320112330203
000001002030001010202001000001110212030300103111121213113012222321302232123302010103131003201123303
00000100203000101020200100000111021203030010311112121311301222232130223212330201010313100320113
0000010020300010102020010000011102120303001031111212131130122223213022321233020102
0000010020300010102020010000011102120303001031111212131130122223213022321233020103
1000001001011100203000202001000001213102120303001031110
100000100101110020300020200100000121310212030300103111120
100000100101110020300020200100000121310212030300103111121
10000010010111002030002020010000012131021203030010311112222320
1000001001011100203000202001000001213102120303001031111222232130113022320
1000001001011100203000202001000001213102120303001031111222232130113022321233020101030
100000100101110020300020200100000121310212030300103111122223213011302232123302010103131001
100000100101110020300020200100000121310212030300103111122223213011302232123302010103131002
10000010010111002030002020010000012131021203030010311112222321301130223212330201010313100320111
100000100101110020300020200100000121310212030300103111122223213011302232123302010103131003201121
100000100101110020300020200100000121310212030300103111122223213011302232123302010103131003201122
1000001001011100203000202001000001213102120303001031111222232130113022321233020101031310032011233020210310
100000100101110020300020200100000121310212030300103111122223213011302232123302010103131003201123302021031121112012210
10000010010111002030002020010000012131021203030010311112222321301130223212330201010313100320112330202103112111201221131
10000010010111002030002020010000012131021203030010311112222321301130223212330201010313100320112330202103112111201221132
1000001001011100203000202001000001213102120303001031111222232130113022321233020101031310032011233020210311211120122113330
100000100101110020300020200100000121310212030300103111122223213011302232123302010103131003201123302021031121112012211333130
100000100101110020300020200100000121310212030300103111122223213011302232123302010103131003201123302021031121112012211333131
100000100101110020300020200100000121310212030300103111122223213011302232123302010103131003201123302021031121112012211333132
100000100101110020300020200100000121310212030300103111122223213011302232123302010103131003201123302021031121112012211333133
1000001001011100203000202001000001213102120303001031111222232130113022321233020101031310032011233020210311211120122113332122201
1000001001011100203000202001000001213102120303001031111222232130113022321233020101031310032011233020210311211120122113332122202
1000001001011100203000202001000001213102120303001031111222232130113022321233020101031310032011233020210311211120122113332122203
10000010010111002030002020010000012131021203030010311112222321301130223212330201010313100320112330202103112111201221133321222112
10000010010111002030002020010000012131021203030010311112222321301130223212330201010313100320112330202103112111201221133321222113
10000010010111002030002020010000012131021203030010311112222321301130223212330201010313100320112330202103112111201221133321222123
100000100101110020300020200100000121310212030300103111122223213011302232123302010103131003201123302021031121112012211333212221320
100000100101110020300020200100000121310212030300103111122223213011302232123302010103131003201123302021031121112012211333212221321
100000100101110020300020200100000121310212030300103111122223213011302232123302010103131003201123302021031121112012211333212221322
1000001001011100203000202001000001213102120303001031111222232130113022321233020101031310032011233020210311211120122113332122213231
10000010010111002030002020010000012131021203030010311112222321301130223212330201010313100320112330202103112111201221133321222132323
10000010010111002030002020010000012131021203030010311112222321301130223212330201010313100320112330202103112111201221133321222132333
100000100101110020300020200100000121310212030300103111122223213011302232123302010103131003201123302021031121112012211333212221330
100000100101110020300020200100000121310212030300103111122223213011302232123302010103131003201123302021031121112012211333212221331
1000001001011100203000202001000001213102120303001031111222232130113022321233020101031310032011233020210311211120122113332122213323
1000001001011100203000202001000001213102120303001031111222232130113022321233020101031310032011233020210311211120122113332122213330
1000001001011100203000202001000001213102120303001031111222232130113022321233020101031310032011233020210311211120122113332122213331
1000001001011100203000202001000001213102120303001031111222232130113022321233020101031310032011233020210311211120122113332122213332
1000001001011100203000202001000001213102120303001031111222232130113022321233020101031310032011233020210311211120122113332122213333
1000001001011100203000202001000001213102120303001031111222232130113022321233020101031310032011233020210311211120122113332122220
1000001001011100203000202001000001213102120303001031111222232130113022321233020101031310032011233020210311211120122113332122221
1000001001011100203000202001000001213102120303001031111222232130113022321233020101031310032011233020210311211120122113332122222
1000001001011100203000202001000001213102120303001031111222232130113022321233020101031310032011233020210311211120122113332122223
100000100101110020300020200100000121310212030300103111122223213011302232123302010103131003201123302021031121112012211333212223012
100000100101110020300020200100000121310212030300103111122223213011302232123302010103131003201123302021031121112012211333212223013
10000010010111002030002020010000012131021203030010311112222321301130223212330201010313100320112330202103112111201221133321222302
100000100101110020300020200100000121310212030300103111122223213011302232123302010103131003201123302021031121112012211333212223030
100000100101110020300020200100000121310212030300103111122223213011302232123302010103131003201123302021031121112012211333212223031
100000100101110020300020200100000121310212030300103111122223213011302232123302010103131003201123302021031121112012211333212223032
100000100101110020300020200100000121310212030300103111122223213011302232123302010103131003201123302021031121112012211333212223033
10000010010111002030002020010000012131021203030010311112222321301130223212330201010313100320112330202103112111201221133321222310
10000010010111002030002020010000012131021203030010311112222321301130223212330201010313100320112330202103112111201221133321222311
10000010010111002030002020010000012131021203030010311112222321301130223212330201010313100320112330202103112111201221133321222312
1000001001011100203000202001000001213102120303001031111222232130113022321233020101031310032011233020210311211120122113332122231320022
1000001001011100203000202001000001213102120303001031111222232130113022321233020101031310032011233020210311211120122113332122231320023
1000001001011100203000202001000001213102120303001031111222232130113022321233020101031310032011233020210311211120122113332122231320031
1000001001011100203000202001000001213102120303001031111222232130113022321233020101031310032011233020210311211120122113332122231320032
1000001001011100203000202001000001213102120303001031111222232130113022321233020101031310032011233020210311211120122113332122231320033
100000100101110020300020200100000121310212030300103111122223213011302232123302010103131003201123302021031121112012211333212223132012
100000100101110020300020200100000121310212030300103111122223213011302232123302010103131003201123302021031121112012211333212223132013
10000010010111002030002020010000012131021203030010311112222321301130223212330201010313100320112330202103112111201221133321222313202
10000010010111002030002020010000012131021203030010311112222321301130223212330201010313100320112330202103112111201221133321222313203
100000100101110020300020200100000121310212030300103111122223213011302232123302010103131003201123302021031121112012211333212223132101
100000100101110020300020200100000121310212030300103111122223213011302232123302010103131003201123302021031121112012211333212223132102
100000100101110020300020200100000121310212030300103111122223213011302232123302010103131003201123302021031121112012211333212223132103
100000100101110020300020200100000121310212030300103111122223213011302232123302010103131003201123302021031121112012211333212223132111
10000010010111002030002020010000012131021203030010311112222321301130223212330201010313100320112330202103112111201221133321222313211220
10000010010111002030002020010000012131021203030010311112222321301130223212330201010313100320112330202103112111201221133321222313211221
10000010010111002030002020010000012131021203030010311112222321301130223212330201010313100320112330202103112111201221133321222313211222
10000010010111002030002020010000012131021203030010311112222321301130223212330201010313100320112330202103112111201221133321222313211223
10000010010111002030002020010000012131021203030010311112222321301130223212330201010313100320112330202103112111201221133321222313211230
10000010010111002030002020010000012131021203030010311112222321301130223212330201010313100320112330202103112111201221133321222313211231
10000010010111002030002020010000012131021203030010311112222321301130223212330201010313100320112330202103112111201221133321222313211232
10000010010111002030002020010000012131021203030010311112222321301130223212330201010313100320112330202103112111201221133321222313211233
1000001001011100203000202001000001213102120303001031111222232130113022321233020101031310032011233020210311211120122113332122231321130
1000001001011100203000202001000001213102120303001031111222232130113022321233020101031310032011233020210311211120122113332122231321131
1000001001011100203000202001000001213102120303001031111222232130113022321233020101031310032011233020210311211120122113332122231321132
1000001001011100203000202001000001213102120303001031111222232130113022321233020101031310032011233020210311211120122113332122231321133
1000001001011100203000202001000001213102120303001031111222232130113022321233020101031310032011233020210311211120122113332122231321213
100000100101110020300020200100000121310212030300103111122223213011302232123302010103131003201123302021031121112012211333212223132122
100000100101110020300020200100000121310212030300103111122223213011302232123302010103131003201123302021031121112012211333212223132123
100000100101110020300020200100000121310212030300103111122223213011302232123302010103131003201123302021031121112012211333212223132132
100000100101110020300020200100000121310212030300103111122223213011302232123302010103131003201123302021031121112012211333212223132133
100000100101110020300020200100000121310212030300103111122223213011302232123302010103131003201123302021031121112012211333212223133
10000010010111002030002020010000012131021203030010311112222321301130223212330201010313100320112330202103112111201221133321223
100000100101110020300020200100000121310212030300103111122223213011302232123302010103131003201123302021031121112012211333213
10000010010111002030002020010000012131021203030010311112222321301130223212330201010313100320112330202103112111202
10000010010111002030002020010000012131021203030010311112222321301130223212330201010313100320112330202103112111203
100000100101110020300020200100000121310212030300103111122223213011302232123302010103131003201123302021031122
100000100101110020300020200100000121310212030300103111122223213011302232123302010103131003201123302021031123
10000010010111002030002020010000012131021203030010311112222321301130223212330201010313100320112330203
100000100101110020300020200100000121310212030300103111122223213011302232123302010103131003201123303
10000010010111002030002020010000012131021203030010311112222321301130223212330201010313100320113
1000001001011100203000202001000001213102120303001031111222232130113022321233020102
1000001001011100203000202001000001213102120303001031111222232130113022321233020103
3001000000101010202000031100203010000011110212030320
300100000010101020200003110020301000001111021203032120
30010000001010102020000311002030100000111102120303212121310
3001000000101010202000031100203010000011110212030321212131112222320
3001000000101010202000031100203010000011110212030321212131112222321301233020101030
300100000010101020200003110020301000001111021203032121213111222232130123302010103130223
30010000001010102020000311002030100000111102120303212121311122223213012330201010313023302001310111
300100000010101020200003110020301000001111021203032121213111222232130123302010103130233020013101121
300100000010101020200003110020301000001111021203032121213111222232130123302010103130233020013101122
300100000010101020200003110020301000001111021203032121213111222232130123302010103130233020013101123
300100000010101020200003110020301000001111021203032121213111222232130123302010103130233020013101131103102
3001000000101010202000031100203010000011110212030321212131112222321301233020101031302330200131011311031032021120112130
3001000000101010202000031100203010000011110212030321212131112222321301233020101031302330200131011311031032021120112131
3001000000101010202000031100203010000011110212030321212131112222321301233020101031302330200131011311031032021120112132
3001000000101010202000031100203010000011110212030321212131112222321301233020101031302330200131011311031032021120112133
3001000000101010202000031100203010000011110212030321212131112222321301233020101031302330200131011311031032021120112212210
300100000010101020200003110020301000001111021203032121213111222232130123302010103130233020013101131103103202112011221221131
300100000010101020200003110020301000001111021203032121213111222232130123302010103130233020013101131103103202112011221221132
30010000001010102020000311002030100000111102120303212121311122223213012330201010313023302001310113110310320211201122122113330
30010000001010102020000311002030100000111102120303212121311122223213012330201010313023302001310113110310320211201122122113331
300100000010101020200003110020301000001111021203032121213111222232130123302010103130233020013101131103103202112011221221133323
30010000001010102020000311002030100000111102120303212121311122223213012330201010313023302001310113110310320211201122122113333
30010000001010102020000311002030100000111102120303212121311122223213012330201010313023302001310113110310320211201122122122201
30010000001010102020000311002030100000111102120303212121311122223213012330201010313023302001310113110310320211201122122122202
30010000001010102020000311002030100000111102120303212121311122223213012330201010313023302001310113110310320211201122122122203
300100000010101020200003110020301000001111021203032121213111222232130123302010103130233020013101131103103202112011221221222113
30010000001010102020000311002030100000111102120303212121311122223213012330201010313023302001310113110310320211201122122122212
3001000000101010202000031100203010000011110212030321212131112222321301233020101031302330200131011311031032021120112212212221320
3001000000101010202000031100203010000011110212030321212131112222321301233020101031302330200131011311031032021120112212212221321
3001000000101010202000031100203010000011110212030321212131112222321301233020101031302330200131011311031032021120112212212221322
30010000001010102020000311002030100000111102120303212121311122223213012330201010313023302001310113110310320211201122122122213232
30010000001010102020000311002030100000111102120303212121311122223213012330201010313023302001310113110310320211201122122122213233
3001000000101010202000031100203010000011110212030321212131112222321301233020101031302330200131011311031032021120112212212221330
3001000000101010202000031100203010000011110212030321212131112222321301233020101031302330200131011311031032021120112212212221331
30010000001010102020000311002030100000111102120303212121311122223213012330201010313023302001310113110310320211201122122122213323
30010000001010102020000311002030100000111102120303212121311122223213012330201010313023302001310113110310320211201122122122213330
30010000001010102020000311002030100000111102120303212121311122223213012330201010313023302001310113110310320211201122122122213331
30010000001010102020000311002030100000111102120303212121311122223213012330201010313023302001310113110310320211201122122122213332
30010000001010102020000311002030100000111102120303212121311122223213012330201010313023302001310113110310320211201122122122213333
30010000001010102020000311002030100000111102120303212121311122223213012330201010313023302001310113110310320211201122122122220
30010000001010102020000311002030100000111102120303212121311122223213012330201010313023302001310113110310320211201122122122221
30010000001010102020000311002030100000111102120303212121311122223213012330201010313023302001310113110310320211201122122122222
30010000001010102020000311002030100000111102120303212121311122223213012330201010313023302001310113110310320211201122122122223
3001000000101010202000031100203010000011110212030321212131112222321301233020101031302330200131011311031032021120112212212223013
300100000010101020200003110020301000001111021203032121213111222232130123302010103130233020013101131103103202112011221221222302
3001000000101010202000031100203010000011110212030321212131112222321301233020101031302330200131011311031032021120112212212223030
3001000000101010202000031100203010000011110212030321212131112222321301233020101031302330200131011311031032021120112212212223031
3001000000101010202000031100203010000011110212030321212131112222321301233020101031302330200131011311031032021120112212212223032
3001000000101010202000031100203010000011110212030321212131112222321301233020101031302330200131011311031032021120112212212223033
300100000010101020200003110020301000001111021203032121213111222232130123302010103130233020013101131103103202112011221221222310
300100000010101020200003110020301000001111021203032121213111222232130123302010103130233020013101131103103202112011221221222311
300100000010101020200003110020301000001111021203032121213111222232130123302010103130233020013101131103103202112011221221222312
30010000001010102020000311002030100000111102120303212121311122223213012330201010313023302001310113110310320211201122122122231320022
30010000001010102020000311002030100000111102120303212121311122223213012330201010313023302001310113110310320211201122122122231320023
30010000001010102020000311002030100000111102120303212121311122223213012330201010313023302001310113110310320211201122122122231320031
30010000001010102020000311002030100000111102120303212121311122223213012330201010313023302001310113110310320211201122122122231320032
30010000001010102020000311002030100000111102120303212121311122223213012330201010313023302001310113110310320211201122122122231320033
3001000000101010202000031100203010000011110212030321212131112222321301233020101031302330200131011311031032021120112212212223132012
3001000000101010202000031100203010000011110212030321212131112222321301233020101031302330200131011311031032021120112212212223132013
300100000010101020200003110020301000001111021203032121213111222232130123302010103130233020013101131103103202112011221221222313202
300100000010101020200003110020301000001111021203032121213111222232130123302010103130233020013101131103103202112011221221222313203
3001000000101010202000031100203010000011110212030321212131112222321301233020101031302330200131011311031032021120112212212223132101
3001000000101010202000031100203010000011110212030321212131112222321301233020101031302330200131011311031032021120112212212223132102
3001000000101010202000031100203010000011110212030321212131112222321301233020101031302330200131011311031032021120112212212223132103
3001000000101010202000031100203010000011110212030321212131112222321301233020101031302330200131011311031032021120112212212223132111
300100000010101020200003110020301000001111021203032121213111222232130123302010103130233020013101131103103202112011221221222313211220
300100000010101020200003110020301000001111021203032121213111222232130123302010103130233020013101131103103202112011221221222313211221
300100000010101020200003110020301000001111021203032121213111222232130123302010103130233020013101131103103202112011221221222313211222
300100000010101020200003110020301000001111021203032121213111222232130123302010103130233020013101131103103202112011221221222313211223
300100000010101020200003110020301000001111021203032121213111222232130123302010103130233020013101131103103202112011221221222313211230
300100000010101020200003110020301000001111021203032121213111222232130123302010103130233020013101131103103202112011221221222313211231
300100000010101020200003110020301000001111021203032121213111222232130123302010103130233020013101131103103202112011221221222313211232
300100000010101020200003110020301000001111021203032121213111222232130123302010103130233020013101131103103202112011221221222313211233
30010000001010102020000311002030100000111102120303212121311122223213012330201010313023302001310113110310320211201122122122231321130
30010000001010102020000311002030100000111102120303212121311122223213012330201010313023302001310113110310320211201122122122231321131
30010000001010102020000311002030100000111102120303212121311122223213012330201010313023302001310113110310320211201122122122231321132
30010000001010102020000311002030100000111102120303212121311122223213012330201010313023302001310113110310320211201122122122231321133
30010000001010102020000311002030100000111102120303212121311122223213012330201010313023302001310113110310320211201122122122231321212
30010000001010102020000311002030100000111102120303212121311122223213012330201010313023302001310113110310320211201122122122231321213
3001000000101010202000031100203010000011110212030321212131112222321301233020101031302330200131011311031032021120112212212223132122
3001000000101010202000031100203010000011110212030321212131112222321301233020101031302330200131011311031032021120112212212223132123
3001000000101010202000031100203010000011110212030321212131112222321301233020101031302330200131011311031032021120112212212223132132
3001000000101010202000031100203010000011110212030321212131112222321301233020101031302330200131011311031032021120112212212223132133
3001000000101010202000031100203010000011110212030321212131112222321301233020101031302330200131011311031032021120112212212223133
300100000010101020200003110020301000001111021203032121213111222232130123302010103130233020013101131103103202112011221221223
3001000000101010202000031100203010000011110212030321212131112222321301233020101031302330200131011311031032021120112213
30010000001010102020000311002030100000111102120303212121311122223213012330201010313023302001310113110310320211201123
30010000001010102020000311002030100000111102120303212121311122223213012330201010313023302001310113110310320211202
30010000001010102020000311002030100000111102120303212121311122223213012330201010313023302001310113110310320211203
300100000010101020200003110020301000001111021203032121213111222232130123302010103130233020013101131103103203
30010000001010102020000311002030100000111102120303212121311122223213012330201010313023303
3001000000101010202000031100203010000011110212030321212131112222321301233020102
3001000000101010202000031100203010000011110212030321212131112222321301233020103
