08691413211131111111111121111311
0869141321113111111111112111131171570112111461
08691413211131111111111121111311715701121114600111
08691413211131111111111121111311715701121114631411811
086914132111311111111111211113117157011211146314118183
086914132111311111111111211113117157011211146314118186
08691413211131111111111121111311715701121114631411810
08691413211131111111111121111311715701121114631411513
08691413211131111111111121111311715701121114631411511
0869141321113111111111112111131171570112111463141157111
0869141321113111111111112111131171570112111463141157110
0869141321113111111111112111131171570112111463141157251
0869141321113111111111112111131171570112111463142
08691413211131111111111121111
08691
08691
08698
