200000101021020111203021030
200000101021020111203021031120
20000010102102011120302103112130
20000010102102011120302103112131
20000010102102011120302103112132233
200000101021020111203021032
200000101021020111203021033
200000101021020111203022
200000101021020111203023
2000001010210201112031
2000001010210201112032
2000001010210201112033
200000101021020111212
200000101021020111213
20000010102102011122303
200000101021020111223132
200000101021020111223133
200000101022
200000101023
2000001011
2000001012
2000001013
2001
2002
2003
000010010110202112030
00001001011020211203130
00001001011020211203131
000010010110202112031321
00001001011020211203132233
000010010110202112032
000010010110202112033
0000100101102022
0000100101102023
0000100101103
00001001011120102030
00001001011120102031
00001001011120102032
00001001011120102033
0000100101112010212
0000100101112010213
0000100101112010221
000010010111201022230
00001001011120102223132
00001001011120102223133
000010010111201023
0000100101112011
0000100101112012
0000100101112013
00001002
00001003
100000101102011120203021030
100000101102011120203021031120
10000010110201112020302103112130
10000010110201112020302103112131
10000010110201112020302103112132233
100000101102011120203021032
100000101102011120203021033
100000101102011120203022
100000101102011120203023
1000001011020111202031
1000001011020111202032
1000001011020111202033
100000101102011120212
100000101102011120213
100000101102011120221
100000101102011120222303
1000001011020111202223132
1000001011020111202223133
10000010110201112023
1000001012
1000001013
1001
1002
1003
300010001102021030
300010001102021031120
30001000110202103112130
30001000110202103112131
30001000110202103112132233
300010001102021032
300010001102021033
300010001102022
300010001102023
300010001103
3000100011120102031
3000100011120102032
3000100011120102033
300010001112010212
300010001112010213
300010001112010221
30001000111201022230
3000100011120102223132
3000100011120102223133
30001000111201023
300010001112011
300010001112012
300010001112013
30001001
30001002
30001003
