000
010000
020000000
030
001
002
003
0110
0120000
0130
01010
010200
01030
0100100
010020
010030
010001
010002
010003
0210
02200
0230
02010
020200
02030
020010
020020
020030
0200010
0200020
0200030
020000100
02000020
02000030
020000010
020000020
020000030
020000001
020000002
020000003
031
032
033
0111
0112
0113
01210
01220
01230
012010
012020
012030
0120010
0120020
0120030
0120001
0120002
0120003
0131
0132
0133
01011
01012
01013
010210
010220
010230
010201
010202
010203
01031
01032
01033
0100110
0100120
0100130
0100101
0100102
0100103
010021
010022
010023
010031
010032
010033
0211
0212
0213
02210
02220
02230
02201
02202
02203
0231
0232
0233
02011
02012
02013
020210
020220
020230
020201
020202
020203
02031
02032
02033
020011
020012
020013
020021
020022
020023
020031
020032
020033
0200011
0200012
0200013
0200021
0200022
0200023
02000310
02000320
02000330
020000110
0200001200
020000130
020000101
020000102
020000103
02000021
02000022
02000023
02000031
02000032
02000033
020000011
020000012
020000013
020000021
020000022
020000023
020000031
020000032
020000033
01211
01212
01213
01221
01222
01223
01231
01232
01233
012011
012012
012013
012021
012022
012023
012031
012032
012033
0120011
0120012
0120013
0120021
0120022
0120023
0120031
0120032
0120033
010211
010212
010213
010221
010222
010223
010231
010232
010233
0100111
0100112
0100113
0100121
0100122
0100123
0100131
0100132
0100133
02211
02212
02213
02221
02222
02223
02231
02232
02233
020211
020212
020213
020221
020222
020223
020231
020232
020233
02000311
02000312
02000313
02000321
02000322
02000323
02000331
02000332
02000333
020000111
020000112
020000113
0200001210
0200001220
0200001230
0200001201
0200001202
0200001203
020000131
020000132
020000133
0200001211
0200001212
0200001213
0200001221
0200001222
0200001223
0200001231
0200001232
0200001233
200000000
2100
2200
2300
2010
2020
203000
20010
20020
200300
200010
20002000
200030
2000010
20000200
2000030
20000010
20000020
200000300
200000010
200000020
200000030
200000001
200000002
200000003
211000
2120
2130
2101
2102
2103
22100
2220
2230
2201
2202
2203
2310
2320
2330
2301
2302
2303
2011
2012
2013
2021
2022
2023
20310
20320
20330
203010
203020
203030
203001
203002
203003
20011
20012
20013
20021
20022
20023
200310
200320
200330
200301
200302
200303
200011
200012
200013
2000210
2000220
2000230
20002010
20002020
20002030
20002001
20002002
20002003
200031
200032
200033
2000011
2000012
2000013
20000210
20000220
20000230
20000201
20000202
20000203
2000031
2000032
2000033
20000011
20000012
20000013
20000021
20000022
20000023
200000310
20000032
200000330
200000301
200000302
200000303
200000011
200000012
200000013
200000021
200000022
200000023
200000031
200000032
200000033
21110
21120
21130
211010
211020
211030
211001
211002
211003
2121
2122
2123
2131
2132
2133
22110
22120
22130
22101
22102
22103
2221
2222
2223
2231
2232
2233
2311
2312
2313
2321
2322
2323
2331
2332
2333
20311
20312
20313
20321
20322
20323
20331
20332
20333
203011
203012
203013
203021
203022
203023
203031
203032
203033
200311
200312
200313
200321
200322
200323
200331
200332
200333
2000211
2000212
2000213
2000221
2000222
2000223
2000231
2000232
2000233
20002011
20002012
20002013
20002021
20002022
20002023
20002031
20002032
20002033
20000211
20000212
20000213
20000221
20000222
20000223
20000231
20000232
20000233
200000311
200000312
200000313
200000331
200000332
200000333
21111
21112
21113
21121
21122
21123
21131
21132
21133
211011
211012
211013
211021
211022
211023
211031
211032
211033
22111
22112
22113
22121
22122
22123
22131
22132
22133
100000
11000
12000
1300
1010
1020000
1030
10010
10020
1003000
1000100
100020
100030
100001
100002
100003
1110
1120
1130
11010
11020
110300
11001
11002
11003
12100
1220
1230
12010
12020
12030
12001
12002
12003
13100
1320
1330
1301
1302
1303
1011
1012
1013
10210
10220
10230
102010
102020
102030
1020010
1020020
1020030
1020001
1020002
1020003
1031
1032
1033
10011
10012
10013
10021
10022
10023
10031
100320
100330
10030100
1003020
1003030
1003001
1003002
1003003
1000110
10001200
1000130
1000101
1000102
1000103
100021
100022
100023
100031
100032
100033
1111
1112
1113
1121
1122
1123
1131
1132
1133
11011
11012
11013
11021
11022
11023
110310
110320
110330
110301
110302
110303
12110
12120
12130
12101
12102
12103
1221
1222
1223
1231
1232
1233
12011
12012
12013
12021
12022
12023
12031
12032
12033
13110
13120
13130
13101
13102
13103
1321
1322
1323
1331
1332
1333
10211
10212
10213
10221
10222
10223
10231
10232
10233
102011
102012
102013
102021
102022
102023
102031
102032
102033
1020011
1020012
1020013
1020021
1020022
1020023
1020031
1020032
1020033
100321
100322
100323
100331
100332
100333
10030110
10030120
10030130
10030101
10030102
10030103
1003021
1003022
1003023
1003031
1003032
1003033
1000111
1000112
1000113
10001210
10001220
10001230
10001201
10001202
10001203
1000131
1000132
1000133
110311
110312
110313
110321
110322
110323
110331
110332
110333
12111
12112
12113
12121
12122
12123
12131
12132
12133
13111
13112
13113
13121
13122
13123
13131
13132
13133
10030111
10030112
10030113
10030121
10030122
10030123
10030131
10030132
10030133
10001211
10001212
10001213
10001221
10001222
10001223
10001231
10001232
10001233
30000
310000
320000
330
3010
3020
303000
300100
30020
30030
30001
30002
30003
3110
31200
3130
31010
31020
310300
310010
31002000
310030
310001
310002
310003
3210
3220
3230
32010
32020
32030
320010
320020
320030
320001
320002
320003
331
332
333
3011
3012
3013
3021
3022
3023
30310
30320
3033
30301000
303020
303030
303001
303002
303003
300110
3001200
300130
300101
300102
300103
30021
30022
30023
30031
30032
30033
3111
3112
3113
31210
31220
31230
31201
31202
31203
3131
3132
3133
31011
31012
31013
31021
31022
31023
3103100
310320
310330
310301
310302
310303
310011
310012
310013
3100210
3100220
3100230
31002010
31002020
31002030
31002001
31002002
31002003
310031
310032
310033
3211
3212
3213
3221
3222
3223
3231
3232
3233
32011
32012
32013
32021
32022
32023
32031
32032
32033
320011
320012
320013
320021
320022
320023
320031
320032
320033
30311
30312
30313
30321
30322
30323
3030110
3030120
3030130
30301010
30301020
30301030
30301001
30301002
30301003
303021
303022
303023
303031
303032
303033
300111
300112
300113
3001210
3001220
3001230
3001201
3001202
3001203
300131
300132
300133
31211
31212
31213
31221
31222
31223
31231
31232
31233
3103110
3103120
3103130
3103101
3103102
3103103
310321
310322
310323
310331
310332
310333
3100211
3100212
3100213
3100221
3100222
3100223
3100231
3100232
3100233
31002011
31002012
31002013
31002021
31002022
31002023
31002031
31002032
31002033
3030111
3030112
3030113
3030121
3030122
3030123
3030131
3030132
3030133
30301011
30301012
30301013
30301021
30301022
30301023
30301031
30301032
30301033
3001211
3001212
3001213
3001221
3001222
3001223
3001231
3001232
3001233
3103111
3103112
3103113
3103121
3103122
3103123
3103131
3103132
3103133
