00000
010
020
030
0010
0020
0030
00010
00020
00030
00001
00002
00003
011
012
013
0210
0220
0230
031
032
033
0011
0012
0013
0021
0022
0023
0031
0032
0033
00011
00012
00013
00021
00022
00023
00031
00032
00033
0211
0212
0213
0221
0222
0223
0231
0232
0233
10000
110
1200
130
1010
1020
1030
10010
10020
10030
10001
10002
10003
111
112
113
121
1220
1230
1201
1202
1203
131
132
133
1011
1012
1013
1021
1022
1023
1031
1032
1033
10011
10012
10013
10021
10022
10023
10031
10032
10033
1221
1222
1223
1231
1232
1233
200000
210
22
230
2010
2020
2030
20010
20020
20030
200010
200020
200030
200001
200002
200003
211
212
213
231
232
233
2011
2012
2013
2021
2022
2023
2031
2032
2033
20011
20012
20013
20021
20022
20023
20031
20032
20033
200011
200012
200013
200021
200022
200023
200031
200032
200033
300000
310
320
33
3010
3020
3030
30010
30020
30030
300010
300020
300030
300001
300002
300003
311
312
313
321
322
323
3011
3012
3013
3021
3022
3023
3031
3032
3033
30011
30012
30013
30021
30022
30023
30031
30032
30033
300011
300012
300013
300021
300022
300023
300031
300032
300033
