00000000
0100000
0200
0300
0010
0020
0030
00010
000200
000300
00001000
000020
000030
0000010
0000020
0000030
00000010
00000020
00000030
00000001
00000002
00000003
0110
0120
0130
01010
01020
01030
010010
010020
0100300
0100010
0100020
0100030
0100001
0100002
0100003
0210
0220
0230
0201
0202
0203
0310
0320
0330
0301
0302
0303
0011
0012
0013
0021
0022
0023
0031
0032
0033
00011
00012
00013
000210
000220
000230
000201
000202
000203
000310
000320
000330
000301
000302
000303
0000110
0000120
0000130
00001010
00001020
00001030
00001001
00001002
00001003
000021
000022
000023
000031
000032
000033
0000011
0000012
0000013
0000021
0000022
0000023
0000031
0000032
0000033
00000011
00000012
00000013
00000021
00000022
00000023
00000031
00000032
00000033
0111
0112
0113
0121
0122
0123
0131
0132
0133
01011
01012
01013
01021
01022
01023
010310
010320
010330
010011
010012
010013
010021
010022
010023
0100310
0100320
0100330
0100301
0100302
0100303
0100011
0100012
0100013
0100021
0100022
0100023
0100031
0100032
0100033
0211
0212
0213
0221
0222
0223
0231
0232
0233
0311
0312
0313
0321
0322
0323
0331
0332
0333
000211
000212
000213
000221
000222
000223
000231
000232
000233
000311
000312
000313
000321
000322
000323
000331
000332
000333
0000111
0000112
0000113
0000121
0000122
0000123
0000131
0000132
0000133
00001011
00001012
00001013
00001021
00001022
00001023
00001031
00001032
00001033
010311
010312
010313
010321
010322
010323
010331
010332
010333
0100311
0100312
0100313
0100321
0100322
0100323
0100331
0100332
0100333
2000000
210000
2200
230
2010000
2020
2030
20010
200200
20030
200010000
200020
200030
2000010
2000020
2000030
2000001
2000002
2000003
2110
2120
21300
21010
21020
210300
210010
210020
210030
210001
210002
210003
2210
2220
2230
2201
2202
2203
231
232
233
20110
20120
20130
201010
201020
201030
2010010
2010020
2010030
2010001
2010002
2010003
2021
2022
2023
2031
2032
2033
20011
20012
20013
200210
200220
200230
200201
200202
200203
20031
20032
20033
2000110
2000120
2000130
20001010
20001020
20001030
200010010
200010020
200010030
200010001
200010002
200010003
200021
200022
200023
200031
200032
200033
2000011
2000012
2000013
2000021
2000022
2000023
2000031
2000032
2000033
2111
2112
2113
2121
2122
2123
21310
2132
21330
21301
21302
21303
21011
21012
21013
21021
21022
21023
210310
210320
210330
210301
210302
210303
210011
210012
210013
210021
210022
210023
210031
210032
210033
2211
2212
2213
2221
2222
2223
2231
2232
2233
20111
20112
20113
20121
20122
20123
20131
20132
20133
201011
201012
201013
201021
201022
201023
201031
201032
201033
2010011
2010012
2010013
2010021
2010022
2010023
2010031
2010032
2010033
200211
200212
200213
200221
200222
200223
200231
200232
200233
2000111
2000112
2000113
2000121
2000122
2000123
2000131
2000132
2000133
20001011
20001012
20001013
20001021
20001022
20001023
20001031
20001032
20001033
200010011
200010012
200010013
200010021
200010022
200010023
200010031
200010032
200010033
21311
21312
21313
21331
21332
21333
210311
210312
210313
210321
210322
210323
210331
210332
210333
10000
110
120000
1300
101000
1020
10300
10010
10020
10030
10001
10002
10003
111
112
113
121000
1220
1230
12010
120200
12030
120010
120020
1200300
120001
120002
120003
1310
1320
1330
1301
1302
1303
101100
101200
10130
1010100
101020
101030
101001
101002
101003
1021
1022
1023
10310
10320
10330
10301
10302
10303
10011
10012
10013
10021
10022
10023
10031
10032
10033
12110
12120
121300
121010
121020
121030
121001
121002
121003
1221
1222
1223
1231
1232
1233
12011
12012
12013
120210
120220
120230
120201
120202
120203
12031
12032
12033
120011
120012
120013
120021
120022
120023
1200310
1200320
1200330
1200301
1200302
1200303
1311
1312
1313
1321
1322
1323
1331
1332
1333
101110
101120
101130
101101
101102
101103
101210
101220
101230
101201
101202
101203
10131
10132
10133
1010110
1010120
1010130
1010101
1010102
1010103
101021
101022
101023
101031
101032
101033
10311
10312
10313
10321
10322
10323
10331
10332
10333
12111
12112
12113
12121
12122
12123
12131
121320
121330
121301
121302
121303
121011
121012
121013
121021
121022
121023
121031
121032
121033
120211
120212
120213
120221
120222
120223
120231
120232
120233
1200311
1200312
1200313
1200321
1200322
1200323
1200331
1200332
1200333
101111
101112
101113
101121
101122
101123
101131
101132
101133
101211
101212
101213
101221
101222
101223
101231
101232
101233
1010111
1010112
1010113
1010121
1010122
1010123
1010131
1010132
1010133
121321
121322
121323
121331
121332
121333
300000
310000
320
330
3010
3020000
3030
30010000
30020
30030
300010
300020
3000300
300001
300002
300003
311000
3120
3130
31010
31020
31030
310010
310020
310030
310001
310002
310003
321
322
323
331
332
333
3011
3012
3013
30210
30220
30230
302010
302020
3020300
3020010
3020020
3020030
3020001
3020002
3020003
3031
3032
3033
300110
300120
3001300
3001010
3001020
3001030
30010010
30010020
30010030
30010001
30010002
30010003
30021
30022
30023
30031
30032
30033
300011
300012
300013
300021
300022
300023
3000310
3000320
3000330
3000301
3000302
3000303
31110
31120
31130
311010
311020
311030
311001
311002
311003
3121
3122
3123
3131
3132
3133
31011
31012
31013
31021
31022
31023
31031
31032
31033
310011
310012
310013
310021
310022
310023
310031
310032
310033
30211
30212
30213
30221
30222
30223
30231
30232
30233
302011
302012
302013
302021
302022
302023
3020310
3020320
3020330
3020301
3020302
3020303
3020011
3020012
3020013
3020021
3020022
3020023
3020031
3020032
3020033
300111
300112
300113
300121
300122
300123
3001310
3001320
300133
3001301
3001302
3001303
3001011
3001012
3001013
3001021
3001022
3001023
3001031
3001032
3001033
30010011
30010012
30010013
30010021
30010022
30010023
30010031
30010032
30010033
3000311
3000312
3000313
3000321
3000322
3000323
3000331
3000332
3000333
31111
31112
31113
31121
31122
31123
31131
31132
31133
311011
311012
311013
311021
311022
311023
311031
311032
311033
3020311
3020312
3020313
3020321
3020322
3020323
3020331
3020332
3020333
3001311
3001312
3001313
3001321
3001322
3001323
