000000001001000020000103010101010002010011010
00000000100100002000010301010101000201001101110201202030111011012010201302021030021121021112220310
000000001001000020000103010101010002010011011102012020301110110120102013020210300211210211122203113020
000000001001000020000103010101010002010011011102012020301110110120102013020210300211210211122203113021
0000000010010000200001030101010100020100110111020120203011101101201020130202103002112102111222031130223020303131111
00000000100100002000010301010101000201001101110201202030111011012010201302021030021121021112220311302230203031311123120
000000001001000020000103010101010002010011011102012020301110110120102013020210300211210211122203113022302030313111231212130
0000000010010000200001030101010100020100110111020120203011101101201020130202103002112102111222031130223020303131112312121311321121
000000001001000020000103010101010002010011011102012020301110110120102013020210300211210211122203113022302030313111231212131132112231
000000001001000020000103010101010002010011011102012020301110110120102013020210300211210211122203113022302030313111231212131132112232322033022
0000000010010000200001030101010100020100110111020120203011101101201020130202103002112102111222031130223020303131112312121311321122323220330230
0000000010010000200001030101010100020100110111020120203011101101201020130202103002112102111222031130223020303131112312121311321122323220330231
0000000010010000200001030101010100020100110111020120203011101101201020130202103002112102111222031130223020303131112312121311321122323220330232
0000000010010000200001030101010100020100110111020120203011101101201020130202103002112102111222031130223020303131112312121311321122323220330233
0000000010010000200001030101010100020100110111020120203011101101201020130202103002112102111222031130223020303131112312121311321122323220330303203312121
0000000010010000200001030101010100020100110111020120203011101101201020130202103002112102111222031130223020303131112312121311321122323220330303203312122
0000000010010000200001030101010100020100110111020120203011101101201020130202103002112102111222031130223020303131112312121311321122323220330303203312123
00000000100100002000010301010101000201001101110201202030111011012010201302021030021121021112220311302230203031311123121213113211223232203303032033121310
0000000010010000200001030101010100020100110111020120203011101101201020130202103002112102111222031130223020303131112312121311321122323220330303203312131133
0000000010010000200001030101010100020100110111020120203011101101201020130202103002112102111222031130223020303131112312121311321122323220330303203312131221321
0000000010010000200001030101010100020100110111020120203011101101201020130202103002112102111222031130223020303131112312121311321122323220330303203312131221322021230
0000000010010000200001030101010100020100110111020120203011101101201020130202103002112102111222031130223020303131112312121311321122323220330303203312131221322021231
000000001001000020000103010101010002010011011102012020301110110120102013020210300211210211122203113022302030313111231212131132112232322033030320331213122132202123222320
000000001001000020000103010101010002010011011102012020301110110120102013020210300211210211122203113022302030313111231212131132112232322033030320331213122132202123222321
00000000100100002000010301010101000201001101110201202030111011012010201302021030021121021112220311302230203031311123121213113211223232203303032033121312213220212322232230203
000000001001000020000103010101010002010011011102012020301110110120102013020210300211210211122203113022302030313111231212131132112232322033030320331213122132202123222322302131302
000000001001000020000103010101010002010011011102012020301110110120102013020210300211210211122203113022302030313111231212131132112232322033030320331213122132202123222322302131303
000000001001000020000103010101010002010011011102012020301110110120102013020210300211210211122203113022302030313111231212131132112232322033030320331213122132202123222322302131311
000000001001000020000103010101010002010011011102012020301110110120102013020210300211210211122203113022302030313111231212131132112232322033030320331213122132202123222322302131312
00000000100100002000010301010101000201001101110201202030111011012010201302021030021121021112220311302230203031311123121213113211223232203303032033121312213220212322232230213131321
00000000100100002000010301010101000201001101110201202030111011012010201302021030021121021112220311302230203031311123121213113211223232203303032033121312213220212322232230213131322
00000000100100002000010301010101000201001101110201202030111011012010201302021030021121021112220311302230203031311123121213113211223232203303032033121312213220212322232230213131323312
00000000100100002000010301010101000201001101110201202030111011012010201302021030021121021112220311302230203031311123121213113211223232203303032033121312213220212322232230213131323313
00000000100100002000010301010101000201001101110201202030111011012010201302021030021121021112220311302230203031311123121213113211223232203303032033121312213220212322232230213131323322
00000000100100002000010301010101000201001101110201202030111011012010201302021030021121021112220311302230203031311123121213113211223232203303032033121312213220212322232230213131323323
0000000010010000200001030101010100020100110111020120203011101101201020130202103002112102111222031130223020303131112312121311321122323220330303203312131221322021232223223021313132333222
0000000010010000200001030101010100020100110111020120203011101101201020130202103002112102111222031130223020303131112312121311321122323220330303203312131221322021232223223021313132333223
0000000010010000200001030101010100020100110111020120203011101101201020130202103002112102111222031130223020303131112312121311321122323220330303203312131221322021232223223021313132333233
00000000100100002000010301010101000201001101110201202030111011012010201302021030021121021112220311302230203031311123121213113211223232203303032033121312213220212322232230213131323333312
00000000100100002000010301010101000201001101110201202030111011012010201302021030021121021112220311302230203031311123121213113211223232203303032033121312213220212322232230213131323333313
0000000010010000200001030101010100020100110111020120203011101101201020130202103002112102111222031130223020303131112312121311321122323220330303203312131221322021232223223021313132333332
000000001001000020000103010101010002010011011102012020301110110120102013020210300211210211122203113022302030313111231212131132112232322033030320331213122132202123222322302131313233333320
000000001001000020000103010101010002010011011102012020301110110120102013020210300211210211122203113022302030313111231212131132112232322033030320331213122132202123222322302131313233333321
00000000100100002000010301010101000201001101110201202030111011012010201302021030021121021112220311302230203031311123121213113211223232203303032033121312213220212322232230213131323333332230
00000000100100002000010301010101000201001101110201202030111011012010201302021030021121021112220311302230203031311123121213113211223232203303032033121312213220212322232230213131323333332231
00000000100100002000010301010101000201001101110201202030111011012010201302021030021121021112220311302230203031311123121213113211223232203303032033121312213220212322232230213131323333332232
00000000100100002000010301010101000201001101110201202030111011012010201302021030021121021112220311302230203031311123121213113211223232203303032033121312213220212322232230213131323333332233
0000000010010000200001030101010100020100110111020120203011101101201020130202103002112102111222031130223020303131112312121311321122323220330303203312131221322021232223223021313132333333233
000000001001000020000103010101010002010011011102012020301110110120102013020210300211210211122203113022302030313111231212131132112232322033030320331213122132202123222322302131313233333330
000000001001000020000103010101010002010011011102012020301110110120102013020210300211210211122203113022302030313111231212131132112232322033030320331213122132202123222322302131313233333331
000000001001000020000103010101010002010011011102012020301110110120102013020210300211210211122203113022302030313111231212131132112232322033030320331213122132202123222322302131313233333332
000000001001000020000103010101010002010011011102012020301110110120102013020210300211210211122203113022302030313111231212131132112232322033030320331213122132202123222322302131313233333333
000000001001000020000103010101010002010011011102012020301110110120102013020210300211210211122203113022302030313111231212131132112232322033030320331213122132202123222322302132
000000001001000020000103010101010002010011011102012020301110110120102013020210300211210211122203113022302030313111231212131132112232322033030320331213122132202123222322302133
0000000010010000200001030101010100020100110111020120203011101101201020130202103002112102111222031130223020303131112312121311321122323220330303203312131221322021232223223022
0000000010010000200001030101010100020100110111020120203011101101201020130202103002112102111222031130223020303131112312121311321122323220330303203312131221322021232223223023
00000000100100002000010301010101000201001101110201202030111011012010201302021030021121021112220311302230203031311123121213113211223232203303032033121312213220212322232230301
00000000100100002000010301010101000201001101110201202030111011012010201302021030021121021112220311302230203031311123121213113211223232203303032033121312213220212322232230302
00000000100100002000010301010101000201001101110201202030111011012010201302021030021121021112220311302230203031311123121213113211223232203303032033121312213220212322232230303
00000000100100002000010301010101000201001101110201202030111011012010201302021030021121021112220311302230203031311123121213113211223232203303032033121312213220212322232230312
00000000100100002000010301010101000201001101110201202030111011012010201302021030021121021112220311302230203031311123121213113211223232203303032033121312213220212322232230313
00000000100100002000010301010101000201001101110201202030111011012010201302021030021121021112220311302230203031311123121213113211223232203303032033121312213220212322232230323
00000000100100002000010301010101000201001101110201202030111011012010201302021030021121021112220311302230203031311123121213113211223232203303032033121312213220212322232230330
00000000100100002000010301010101000201001101110201202030111011012010201302021030021121021112220311302230203031311123121213113211223232203303032033121312213220212322232230331
000000001001000020000103010101010002010011011102012020301110110120102013020210300211210211122203113022302030313111231212131132112232322033030320331213122132202123222322303323
000000001001000020000103010101010002010011011102012020301110110120102013020210300211210211122203113022302030313111231212131132112232322033030320331213122132202123222322303333
00000000100100002000010301010101000201001101110201202030111011012010201302021030021121021112220311302230203031311123121213113211223232203303032033121312213220213
000000001001000020000103010101010002010011011102012020301110110120102013020210300211210211122203113022302030313111231212131132112232322033030320331213122132203
0000000010010000200001030101010100020100110111020120203011101101201020130202103002112102111222031130223020303131112312121311321122323220330303203313
000000001001000020000103010101010002010011011102012020301110110120102013020210300211210211122203113022302030313112
000000001001000020000103010101010002010011011102012020301110110120102013020210300211210211122203113022302030313113
000000001001000020000103010101010002010011011102012020301110110120102013020210300211210211122203113022303
0000000010010000200001030101010100020100110111020120203011101102
0000000010010000200001030101010100020100110111020120203011101103
0000000010010000200001030101011
0000000010010000200001030101012
0000000010010000200001030101013
000000001001001
000000001001002
000000001001003
20000001000010110000200001030101010010
200000010000101100002000010301010100111020120203011000201020
2000000100001011000020000103010101001110201202030110002010211210110120102013011021112130302103002220310
2000000100001011000020000103010101001110201202030110002010211210110120102013011021112130302103002220311
20000001000010110000200001030101010011102012020301100020102112101101201020130110211121303021030022203123020303131111
200000010000101100002000010301010100111020120203011000201021121011012010201301102111213030210300222031230203031311123120
20000001000010110000200001030101010011102012020301100020102112101101201020130110211121303021030022203123020303131112312120
2000000100001011000020000103010101001110201202030110002010211210110120102013011021112130302103002220312302030313111231212130
20000001000010110000200001030101010011102012020301100020102112101101201020130110211121303021030022203123020303131112312121311321121
2000000100001011000020000103010101001110201202030110002010211210110120102013011021112130302103002220312302030313111231212131132112231
20000001000010110000200001030101010011102012020301100020102112101101201020130110211121303021030022203123020303131112312121311321122322
2000000100001011000020000103010101001110201202030110002010211210110120102013011021112130302103002220312302030313111231212131132112232322033022
20000001000010110000200001030101010011102012020301100020102112101101201020130110211121303021030022203123020303131112312121311321122323220330231
20000001000010110000200001030101010011102012020301100020102112101101201020130110211121303021030022203123020303131112312121311321122323220330232
20000001000010110000200001030101010011102012020301100020102112101101201020130110211121303021030022203123020303131112312121311321122323220330233
200000010000101100002000010301010100111020120203011000201021121011012010201301102111213030210300222031230203031311123121213113211223232203303022
200000010000101100002000010301010100111020120203011000201021121011012010201301102111213030210300222031230203031311123121213113211223232203303023
20000001000010110000200001030101010011102012020301100020102112101101201020130110211121303021030022203123020303131112312121311321122323220330303203312121
20000001000010110000200001030101010011102012020301100020102112101101201020130110211121303021030022203123020303131112312121311321122323220330303203312122
20000001000010110000200001030101010011102012020301100020102112101101201020130110211121303021030022203123020303131112312121311321122323220330303203312123
200000010000101100002000010301010100111020120203011000201021121011012010201301102111213030210300222031230203031311123121213113211223232203303032033121310
20000001000010110000200001030101010011102012020301100020102112101101201020130110211121303021030022203123020303131112312121311321122323220330303203312131133
20000001000010110000200001030101010011102012020301100020102112101101201020130110211121303021030022203123020303131112312121311321122323220330303203312131221321
20000001000010110000200001030101010011102012020301100020102112101101201020130110211121303021030022203123020303131112312121311321122323220330303203312131221322021230
20000001000010110000200001030101010011102012020301100020102112101101201020130110211121303021030022203123020303131112312121311321122323220330303203312131221322021231
2000000100001011000020000103010101001110201202030110002010211210110120102013011021112130302103002220312302030313111231212131132112232322033030320331213122132202123222320
2000000100001011000020000103010101001110201202030110002010211210110120102013011021112130302103002220312302030313111231212131132112232322033030320331213122132202123222321
20000001000010110000200001030101010011102012020301100020102112101101201020130110211121303021030022203123020303131112312121311321122323220330303203312131221322021232223223020
2000000100001011000020000103010101001110201202030110002010211210110120102013011021112130302103002220312302030313111231212131132112232322033030320331213122132202123222322302131302
2000000100001011000020000103010101001110201202030110002010211210110120102013011021112130302103002220312302030313111231212131132112232322033030320331213122132202123222322302131303
2000000100001011000020000103010101001110201202030110002010211210110120102013011021112130302103002220312302030313111231212131132112232322033030320331213122132202123222322302131311
2000000100001011000020000103010101001110201202030110002010211210110120102013011021112130302103002220312302030313111231212131132112232322033030320331213122132202123222322302131312
200000010000101100002000010301010100111020120203011000201021121011012010201301102111213030210300222031230203031311123121213113211223232203303032033121312213220212322232230213131321
200000010000101100002000010301010100111020120203011000201021121011012010201301102111213030210300222031230203031311123121213113211223232203303032033121312213220212322232230213131322
200000010000101100002000010301010100111020120203011000201021121011012010201301102111213030210300222031230203031311123121213113211223232203303032033121312213220212322232230213131323312
200000010000101100002000010301010100111020120203011000201021121011012010201301102111213030210300222031230203031311123121213113211223232203303032033121312213220212322232230213131323313
200000010000101100002000010301010100111020120203011000201021121011012010201301102111213030210300222031230203031311123121213113211223232203303032033121312213220212322232230213131323322
200000010000101100002000010301010100111020120203011000201021121011012010201301102111213030210300222031230203031311123121213113211223232203303032033121312213220212322232230213131323323
2000000100001011000020000103010101001110201202030110002010211210110120102013011021112130302103002220312302030313111231212131132112232322033030320331213122132202123222322302131313233322
20000001000010110000200001030101010011102012020301100020102112101101201020130110211121303021030022203123020303131112312121311321122323220330303203312131221322021232223223021313132333233
200000010000101100002000010301010100111020120203011000201021121011012010201301102111213030210300222031230203031311123121213113211223232203303032033121312213220212322232230213131323333312
200000010000101100002000010301010100111020120203011000201021121011012010201301102111213030210300222031230203031311123121213113211223232203303032033121312213220212322232230213131323333313
20000001000010110000200001030101010011102012020301100020102112101101201020130110211121303021030022203123020303131112312121311321122323220330303203312131221322021232223223021313132333332
2000000100001011000020000103010101001110201202030110002010211210110120102013011021112130302103002220312302030313111231212131132112232322033030320331213122132202123222322302131313233333321
200000010000101100002000010301010100111020120203011000201021121011012010201301102111213030210300222031230203031311123121213113211223232203303032033121312213220212322232230213131323333332230
200000010000101100002000010301010100111020120203011000201021121011012010201301102111213030210300222031230203031311123121213113211223232203303032033121312213220212322232230213131323333332231
200000010000101100002000010301010100111020120203011000201021121011012010201301102111213030210300222031230203031311123121213113211223232203303032033121312213220212322232230213131323333332232
200000010000101100002000010301010100111020120203011000201021121011012010201301102111213030210300222031230203031311123121213113211223232203303032033121312213220212322232230213131323333332233
20000001000010110000200001030101010011102012020301100020102112101101201020130110211121303021030022203123020303131112312121311321122323220330303203312131221322021232223223021313132333333233
2000000100001011000020000103010101001110201202030110002010211210110120102013011021112130302103002220312302030313111231212131132112232322033030320331213122132202123222322302131313233333330
2000000100001011000020000103010101001110201202030110002010211210110120102013011021112130302103002220312302030313111231212131132112232322033030320331213122132202123222322302131313233333331
2000000100001011000020000103010101001110201202030110002010211210110120102013011021112130302103002220312302030313111231212131132112232322033030320331213122132202123222322302131313233333332
2000000100001011000020000103010101001110201202030110002010211210110120102013011021112130302103002220312302030313111231212131132112232322033030320331213122132202123222322302131313233333333
2000000100001011000020000103010101001110201202030110002010211210110120102013011021112130302103002220312302030313111231212131132112232322033030320331213122132202123222322302132
2000000100001011000020000103010101001110201202030110002010211210110120102013011021112130302103002220312302030313111231212131132112232322033030320331213122132202123222322302133
20000001000010110000200001030101010011102012020301100020102112101101201020130110211121303021030022203123020303131112312121311321122323220330303203312131221322021232223223022
20000001000010110000200001030101010011102012020301100020102112101101201020130110211121303021030022203123020303131112312121311321122323220330303203312131221322021232223223023
200000010000101100002000010301010100111020120203011000201021121011012010201301102111213030210300222031230203031311123121213113211223232203303032033121312213220212322232230301
200000010000101100002000010301010100111020120203011000201021121011012010201301102111213030210300222031230203031311123121213113211223232203303032033121312213220212322232230302
200000010000101100002000010301010100111020120203011000201021121011012010201301102111213030210300222031230203031311123121213113211223232203303032033121312213220212322232230303
200000010000101100002000010301010100111020120203011000201021121011012010201301102111213030210300222031230203031311123121213113211223232203303032033121312213220212322232230313
200000010000101100002000010301010100111020120203011000201021121011012010201301102111213030210300222031230203031311123121213113211223232203303032033121312213220212322232230323
200000010000101100002000010301010100111020120203011000201021121011012010201301102111213030210300222031230203031311123121213113211223232203303032033121312213220212322232230330
200000010000101100002000010301010100111020120203011000201021121011012010201301102111213030210300222031230203031311123121213113211223232203303032033121312213220212322232230331
2000000100001011000020000103010101001110201202030110002010211210110120102013011021112130302103002220312302030313111231212131132112232322033030320331213122132202123222322303323
2000000100001011000020000103010101001110201202030110002010211210110120102013011021112130302103002220312302030313111231212131132112232322033030320331213122132202123222322303333
200000010000101100002000010301010100111020120203011000201021121011012010201301102111213030210300222031230203031311123121213113211223232203303032033121312213220213
2000000100001011000020000103010101001110201202030110002010211210110120102013011021112130302103002220312302030313111231212131132112232322033030320331213122132203
20000001000010110000200001030101010011102012020301100020102112101101201020130110211121303021030022203123020303131112312121311321122323220330303203313
2000000100001011000020000103010101001110201202030110002010211210110120102013011021112130302103002220312302030313112
2000000100001011000020000103010101001110201202030110002010211210110120102013011021112130302103002220312302030313113
2000000100001011000020000103010101001110201202030110002010211210110120102013011021112130302103002220312303
20000001000010110000200001030101010011102012020301100020102112101102
20000001000010110000200001030101010011102012020301100020102112101103
20000001000010110000200001030101011
20000001000010110000200001030101012
20000001000010110000200001030101013
20000001001
20000001002
20000001003
1000010000100100002010011000030101010010
1000010000100100002010011000030101010011102012020301100020110120102013011021112112103002220
10000100001001000020100110000301010100111020120203011000201101201020130110211121121030022210310
100001000010010000201001100003010101001110201202030110002011012010201301102111211210300222103113020
100001000010010000201001100003010101001110201202030110002011012010201301102111211210300222103113021
1000010000100100002010011000030101010011102012020301100020110120102013011021112112103002221031130223020302111
10000100001001000020100110000301010100111020120203011000201101201020130110211121121030022210311302230203021123111312031321121
100001000010010000201001100003010101001110201202030110002011012010201301102111211210300222103113022302030211231113120313211223120
10000100001001000020100110000301010100111020120203011000201101201020130110211121121030022210311302230203021123111312031321122312130
1000010000100100002010011000030101010011102012020301100020110120102013011021112112103002221031130223020302112311131203132112231213132322033021
1000010000100100002010011000030101010011102012020301100020110120102013011021112112103002221031130223020302112311131203132112231213132322033022
10000100001001000020100110000301010100111020120203011000201101201020130110211121121030022210311302230203021123111312031321122312131323220330230
10000100001001000020100110000301010100111020120203011000201101201020130110211121121030022210311302230203021123111312031321122312131323220330231
10000100001001000020100110000301010100111020120203011000201101201020130110211121121030022210311302230203021123111312031321122312131323220330232
10000100001001000020100110000301010100111020120203011000201101201020130110211121121030022210311302230203021123111312031321122312131323220330233
100001000010010000201001100003010101001110201202030110002011012010201301102111211210300222103113022302030211231113120313211223121313232203303022
100001000010010000201001100003010101001110201202030110002011012010201301102111211210300222103113022302030211231113120313211223121313232203303023
10000100001001000020100110000301010100111020120203011000201101201020130110211121121030022210311302230203021123111312031321122312131323220330303203312121
10000100001001000020100110000301010100111020120203011000201101201020130110211121121030022210311302230203021123111312031321122312131323220330303203312122
10000100001001000020100110000301010100111020120203011000201101201020130110211121121030022210311302230203021123111312031321122312131323220330303203312123
100001000010010000201001100003010101001110201202030110002011012010201301102111211210300222103113022302030211231113120313211223121313232203303032033121311
10000100001001000020100110000301010100111020120203011000201101201020130110211121121030022210311302230203021123111312031321122312131323220330303203312131221321
10000100001001000020100110000301010100111020120203011000201101201020130110211121121030022210311302230203021123111312031321122312131323220330303203312131221322021230
10000100001001000020100110000301010100111020120203011000201101201020130110211121121030022210311302230203021123111312031321122312131323220330303203312131221322021231
1000010000100100002010011000030101010011102012020301100020110120102013011021112112103002221031130223020302112311131203132112231213132322033030320331213122132202123222320
1000010000100100002010011000030101010011102012020301100020110120102013011021112112103002221031130223020302112311131203132112231213132322033030320331213122132202123222321
100001000010010000201001100003010101001110201202030110002011012010201301102111211210300222103113022302030211231113120313211223121313232203303032033121312213220212322232230203
1000010000100100002010011000030101010011102012020301100020110120102013011021112112103002221031130223020302112311131203132112231213132322033030320331213122132202123222322302131302
1000010000100100002010011000030101010011102012020301100020110120102013011021112112103002221031130223020302112311131203132112231213132322033030320331213122132202123222322302131303
1000010000100100002010011000030101010011102012020301100020110120102013011021112112103002221031130223020302112311131203132112231213132322033030320331213122132202123222322302131311
1000010000100100002010011000030101010011102012020301100020110120102013011021112112103002221031130223020302112311131203132112231213132322033030320331213122132202123222322302131312
100001000010010000201001100003010101001110201202030110002011012010201301102111211210300222103113022302030211231113120313211223121313232203303032033121312213220212322232230213131322
100001000010010000201001100003010101001110201202030110002011012010201301102111211210300222103113022302030211231113120313211223121313232203303032033121312213220212322232230213131323312
100001000010010000201001100003010101001110201202030110002011012010201301102111211210300222103113022302030211231113120313211223121313232203303032033121312213220212322232230213131323313
100001000010010000201001100003010101001110201202030110002011012010201301102111211210300222103113022302030211231113120313211223121313232203303032033121312213220212322232230213131323322
100001000010010000201001100003010101001110201202030110002011012010201301102111211210300222103113022302030211231113120313211223121313232203303032033121312213220212322232230213131323323
1000010000100100002010011000030101010011102012020301100020110120102013011021112112103002221031130223020302112311131203132112231213132322033030320331213122132202123222322302131313233322
10000100001001000020100110000301010100111020120203011000201101201020130110211121121030022210311302230203021123111312031321122312131323220330303203312131221322021232223223021313132333233
100001000010010000201001100003010101001110201202030110002011012010201301102111211210300222103113022302030211231113120313211223121313232203303032033121312213220212322232230213131323333312
100001000010010000201001100003010101001110201202030110002011012010201301102111211210300222103113022302030211231113120313211223121313232203303032033121312213220212322232230213131323333313
10000100001001000020100110000301010100111020120203011000201101201020130110211121121030022210311302230203021123111312031321122312131323220330303203312131221322021232223223021313132333332
1000010000100100002010011000030101010011102012020301100020110120102013011021112112103002221031130223020302112311131203132112231213132322033030320331213122132202123222322302131313233333320
1000010000100100002010011000030101010011102012020301100020110120102013011021112112103002221031130223020302112311131203132112231213132322033030320331213122132202123222322302131313233333321
100001000010010000201001100003010101001110201202030110002011012010201301102111211210300222103113022302030211231113120313211223121313232203303032033121312213220212322232230213131323333332230
100001000010010000201001100003010101001110201202030110002011012010201301102111211210300222103113022302030211231113120313211223121313232203303032033121312213220212322232230213131323333332231
100001000010010000201001100003010101001110201202030110002011012010201301102111211210300222103113022302030211231113120313211223121313232203303032033121312213220212322232230213131323333332232
100001000010010000201001100003010101001110201202030110002011012010201301102111211210300222103113022302030211231113120313211223121313232203303032033121312213220212322232230213131323333332233
10000100001001000020100110000301010100111020120203011000201101201020130110211121121030022210311302230203021123111312031321122312131323220330303203312131221322021232223223021313132333333233
1000010000100100002010011000030101010011102012020301100020110120102013011021112112103002221031130223020302112311131203132112231213132322033030320331213122132202123222322302131313233333330
1000010000100100002010011000030101010011102012020301100020110120102013011021112112103002221031130223020302112311131203132112231213132322033030320331213122132202123222322302131313233333331
1000010000100100002010011000030101010011102012020301100020110120102013011021112112103002221031130223020302112311131203132112231213132322033030320331213122132202123222322302131313233333332
1000010000100100002010011000030101010011102012020301100020110120102013011021112112103002221031130223020302112311131203132112231213132322033030320331213122132202123222322302131313233333333
1000010000100100002010011000030101010011102012020301100020110120102013011021112112103002221031130223020302112311131203132112231213132322033030320331213122132202123222322302132
1000010000100100002010011000030101010011102012020301100020110120102013011021112112103002221031130223020302112311131203132112231213132322033030320331213122132202123222322302133
10000100001001000020100110000301010100111020120203011000201101201020130110211121121030022210311302230203021123111312031321122312131323220330303203312131221322021232223223022
10000100001001000020100110000301010100111020120203011000201101201020130110211121121030022210311302230203021123111312031321122312131323220330303203312131221322021232223223023
100001000010010000201001100003010101001110201202030110002011012010201301102111211210300222103113022302030211231113120313211223121313232203303032033121312213220212322232230301
100001000010010000201001100003010101001110201202030110002011012010201301102111211210300222103113022302030211231113120313211223121313232203303032033121312213220212322232230302
100001000010010000201001100003010101001110201202030110002011012010201301102111211210300222103113022302030211231113120313211223121313232203303032033121312213220212322232230303
100001000010010000201001100003010101001110201202030110002011012010201301102111211210300222103113022302030211231113120313211223121313232203303032033121312213220212322232230312
100001000010010000201001100003010101001110201202030110002011012010201301102111211210300222103113022302030211231113120313211223121313232203303032033121312213220212322232230313
100001000010010000201001100003010101001110201202030110002011012010201301102111211210300222103113022302030211231113120313211223121313232203303032033121312213220212322232230323
100001000010010000201001100003010101001110201202030110002011012010201301102111211210300222103113022302030211231113120313211223121313232203303032033121312213220212322232230330
100001000010010000201001100003010101001110201202030110002011012010201301102111211210300222103113022302030211231113120313211223121313232203303032033121312213220212322232230331
1000010000100100002010011000030101010011102012020301100020110120102013011021112112103002221031130223020302112311131203132112231213132322033030320331213122132202123222322303323
1000010000100100002010011000030101010011102012020301100020110120102013011021112112103002221031130223020302112311131203132112231213132322033030320331213122132202123222322303333
100001000010010000201001100003010101001110201202030110002011012010201301102111211210300222103113022302030211231113120313211223121313232203303032033121312213220213
1000010000100100002010011000030101010011102012020301100020110120102013011021112112103002221031130223020302112311131203132112231213132322033030320331213122132203
10000100001001000020100110000301010100111020120203011000201101201020130110211121121030022210311302230203021123111312031321122312131323220330303203313
1000010000100100002010011000030101010011102012020301100020110120102013011021112112103002221031130223020302112311131203132112231213133
10000100001001000020100110000301010100111020120203011000201101201020130110211121121030022210311302230203021123112
10000100001001000020100110000301010100111020120203011000201101201020130110211121121030022210311302230203021123113
100001000010010000201001100003010101001110201202030110002011012010201301102111211210300222103113022303
10000100001001000020100110000301010100111020120203011000201102
10000100001001000020100110000301010100111020120203011000201103
1000010000100100002010011000030101011
1000010000100100002010011000030101012
1000010000100100002010011000030101013
10000100001001001
10000100001001002
10000100001001003
3000001000010110000200001030101010010
3000001000010110000200001030101010011102012020300210101100020201301101101201030021121021112220310
30000010000101100002000010301010100111020120203002101011000202013011011012010300211210211122203113020
30000010000101100002000010301010100111020120203002101011000202013011011012010300211210211122203113021
300000100001011000020000103010101001110201202030021010110002020130110110120103002112102111222031130223020303131111
3000001000010110000200001030101010011102012020300210101100020201301101101201030021121021112220311302230203031311123120
300000100001011000020000103010101001110201202030021010110002020130110110120103002112102111222031130223020303131112312120
30000010000101100002000010301010100111020120203002101011000202013011011012010300211210211122203113022302030313111231212130
300000100001011000020000103010101001110201202030021010110002020130110110120103002112102111222031130223020303131112312121311321121
30000010000101100002000010301010100111020120203002101011000202013011011012010300211210211122203113022302030313111231212131132112231
30000010000101100002000010301010100111020120203002101011000202013011011012010300211210211122203113022302030313111231212131132112232322033022
300000100001011000020000103010101001110201202030021010110002020130110110120103002112102111222031130223020303131112312121311321122323220330230
300000100001011000020000103010101001110201202030021010110002020130110110120103002112102111222031130223020303131112312121311321122323220330231
300000100001011000020000103010101001110201202030021010110002020130110110120103002112102111222031130223020303131112312121311321122323220330232
300000100001011000020000103010101001110201202030021010110002020130110110120103002112102111222031130223020303131112312121311321122323220330233
3000001000010110000200001030101010011102012020300210101100020201301101101201030021121021112220311302230203031311123121213113211223232203303022
3000001000010110000200001030101010011102012020300210101100020201301101101201030021121021112220311302230203031311123121213113211223232203303023
300000100001011000020000103010101001110201202030021010110002020130110110120103002112102111222031130223020303131112312121311321122323220330303203312121
300000100001011000020000103010101001110201202030021010110002020130110110120103002112102111222031130223020303131112312121311321122323220330303203312122
300000100001011000020000103010101001110201202030021010110002020130110110120103002112102111222031130223020303131112312121311321122323220330303203312123
3000001000010110000200001030101010011102012020300210101100020201301101101201030021121021112220311302230203031311123121213113211223232203303032033121310
300000100001011000020000103010101001110201202030021010110002020130110110120103002112102111222031130223020303131112312121311321122323220330303203312131133
300000100001011000020000103010101001110201202030021010110002020130110110120103002112102111222031130223020303131112312121311321122323220330303203312131221321
300000100001011000020000103010101001110201202030021010110002020130110110120103002112102111222031130223020303131112312121311321122323220330303203312131221322021230
300000100001011000020000103010101001110201202030021010110002020130110110120103002112102111222031130223020303131112312121311321122323220330303203312131221322021231
30000010000101100002000010301010100111020120203002101011000202013011011012010300211210211122203113022302030313111231212131132112232322033030320331213122132202123222320
30000010000101100002000010301010100111020120203002101011000202013011011012010300211210211122203113022302030313111231212131132112232322033030320331213122132202123222321
3000001000010110000200001030101010011102012020300210101100020201301101101201030021121021112220311302230203031311123121213113211223232203303032033121312213220212322232230203
30000010000101100002000010301010100111020120203002101011000202013011011012010300211210211122203113022302030313111231212131132112232322033030320331213122132202123222322302131302
30000010000101100002000010301010100111020120203002101011000202013011011012010300211210211122203113022302030313111231212131132112232322033030320331213122132202123222322302131303
30000010000101100002000010301010100111020120203002101011000202013011011012010300211210211122203113022302030313111231212131132112232322033030320331213122132202123222322302131311
30000010000101100002000010301010100111020120203002101011000202013011011012010300211210211122203113022302030313111231212131132112232322033030320331213122132202123222322302131312
3000001000010110000200001030101010011102012020300210101100020201301101101201030021121021112220311302230203031311123121213113211223232203303032033121312213220212322232230213131321
3000001000010110000200001030101010011102012020300210101100020201301101101201030021121021112220311302230203031311123121213113211223232203303032033121312213220212322232230213131322
3000001000010110000200001030101010011102012020300210101100020201301101101201030021121021112220311302230203031311123121213113211223232203303032033121312213220212322232230213131323312
3000001000010110000200001030101010011102012020300210101100020201301101101201030021121021112220311302230203031311123121213113211223232203303032033121312213220212322232230213131323313
3000001000010110000200001030101010011102012020300210101100020201301101101201030021121021112220311302230203031311123121213113211223232203303032033121312213220212322232230213131323322
3000001000010110000200001030101010011102012020300210101100020201301101101201030021121021112220311302230203031311123121213113211223232203303032033121312213220212322232230213131323323
30000010000101100002000010301010100111020120203002101011000202013011011012010300211210211122203113022302030313111231212131132112232322033030320331213122132202123222322302131313233322
300000100001011000020000103010101001110201202030021010110002020130110110120103002112102111222031130223020303131112312121311321122323220330303203312131221322021232223223021313132333233
3000001000010110000200001030101010011102012020300210101100020201301101101201030021121021112220311302230203031311123121213113211223232203303032033121312213220212322232230213131323333312
3000001000010110000200001030101010011102012020300210101100020201301101101201030021121021112220311302230203031311123121213113211223232203303032033121312213220212322232230213131323333313
300000100001011000020000103010101001110201202030021010110002020130110110120103002112102111222031130223020303131112312121311321122323220330303203312131221322021232223223021313132333332
30000010000101100002000010301010100111020120203002101011000202013011011012010300211210211122203113022302030313111231212131132112232322033030320331213122132202123222322302131313233333320
30000010000101100002000010301010100111020120203002101011000202013011011012010300211210211122203113022302030313111231212131132112232322033030320331213122132202123222322302131313233333321
3000001000010110000200001030101010011102012020300210101100020201301101101201030021121021112220311302230203031311123121213113211223232203303032033121312213220212322232230213131323333332230
3000001000010110000200001030101010011102012020300210101100020201301101101201030021121021112220311302230203031311123121213113211223232203303032033121312213220212322232230213131323333332231
3000001000010110000200001030101010011102012020300210101100020201301101101201030021121021112220311302230203031311123121213113211223232203303032033121312213220212322232230213131323333332232
3000001000010110000200001030101010011102012020300210101100020201301101101201030021121021112220311302230203031311123121213113211223232203303032033121312213220212322232230213131323333332233
300000100001011000020000103010101001110201202030021010110002020130110110120103002112102111222031130223020303131112312121311321122323220330303203312131221322021232223223021313132333333233
30000010000101100002000010301010100111020120203002101011000202013011011012010300211210211122203113022302030313111231212131132112232322033030320331213122132202123222322302131313233333331
30000010000101100002000010301010100111020120203002101011000202013011011012010300211210211122203113022302030313111231212131132112232322033030320331213122132202123222322302131313233333332
30000010000101100002000010301010100111020120203002101011000202013011011012010300211210211122203113022302030313111231212131132112232322033030320331213122132202123222322302131313233333333
30000010000101100002000010301010100111020120203002101011000202013011011012010300211210211122203113022302030313111231212131132112232322033030320331213122132202123222322302132
30000010000101100002000010301010100111020120203002101011000202013011011012010300211210211122203113022302030313111231212131132112232322033030320331213122132202123222322302133
300000100001011000020000103010101001110201202030021010110002020130110110120103002112102111222031130223020303131112312121311321122323220330303203312131221322021232223223022
300000100001011000020000103010101001110201202030021010110002020130110110120103002112102111222031130223020303131112312121311321122323220330303203312131221322021232223223023
3000001000010110000200001030101010011102012020300210101100020201301101101201030021121021112220311302230203031311123121213113211223232203303032033121312213220212322232230301
3000001000010110000200001030101010011102012020300210101100020201301101101201030021121021112220311302230203031311123121213113211223232203303032033121312213220212322232230302
3000001000010110000200001030101010011102012020300210101100020201301101101201030021121021112220311302230203031311123121213113211223232203303032033121312213220212322232230303
3000001000010110000200001030101010011102012020300210101100020201301101101201030021121021112220311302230203031311123121213113211223232203303032033121312213220212322232230312
3000001000010110000200001030101010011102012020300210101100020201301101101201030021121021112220311302230203031311123121213113211223232203303032033121312213220212322232230313
3000001000010110000200001030101010011102012020300210101100020201301101101201030021121021112220311302230203031311123121213113211223232203303032033121312213220212322232230323
3000001000010110000200001030101010011102012020300210101100020201301101101201030021121021112220311302230203031311123121213113211223232203303032033121312213220212322232230330
3000001000010110000200001030101010011102012020300210101100020201301101101201030021121021112220311302230203031311123121213113211223232203303032033121312213220212322232230331
30000010000101100002000010301010100111020120203002101011000202013011011012010300211210211122203113022302030313111231212131132112232322033030320331213122132202123222322303323
30000010000101100002000010301010100111020120203002101011000202013011011012010300211210211122203113022302030313111231212131132112232322033030320331213122132202123222322303333
3000001000010110000200001030101010011102012020300210101100020201301101101201030021121021112220311302230203031311123121213113211223232203303032033121312213220213
30000010000101100002000010301010100111020120203002101011000202013011011012010300211210211122203113022302030313111231212131132112232322033030320331213122132203
300000100001011000020000103010101001110201202030021010110002020130110110120103002112102111222031130223020303131112312121311321122323220330303203313
30000010000101100002000010301010100111020120203002101011000202013011011012010300211210211122203113022302030313112
30000010000101100002000010301010100111020120203002101011000202013011011012010300211210211122203113022302030313113
30000010000101100002000010301010100111020120203002101011000202013011011012010300211210211122203113022303
3000001000010110000200001030101010011102012020300210101100020201301101102
3000001000010110000200001030101010011102012020300210101100020201301101103
3000001000010110000200001030101011
3000001000010110000200001030101012
3000001000010110000200001030101013
3000001001
3000001002
3000001003
