01171811511177196461282111615111141
01171811511177196461282111615111144271194
0117181151117719646128211161511114427119163157
0117181151117719646128211161511114427119163150919
01171811511177196461282111615111144271191631509189
01171811511177196461282111615111144271191631509181122
0117181151117719646128211161511114427119163150918119
011718115111771964612821116151111442711916315091811
0117181151117719646128211161511114427119163150111
01171811511177196461282111615111144271191631502
01171811511177196461282111615111144271191637
01171811511177196461282111615111144271191639
01171811511177196461282111615111144271191636
0117181151117719646128211161511112
0117181151117719646128211161511110
01171811510
01171811511
01171811513
