0001000100001020103000
000100010000102010300110200102011011201113020302112030
000100010000102010300110200102011011201113020302112031010200213020312110
000100010000102010300110200102011011201113020302112031010200213020312111
0001000100001020103001102001020110112011130203021120310102002130203121122212120
0001000100001020103001102001020110112011130203021120310102002130203121122212121312320301
0001000100001020103001102001020110112011130203021120310102002130203121122212121312320302112130
0001000100001020103001102001020110112011130203021120310102002130203121122212121312320302112131
0001000100001020103001102001020110112011130203021120310102002130203121122212121312320302112132300330
0001000100001020103001102001020110112011130203021120310102002130203121122212121312320302112132300331
0001000100001020103001102001020110112011130203021120310102002130203121122212121312320302112132300332
00010001000010201030011020010201101120111302030211203101020021302031211222121213123203021121323003332213322222233
000100010000102010300110200102011011201113020302112031010200213020312112221212131232030211213230033322133222223
000100010000102010300110200102011011201113020302112031010200213020312112221212131232030211213230033322133222231
000100010000102010300110200102011011201113020302112031010200213020312112221212131232030211213230033322133222232
000100010000102010300110200102011011201113020302112031010200213020312112221212131232030211213230033322133222233
00010001000010201030011020010201101120111302030211203101020021302031211222121213123203021121323003332213322231
00010001000010201030011020010201101120111302030211203101020021302031211222121213123203021121323003332213322232
00010001000010201030011020010201101120111302030211203101020021302031211222121213123203021121323003332213322233
00010001000010201030011020010201101120111302030211203101020021302031211222121213123203021121323003332213323
000100010000102010300110200102011011201113020302112031010200213020312112221212131232030211213230033322133302
000100010000102010300110200102011011201113020302112031010200213020312112221212131232030211213230033322133303
000100010000102010300110200102011011201113020302112031010200213020312112221212131232030211213230033322133311
000100010000102010300110200102011011201113020302112031010200213020312112221212131232030211213230033322133312
000100010000102010300110200102011011201113020302112031010200213020312112221212131232030211213230033322133313
000100010000102010300110200102011011201113020302112031010200213020312112221212131232030211213230033322133321033113
00010001000010201030011020010201101120111302030211203101020021302031211222121213123203021121323003332213332103312
00010001000010201030011020010201101120111302030211203101020021302031211222121213123203021121323003332213332103313
00010001000010201030011020010201101120111302030211203101020021302031211222121213123203021121323003332213332103320
00010001000010201030011020010201101120111302030211203101020021302031211222121213123203021121323003332213332103321
00010001000010201030011020010201101120111302030211203101020021302031211222121213123203021121323003332213332103322
00010001000010201030011020010201101120111302030211203101020021302031211222121213123203021121323003332213332103323
000100010000102010300110200102011011201113020302112031010200213020312112221212131232030211213230033322133321033302
000100010000102010300110200102011011201113020302112031010200213020312112221212131232030211213230033322133321033303
000100010000102010300110200102011011201113020302112031010200213020312112221212131232030211213230033322133321033312
000100010000102010300110200102011011201113020302112031010200213020312112221212131232030211213230033322133321033313
000100010000102010300110200102011011201113020302112031010200213020312112221212131232030211213230033322133321033322
000100010000102010300110200102011011201113020302112031010200213020312112221212131232030211213230033322133321033323
0001000100001020103001102001020110112011130203021120310102002130203121122212121312320302112132300333221333210333310
0001000100001020103001102001020110112011130203021120310102002130203121122212121312320302112132300333221333210333311
0001000100001020103001102001020110112011130203021120310102002130203121122212121312320302112132300333221333210333312
000100010000102010300110200102011011201113020302112031010200213020312112221212131232030211213230033322133321033331320
000100010000102010300110200102011011201113020302112031010200213020312112221212131232030211213230033322133321033331321
000100010000102010300110200102011011201113020302112031010200213020312112221212131232030211213230033322133321033331322
000100010000102010300110200102011011201113020302112031010200213020312112221212131232030211213230033322133321033331323
00010001000010201030011020010201101120111302030211203101020021302031211222121213123203021121323003332213332103333133013
0001000100001020103001102001020110112011130203021120310102002130203121122212121312320302112132300333221333210333313302
0001000100001020103001102001020110112011130203021120310102002130203121122212121312320302112132300333221333210333313303
000100010000102010300110200102011011201113020302112031010200213020312112221212131232030211213230033322133321033331331
000100010000102010300110200102011011201113020302112031010200213020312112221212131232030211213230033322133321033331332
000100010000102010300110200102011011201113020302112031010200213020312112221212131232030211213230033322133321033331333
000100010000102010300110200102011011201113020302112031010200213020312112221212131232030211213230033322133322
000100010000102010300110200102011011201113020302112031010200213020312112221212131232030211213230033322133323
000100010000102010300110200102011011201113020302112031010200213020312112221212131232030211213230033323
0001000100001020103001102001020110112011130203021120310102002130203121122212121312320303
000100010000102010300110200102011011201113020302112031010200213020313
00010001000010201030011020010201101120111302030211203101020021303
10000100010001101020200102011011201113020302112030
100001000100011010202001020110112011130203021120310003010200213020312110
100001000100011010202001020110112011130203021120310003010200213020312111
1000010001000110102020010201101120111302030211203100030102002130203121122212120
1000010001000110102020010201101120111302030211203100030102002130203121122212121312320301
1000010001000110102020010201101120111302030211203100030102002130203121122212121312320302112130
1000010001000110102020010201101120111302030211203100030102002130203121122212121312320302112131
1000010001000110102020010201101120111302030211203100030102002130203121122212121312320302112132300330
1000010001000110102020010201101120111302030211203100030102002130203121122212121312320302112132300331
1000010001000110102020010201101120111302030211203100030102002130203121122212121312320302112132300332
10000100010001101020200102011011201113020302112031000301020021302031211222121213123203021121323003332213322222233
100001000100011010202001020110112011130203021120310003010200213020312112221212131232030211213230033322133222223
100001000100011010202001020110112011130203021120310003010200213020312112221212131232030211213230033322133222231
100001000100011010202001020110112011130203021120310003010200213020312112221212131232030211213230033322133222232
100001000100011010202001020110112011130203021120310003010200213020312112221212131232030211213230033322133222233
10000100010001101020200102011011201113020302112031000301020021302031211222121213123203021121323003332213322231
10000100010001101020200102011011201113020302112031000301020021302031211222121213123203021121323003332213322232
10000100010001101020200102011011201113020302112031000301020021302031211222121213123203021121323003332213322233
10000100010001101020200102011011201113020302112031000301020021302031211222121213123203021121323003332213323
100001000100011010202001020110112011130203021120310003010200213020312112221212131232030211213230033322133301
100001000100011010202001020110112011130203021120310003010200213020312112221212131232030211213230033322133302
100001000100011010202001020110112011130203021120310003010200213020312112221212131232030211213230033322133303
100001000100011010202001020110112011130203021120310003010200213020312112221212131232030211213230033322133311
100001000100011010202001020110112011130203021120310003010200213020312112221212131232030211213230033322133312
100001000100011010202001020110112011130203021120310003010200213020312112221212131232030211213230033322133313
100001000100011010202001020110112011130203021120310003010200213020312112221212131232030211213230033322133321033113
10000100010001101020200102011011201113020302112031000301020021302031211222121213123203021121323003332213332103312
10000100010001101020200102011011201113020302112031000301020021302031211222121213123203021121323003332213332103313
10000100010001101020200102011011201113020302112031000301020021302031211222121213123203021121323003332213332103320
10000100010001101020200102011011201113020302112031000301020021302031211222121213123203021121323003332213332103321
10000100010001101020200102011011201113020302112031000301020021302031211222121213123203021121323003332213332103322
10000100010001101020200102011011201113020302112031000301020021302031211222121213123203021121323003332213332103323
100001000100011010202001020110112011130203021120310003010200213020312112221212131232030211213230033322133321033302
100001000100011010202001020110112011130203021120310003010200213020312112221212131232030211213230033322133321033303
100001000100011010202001020110112011130203021120310003010200213020312112221212131232030211213230033322133321033312
100001000100011010202001020110112011130203021120310003010200213020312112221212131232030211213230033322133321033313
100001000100011010202001020110112011130203021120310003010200213020312112221212131232030211213230033322133321033322
100001000100011010202001020110112011130203021120310003010200213020312112221212131232030211213230033322133321033323
1000010001000110102020010201101120111302030211203100030102002130203121122212121312320302112132300333221333210333310
1000010001000110102020010201101120111302030211203100030102002130203121122212121312320302112132300333221333210333311
1000010001000110102020010201101120111302030211203100030102002130203121122212121312320302112132300333221333210333312
100001000100011010202001020110112011130203021120310003010200213020312112221212131232030211213230033322133321033331320
100001000100011010202001020110112011130203021120310003010200213020312112221212131232030211213230033322133321033331321
100001000100011010202001020110112011130203021120310003010200213020312112221212131232030211213230033322133321033331322
100001000100011010202001020110112011130203021120310003010200213020312112221212131232030211213230033322133321033331323
10000100010001101020200102011011201113020302112031000301020021302031211222121213123203021121323003332213332103333133013
1000010001000110102020010201101120111302030211203100030102002130203121122212121312320302112132300333221333210333313302
1000010001000110102020010201101120111302030211203100030102002130203121122212121312320302112132300333221333210333313303
100001000100011010202001020110112011130203021120310003010200213020312112221212131232030211213230033322133321033331331
100001000100011010202001020110112011130203021120310003010200213020312112221212131232030211213230033322133321033331332
100001000100011010202001020110112011130203021120310003010200213020312112221212131232030211213230033322133321033331333
100001000100011010202001020110112011130203021120310003010200213020312112221212131232030211213230033322133322
100001000100011010202001020110112011130203021120310003010200213020312112221212131232030211213230033322133323
100001000100011010202001020110112011130203021120310003010200213020312112221212131232030211213230033323
1000010001000110102020010201101120111302030211203100030102002130203121122212121312320303
100001000100011010202001020110112011130203021120310003010200213020313
10000100010001101020200102011011201113020302112031000301020021303
300000100001010102011011101020200202030111202030211213121000301020032110
30000010000101010201101110102020020203011120203021121312100030102003211130
3000001000010101020110111010202002020301112020302112131210003010200321113120
3000001000010101020110111010202002020301112020302112131210003010200321113121220301312221
3000001000010101020110111010202002020301112020302112131210003010200321113121220301312222112130
3000001000010101020110111010202002020301112020302112131210003010200321113121220301312222112131
300000100001010102011011101020200202030111202030211213121000301020032111312122030131222211213230031
30000010000101010201101110102020020203011120203021121312100030102003211131212203013122221121323003212330
30000010000101010201101110102020020203011120203021121312100030102003211131212203013122221121323003212331
30000010000101010201101110102020020203011120203021121312100030102003211131212203013122221121323003212332
30000010000101010201101110102020020203011120203021121312100030102003211131212203013122221121323003212333322222233
300000100001010102011011101020200202030111202030211213121000301020032111312122030131222211213230032123333222223
300000100001010102011011101020200202030111202030211213121000301020032111312122030131222211213230032123333222232
300000100001010102011011101020200202030111202030211213121000301020032111312122030131222211213230032123333222233
300000100001010102011011101020200202030111202030211213121000301020032111312122030131222211213230032123333222313
30000010000101010201101110102020020203011120203021121312100030102003211131212203013122221121323003212333322232
30000010000101010201101110102020020203011120203021121312100030102003211131212203013122221121323003212333322233
30000010000101010201101110102020020203011120203021121312100030102003211131212203013122221121323003212333323
300000100001010102011011101020200202030111202030211213121000301020032111312122030131222211213230032123333301
300000100001010102011011101020200202030111202030211213121000301020032111312122030131222211213230032123333302
300000100001010102011011101020200202030111202030211213121000301020032111312122030131222211213230032123333303
300000100001010102011011101020200202030111202030211213121000301020032111312122030131222211213230032123333311
300000100001010102011011101020200202030111202030211213121000301020032111312122030131222211213230032123333312
300000100001010102011011101020200202030111202030211213121000301020032111312122030131222211213230032123333313
300000100001010102011011101020200202030111202030211213121000301020032111312122030131222211213230032123333321033113
30000010000101010201101110102020020203011120203021121312100030102003211131212203013122221121323003212333332103312
30000010000101010201101110102020020203011120203021121312100030102003211131212203013122221121323003212333332103313
30000010000101010201101110102020020203011120203021121312100030102003211131212203013122221121323003212333332103320
30000010000101010201101110102020020203011120203021121312100030102003211131212203013122221121323003212333332103321
30000010000101010201101110102020020203011120203021121312100030102003211131212203013122221121323003212333332103322
30000010000101010201101110102020020203011120203021121312100030102003211131212203013122221121323003212333332103323
300000100001010102011011101020200202030111202030211213121000301020032111312122030131222211213230032123333321033302
300000100001010102011011101020200202030111202030211213121000301020032111312122030131222211213230032123333321033303
300000100001010102011011101020200202030111202030211213121000301020032111312122030131222211213230032123333321033312
300000100001010102011011101020200202030111202030211213121000301020032111312122030131222211213230032123333321033313
300000100001010102011011101020200202030111202030211213121000301020032111312122030131222211213230032123333321033323
3000001000010101020110111010202002020301112020302112131210003010200321113121220301312222112132300321233333210333310
3000001000010101020110111010202002020301112020302112131210003010200321113121220301312222112132300321233333210333311
3000001000010101020110111010202002020301112020302112131210003010200321113121220301312222112132300321233333210333312
300000100001010102011011101020200202030111202030211213121000301020032111312122030131222211213230032123333321033331320
300000100001010102011011101020200202030111202030211213121000301020032111312122030131222211213230032123333321033331321
300000100001010102011011101020200202030111202030211213121000301020032111312122030131222211213230032123333321033331322
300000100001010102011011101020200202030111202030211213121000301020032111312122030131222211213230032123333321033331323
30000010000101010201101110102020020203011120203021121312100030102003211131212203013122221121323003212333332103333133013
3000001000010101020110111010202002020301112020302112131210003010200321113121220301312222112132300321233333210333313302
3000001000010101020110111010202002020301112020302112131210003010200321113121220301312222112132300321233333210333313303
300000100001010102011011101020200202030111202030211213121000301020032111312122030131222211213230032123333321033331331
300000100001010102011011101020200202030111202030211213121000301020032111312122030131222211213230032123333321033331332
300000100001010102011011101020200202030111202030211213121000301020032111312122030131222211213230032123333321033331333
300000100001010102011011101020200202030111202030211213121000301020032111312122030131222211213230032123333322
300000100001010102011011101020200202030111202030211213121000301020032111312122030131222211213230032123333323
3000001000010101020110111010202002020301112020302112131210003010200321113121220302
3000001000010101020110111010202002020301112020302112131210003010200321113121220303
300000100001010102011011101020200202030111202030211213121000301020032111312123
30000010000101010201101110102020020203011120203021121313
3000001000010101020110111010202003
200100010001000201101110102020010301112020302112130202221210003010200312110
20010001000100020110111010202001030111202030211213020222121000301020031211130
2001000100010002011011101020200103011120203021121302022212100030102003121113120
20010001000100020110111010202001030111202030211213020222121000301020031211131213123130
20010001000100020110111010202001030111202030211213020222121000301020031211131213123131
20010001000100020110111010202001030111202030211213020222121000301020031211131213123132300320301
200100010001000201101110102020010301112020302112130202221210003010200312111312131231323003203021121
20010001000100020110111010202001030111202030211213020222121000301020031211131213123132300320302112212
200100010001000201101110102020010301112020302112130202221210003010200312111312131231323003203021122132222230
200100010001000201101110102020010301112020302112130202221210003010200312111312131231323003203021122132222231
200100010001000201101110102020010301112020302112130202221210003010200312111312131231323003203021122132222232
200100010001000201101110102020010301112020302112130202221210003010200312111312131231323003203021122132222233322333
200100010001000201101110102020010301112020302112130202221210003010200312111312131231323003203021122132222233323
2001000100010002011011101020200103011120203021121302022212100030102003121113121312313230032030211221322222333301
2001000100010002011011101020200103011120203021121302022212100030102003121113121312313230032030211221322222333302
2001000100010002011011101020200103011120203021121302022212100030102003121113121312313230032030211221322222333303
2001000100010002011011101020200103011120203021121302022212100030102003121113121312313230032030211221322222333311
200100010001000201101110102020010301112020302112130202221210003010200312111312131231323003203021122132222233331231
200100010001000201101110102020010301112020302112130202221210003010200312111312131231323003203021122132222233331232
200100010001000201101110102020010301112020302112130202221210003010200312111312131231323003203021122132222233331233
2001000100010002011011101020200103011120203021121302022212100030102003121113121312313230032030211221322222333313
20010001000100020110111010202001030111202030211213020222121000301020031211131213123132300320302112213222223333210331132
20010001000100020110111010202001030111202030211213020222121000301020031211131213123132300320302112213222223333210331133
200100010001000201101110102020010301112020302112130202221210003010200312111312131231323003203021122132222233332103312
200100010001000201101110102020010301112020302112130202221210003010200312111312131231323003203021122132222233332103313
200100010001000201101110102020010301112020302112130202221210003010200312111312131231323003203021122132222233332103320
200100010001000201101110102020010301112020302112130202221210003010200312111312131231323003203021122132222233332103321
200100010001000201101110102020010301112020302112130202221210003010200312111312131231323003203021122132222233332103322
200100010001000201101110102020010301112020302112130202221210003010200312111312131231323003203021122132222233332103323
20010001000100020110111010202001030111202030211213020222121000301020031211131213123132300320302112213222223333210333023
2001000100010002011011101020200103011120203021121302022212100030102003121113121312313230032030211221322222333321033303
2001000100010002011011101020200103011120203021121302022212100030102003121113121312313230032030211221322222333321033312
2001000100010002011011101020200103011120203021121302022212100030102003121113121312313230032030211221322222333321033313
2001000100010002011011101020200103011120203021121302022212100030102003121113121312313230032030211221322222333321033322
2001000100010002011011101020200103011120203021121302022212100030102003121113121312313230032030211221322222333321033323
20010001000100020110111010202001030111202030211213020222121000301020031211131213123132300320302112213222223333210333310
20010001000100020110111010202001030111202030211213020222121000301020031211131213123132300320302112213222223333210333311
20010001000100020110111010202001030111202030211213020222121000301020031211131213123132300320302112213222223333210333312
2001000100010002011011101020200103011120203021121302022212100030102003121113121312313230032030211221322222333321033331320
2001000100010002011011101020200103011120203021121302022212100030102003121113121312313230032030211221322222333321033331321
2001000100010002011011101020200103011120203021121302022212100030102003121113121312313230032030211221322222333321033331322
2001000100010002011011101020200103011120203021121302022212100030102003121113121312313230032030211221322222333321033331323
200100010001000201101110102020010301112020302112130202221210003010200312111312131231323003203021122132222233332103333133013
20010001000100020110111010202001030111202030211213020222121000301020031211131213123132300320302112213222223333210333313302
20010001000100020110111010202001030111202030211213020222121000301020031211131213123132300320302112213222223333210333313303
2001000100010002011011101020200103011120203021121302022212100030102003121113121312313230032030211221322222333321033331331
2001000100010002011011101020200103011120203021121302022212100030102003121113121312313230032030211221322222333321033331332
2001000100010002011011101020200103011120203021121302022212100030102003121113121312313230032030211221322222333321033331333
2001000100010002011011101020200103011120203021121302022212100030102003121113121312313230032030211221322222333322
2001000100010002011011101020200103011120203021121302022212100030102003121113121312313230032030211221322222333323
2001000100010002011011101020200103011120203021121302022212100030102003121113121312313230032030211221323
20010001000100020110111010202001030111202030211213020222121000301020031211131213123132300320303
200100010001000201101110102020010301112020302112130202221210003010200313
2001000100010002011011101020200103011120203021121303
