0,3,0,10,7,9,9,0,9,6,3,4,6,9,11,4,7,0,4,11,8,5,0
0,3,0,10,7,9,9,0,9,6,3,4,6,9,11,4,7,0,4,11,8,5,8,0
0,3,0,10,7,9,9,0,9,6,3,4,6,9,11,4,7,0,4,11,8,5,8,3,10,10,11,8,9
0,3,0,10,7,9,9,0,9,6,3,4,6,9,11,4,7,0,4,11,8,5,8,3,10,10,11,0
0,3,0,10,7,9,9,0,9,6,3,4,6,9,11,4,7,0,4,11,8,5,8,3,8
0,3,0,10,7,9,9,0,9,6,3,4,6,9,11,4,7,0,4,11,8,5,1,3
0,3,0,10,7,9,9,0,9,6,3,4,6,9,11,4,7,0,4,11,8,5,1,10
0,3,0,10,7,9,9,0,9,6,3,4,6,9,11,4,7,0,4,11,8,5,1,8
0,3,0,10,7,9,9,0,9,6,3,4,6,9,11,4,7,0,4,11,8,5,1,6,3
0,3,0,10,7,9,9,0,9,6,3,4,6,9,11,4,7,0,4,11,8,5,1,6,2,7,11
0,3,0,10,7,9,9,0,9,6,3,4,6,9,11,4,7,0,4,11,8,5,1,6,2,7,5,1
0,3,0,10,7,9,9,0,9,6,3,4,6,9,11,4,7,0,4,11,8,5,1,6,2,6
0,3,0,10,7,9,9,0,9,6,3,4,6,9,11,4,7,0,4,11,8,5,1,6,2,8
0,3,0,10,7,9,9,0,9,6,3,4,6,9,11,4,7,0,4,11,8,5,1,6,2,2
0,3,0,10,7,9,9,0,9,6,3,4,6,9,11,4,7,0,4,7
