2000
21000
22
230
2010
2020
2030
2001
2002
2003
2110
2120
2130
21010
21020
21030
21001
21002
21003
231
232
233
2011
2012
2013
2021
2022
2023
2031
2032
2033
2111
2112
2113
2121
2122
2123
2131
2132
2133
21011
21012
21013
21021
21022
21023
21031
21032
21033
000
0100
020
030
001
002
003
0110
01200
0130
01010
01020
01030
021
022
023
031
032
033
0111
0112
0113
01210
01220
01230
01201
01202
01203
0131
0132
0133
01011
01012
01013
01021
01022
01023
01031
01032
01033
01211
01212
01213
01221
01222
01223
01231
01232
01233
100000
110
120
130
1010
1020
1030
1001
10020
10030
100010
100020
100030
100001
100002
100003
111
112
113
121
122
123
131
132
133
1011
1012
1013
1021
1022
1023
1031
1032
1033
10021
10022
10023
10031
10032
10033
100011
100012
100013
100021
100022
100023
100031
100032
100033
30000
310
3200
330
3010
3020
303
30010
30020
30030
30001
30002
30003
311
312
313
3210
3220
3230
3201
3202
3203
331
332
333
3011
3012
3013
3021
3022
3023
30011
30012
30013
30021
30022
30023
30031
30032
30033
3211
3212
3213
3221
3222
3223
3231
3232
3233
