00000
01000
020
0300
0010000
0020
00300
00010
00020
00030
00001
00002
00003
0110
01200
0130
01010
01020
010300
01001
01002
01003
021
022
023
0310
0320
0330
0301
0302
0303
001100
00120
00130
001010
001020
001030
0010010
00100200
0010030
0010001
0010002
0010003
0021
0022
0023
00310
00320
00330
00301
00302
00303
00011
00012
00013
00021
00022
00023
00031
00032
00033
0111
0112
0113
01210
01220
01230
01201
01202
01203
0131
0132
0133
01011
01012
01013
010210
0102200
010230
010310
010320
010330
010301
010302
010303
0311
0312
0313
0321
0322
0323
0331
0332
0333
001110
001120
001130
001101
001102
001103
00121
00122
00123
00131
00132
00133
001011
001012
001013
001021
001022
001023
001031
001032
001033
0010011
0010012
0010013
00100210
00100220
00100230
00100201
00100202
00100203
0010031
0010032
0010033
00311
00312
00313
00321
00322
00323
00331
00332
00333
01211
01212
01213
01221
01222
01223
01231
01232
01233
010211
010212
010213
0102210
0102220
0102230
0102201
0102202
0102203
010231
010232
010233
010311
010312
010313
010321
010322
010323
010331
010332
010333
001111
001112
001113
001121
001122
001123
001131
001132
001133
00100211
00100212
00100213
00100221
00100222
00100223
00100231
00100232
00100233
0102211
0102212
0102213
0102221
0102222
0102223
0102231
0102232
0102233
2000000
210
2200
23000
2010
202000
2030
200100
20020
200300
20001000
200020
2000300
2000010
2000020
2000030
2000001
2000002
2000003
211
212
213
2210
2220
2230
2201
2202
2203
2310
2320
2330
23010
23020
230300
23001
23002
23003
2011
2012
2013
20210
20220
20230
202010
20202
202030
202001
202002
202003
2031
2032
2033
200110
200120
200130
200101
200102
200103
20021
20022
20023
200310
200320
200330
200301
200302
200303
2000110
2000120
2000130
20001010
20001020
20001030
20001001
20001002
20001003
200021
200022
200023
2000310
2000320
2000330
2000301
2000302
2000303
2000011
2000012
2000013
2000021
2000022
2000023
2000031
2000032
2000033
2211
2212
2213
2221
2222
2223
2231
2232
2233
2311
2312
2313
2321
2322
2323
2331
2332
2333
23011
23012
23013
23021
23022
23023
230310
230320
230330
230301
230302
230303
20211
20212
20213
20221
20222
20223
20231
20232
20233
202011
202012
202013
202031
202032
202033
200111
200112
200113
200121
200122
200123
200131
200132
200133
200311
200312
200313
200321
200322
200323
200331
200332
200333
2000111
2000112
2000113
2000121
2000122
2000123
2000131
2000132
2000133
20001011
20001012
20001013
20001021
20001022
20001023
20001031
20001032
20001033
2000311
2000312
2000313
2000321
2000322
2000323
2000331
2000332
2000333
230311
230312
230313
230321
230322
230323
230331
230332
230333
10000
1100
1200000
130
101000
1020
1030
10010
10020
10030
10001
10002
10003
1110
1120
1130
1101
1102
1103
12100
1220
12300
120100
12020
12030
120010
1200200
120030
1200010
12000200
1200030
1200001
1200002
1200003
131
132
133
10110
10120
10130
101010
101020
101030
101001
101002
101003
1021
1022
1023
1031
1032
1033
10011
10012
10013
10021
10022
10023
10031
10032
10033
1111
1112
1113
1121
1122
1123
1131
1132
1133
1211
121200
12130
12101
12102
12103
1221
1222
1223
12310
12320
12330
12301
12302
12303
120110
120120
120130
120101
120102
120103
12021
12022
12023
12031
12032
12033
120011
120012
120013
1200210
1200220
1200230
1200201
1200202
1200203
120031
120032
120033
1200011
1200012
1200013
12000210
12000220
12000230
12000201
12000202
12000203
1200031
1200032
1200033
10111
10112
10113
10121
10122
10123
10131
10132
10133
101011
101012
101013
101021
101022
101023
101031
101032
101033
121210
121220
121230
121201
121202
121203
12131
12132
12133
12311
12312
12313
12321
12322
12323
12331
12332
12333
120111
120112
120113
120121
120122
120123
120131
120132
120133
1200211
1200212
1200213
1200221
1200222
1200223
1200231
1200232
1200233
12000211
12000212
12000213
12000221
12000222
12000223
12000231
12000232
12000233
121211
121212
121213
121221
121222
121223
121231
121232
121233
300000
310
32000
33
301000
3020
30300
3001000
30020
300300
300010
300020
300030
300001
300002
300003
311
312
313
3210
32200
32300
32010
320200
32030
32001
32002
32003
30110
30120
30130
301010
301020
3010300
301001
301002
301003
3021
3022
3023
30310
30320
30330
30301
30302
30303
300110
300120
300130
3001010
3001020
3001030
3001001
3001002
3001003
30021
30022
30023
300310
300320
300330
300301
300302
300303
300011
300012
300013
300021
300022
300023
300031
300032
300033
3211
3212
3213
32210
32220
32230
32201
32202
32203
32310
32320
32330
32301
32302
32303
32011
32012
32013
320210
320220
320230
320201
320202
320203
32031
32032
32033
30111
30112
30113
30121
30122
30123
30131
30132
30133
301011
301012
301013
301021
301022
301023
3010310
3010320
3010330
3010301
3010302
3010303
30311
30312
30313
30321
30322
30323
30331
30332
30333
300111
300112
300113
300121
300122
300123
300131
300132
300133
3001011
3001012
3001013
3001021
3001022
3001023
3001031
3001032
3001033
300311
300312
300313
300321
300322
300323
300331
300332
300333
32211
32212
32213
32221
32222
32223
32231
32232
32233
32311
32312
32313
32321
32322
32323
32331
32332
32333
320211
320212
320213
320221
320222
320223
320231
320232
320233
3010311
3010312
3010313
3010321
3010322
3010323
3010331
3010332
3010333
