0000000
01000000
020
030
0010
00200
0030
00010
00020000
00030
000010
000020
000030
0000010
00000200
0000030
0000001
0000002
0000003
0110
0120
0130
01010
01020
01030
010010
010020
010030
0100010
0100020
0100030
01000010
01000020
01000030
01000001
01000002
01000003
021
022
023
031
032
033
00110
00120
00130
00210
00220
00230
00201
00202
00203
0031
0032
0033
00011
00012
00013
000210
000220
000230
0002010
0002020
0002030
00020010
00020020
00020030
00020001
00020002
00020003
00031
00032
00033
000011
000012
000013
000021
000022
000023
000031
000032
000033
0000011
0000012
0000013
00000210
00000220
00000230
00000201
00000202
00000203
0000031
0000032
0000033
0111
0112
0113
0121
0122
0123
0131
0132
0133
01011
01012
01013
01021
01022
01023
01031
01032
01033
010011
010012
010013
010021
010022
010023
010031
010032
010033
0100011
0100012
0100013
0100021
0100022
0100023
0100031
0100032
0100033
01000011
01000012
01000013
01000021
01000022
01000023
01000031
01000032
01000033
00111
00112
00113
00121
00122
00123
00131
00132
00133
00211
00212
00213
00221
00222
00223
00231
00232
00233
000211
000212
000213
000221
000222
000223
000231
000232
000233
0002011
0002012
0002013
0002021
0002022
0002023
0002031
0002032
0002033
00020011
00020012
00020013
00020021
00020022
00020023
00020031
00020032
00020033
00000211
00000212
00000213
00000221
00000222
00000223
00000231
00000232
00000233
200000
21000
2200
230000
20100
2020000
2030
20010
20020
20030
200010
2000200
200030
200001
200002
200003
21100
212
2130
21010
21020
21030
21001
21002
21003
2210
2220
2230
2201
2202
2203
2310
2320
2330
23010
23020
23030
230010
230020
230030
230001
230002
230003
20110
20120
20130
20101
20102
20103
20210
20220
20230
202010
202020
202030
2020010
2020020
2020030
2020001
2020002
2020003
2031
2032
2033
20011
20012
20013
20021
20022
20023
20031
20032
20033
200011
200012
200013
2000210
2000220
2000230
2000201
2000202
2000203
200031
200032
200033
21110
21120
21130
21101
21102
21103
2131
2132
2133
21011
21012
21013
21021
21022
21023
21031
21032
21033
2211
2212
2213
2221
2222
2223
2231
2232
2233
2311
2312
2313
2321
2322
2323
2331
2332
2333
23011
23012
23013
23021
23022
23023
23031
23032
23033
230011
230012
230013
230021
230022
230023
230031
230032
230033
20111
20112
20113
20121
20122
20123
20131
20132
20133
20211
20212
20213
20221
20222
20223
20231
20232
20233
202011
202012
202013
202021
202022
202023
202031
202032
202033
2020011
2020012
2020013
2020021
2020022
2020023
2020031
2020032
2020033
2000211
2000212
2000213
2000221
2000222
2000223
2000231
2000232
2000233
21111
21112
21113
21121
21122
21123
21131
21132
21133
100000000000
110
120000
130
1010
10200
1030
10010
10020
100300
100010
100020
100030
1000010
1000020
1000030
10000010
10000020
10000030
1000000100
100000020
100000030
1000000010
1000000020
1000000030
10000000010
10000000020
10000000030
100000000010
100000000020
100000000030
100000000001
100000000002
100000000003
111
112
113
1210
1220
1230
12010
12020
12030
120010
120020
120030
120001
120002
120003
131
132
133
1011
1012
1013
10210
10220
10230
10201
10202
10203
1031
1032
1033
10011
10012
10013
10021
10022
10023
100310
100320
100330
100301
100302
100303
100011
100012
100013
100021
100022
100023
100031
100032
100033
1000011
1000012
1000013
1000021
1000022
1000023
1000031
1000032
1000033
10000011
10000012
10000013
10000021
10000022
10000023
10000031
10000032
10000033
100000011
1000000120
1000000130
1000000101
1000000102
1000000103
100000021
100000022
100000023
100000031
100000032
100000033
1000000011
1000000012
1000000013
1000000021
1000000022
1000000023
1000000031
1000000032
1000000033
10000000011
10000000012
10000000013
10000000021
10000000022
10000000023
10000000031
10000000032
10000000033
100000000011
100000000012
100000000013
100000000021
100000000022
100000000023
100000000031
100000000032
100000000033
1211
1212
1213
1221
1222
1223
1231
1232
1233
12011
12012
12013
12021
12022
12023
12031
12032
12033
120011
120012
120013
120021
120022
120023
120031
120032
120033
10211
10212
10213
10221
10222
10223
10231
10232
10233
100311
100312
100313
100321
100322
100323
100331
100332
100333
1000000121
1000000122
1000000123
1000000131
1000000132
1000000133
30000000000
310
3200
330
30100
3020000
30300
30010
30020
30030
300010
300020
300030
3000010
3000020
3000030
300000100
30000020
30000030
300000010
300000020
300000030
3000000010
3000000020
3000000030
30000000010
30000000020
30000000030
30000000001
30000000002
30000000003
311
312
313
3210
3220
3230
3201
3202
3203
331
332
333
30110
30120
30130
30101
30102
30103
30210
30220
30230
302010
302020
302030
3020010
3020020
3020030
3020001
3020002
3020003
30310
30320
30330
30301
30302
30303
30011
30012
30013
30021
30022
30023
30031
30032
30033
300011
300012
300013
300021
300022
300023
300031
300032
300033
3000011
3000012
3000013
3000021
3000022
3000023
3000031
3000032
3000033
300000110
300000120
30000013
300000101
300000102
300000103
30000021
30000022
30000023
30000031
30000032
30000033
300000011
300000012
300000013
300000021
300000022
300000023
300000031
300000032
300000033
3000000011
3000000012
3000000013
3000000021
3000000022
3000000023
3000000031
3000000032
3000000033
30000000011
30000000012
30000000013
30000000021
30000000022
30000000023
30000000031
30000000032
30000000033
3211
3212
3213
3221
3222
3223
3231
3232
3233
30111
30112
30113
30121
30122
30123
30131
30132
30133
30211
30212
30213
30221
30222
30223
30231
30232
30233
302011
302012
302013
302021
302022
302023
302031
302032
302033
3020011
3020012
3020013
3020021
3020022
3020023
3020031
3020032
3020033
30311
30312
30313
30321
30322
30323
30331
30332
30333
300000111
300000112
300000113
300000121
300000122
300000123
