0010000001001002010020301010
0010000001001002010020301011110200202030
00100000010010020100203010111102002020311012030121301
001000000100100201002030101111020020203110120301213021101131110221
0010000001001002010020301011110200202031101203012130211011311102221120
00100000010010020100203010111102002020311012030121302110113111022211212022230323123213030
00100000010010020100203010111102002020311012030121302110113111022211212022230323123213031
0010000001001002010020301011110200202031101203012130211011311102221121202223032312321303230
0010000001001002010020301011110200202031101203012130211011311102221121202223032312321303231
0010000001001002010020301011110200202031101203012130211011311102221121202223032312321303232
00100000010010020100203010111102002020311012030121302110113111022211212022230323123213032333
0010000001001002010020301011110200202031101203012130211011311102221121202223032312321303312
0010000001001002010020301011110200202031101203012130211011311102221121202223032312321303313203303
0010000001001002010020301011110200202031101203012130211011311102221121202223032312321303313203313
001000000100100201002030101111020020203110120301213021101131110222112120222303231232130331320332
001000000100100201002030101111020020203110120301213021101131110222112120222303231232130331320333
00100000010010020100203010111102002020311012030121302110113111022211212022230323123213033132122
0010000001001002010020301011110200202031101203012130211011311102221121202223032312321303313212331
001000000100100201002030101111020020203110120301213021101131110222112120222303231232130331321233220
001000000100100201002030101111020020203110120301213021101131110222112120222303231232130331321233221
001000000100100201002030101111020020203110120301213021101131110222112120222303231232130331321233222
001000000100100201002030101111020020203110120301213021101131110222112120222303231232130331321233223
00100000010010020100203010111102002020311012030121302110113111022211212022230323123213033132123323021
00100000010010020100203010111102002020311012030121302110113111022211212022230323123213033132123323022
00100000010010020100203010111102002020311012030121302110113111022211212022230323123213033132123323023
0010000001001002010020301011110200202031101203012130211011311102221121202223032312321303313212332303
00100000010010020100203010111102002020311012030121302110113111022211212022230323123213033132123323112133
001000000100100201002030101111020020203110120301213021101131110222112120222303231232130331321233231122
0010000001001002010020301011110200202031101203012130211011311102221121202223032312321303313212332311232
001000000100100201002030101111020020203110120301213021101131110222112120222303231232130331321233231123312
001000000100100201002030101111020020203110120301213021101131110222112120222303231232130331321233231123313
00100000010010020100203010111102002020311012030121302110113111022211212022230323123213033132123323112332
00100000010010020100203010111102002020311012030121302110113111022211212022230323123213033132123323112333
00100000010010020100203010111102002020311012030121302110113111022211212022230323123213033132123323113
0010000001001002010020301011110200202031101203012130211011311102221121202223032313
001000000100100201002030101111020020203110120301213021101132
001000000100100201002030101111020020203110120301213021101133
00100000010010020100203010111102002020311012030122
00100000010010020100203010111102002020311012030123
00100000010010020100203010111103
001000000100100201002030101112
001000000100100201002030101113
001000000100100201002030102
001000000100100201002030103
100000010010001101020301100
100000010010001101020301101202011020030
1000000100100011010203011012020110200311012021301
100000010010001101020301101202011020031101202130211012102213022031111212030323122230
100000010010001101020301101202011020031101202130211012102213022031111212030323122231
100000010010001101020301101202011020031101202130211012102213022031111212030323122232
1000000100100011010203011012020110200311012021302110121022130220311112120303231222333
100000010010001101020301101202011020031101202130211012102213022031111212030323122311
100000010010001101020301101202011020031101202130211012102213022031111212030323122312
10000001001000110102030110120201102003110120213021101210221302203111121203032312231320
10000001001000110102030110120201102003110120213021101210221302203111121203032312231321213020
10000001001000110102030110120201102003110120213021101210221302203111121203032312231321213021
10000001001000110102030110120201102003110120213021101210221302203111121203032312231321213022
1000000100100011010203011012020110200311012021302110121022130220311112120303231223132121302322
100000010010001101020301101202011020031101202130211012102213022031111212030323122313212130232331
10000001001000110102030110120201102003110120213021101210221302203111121203032312231321213023233220
10000001001000110102030110120201102003110120213021101210221302203111121203032312231321213023233221
10000001001000110102030110120201102003110120213021101210221302203111121203032312231321213023233222
10000001001000110102030110120201102003110120213021101210221302203111121203032312231321213023233223
100000010010001101020301101202011020031101202130211012102213022031111212030323122313212130232332302
1000000100100011010203011012020110200311012021302110121022130220311112120303231223132121302323323030
1000000100100011010203011012020110200311012021302110121022130220311112120303231223132121302323323031
1000000100100011010203011012020110200311012021302110121022130220311112120303231223132121302323323032
1000000100100011010203011012020110200311012021302110121022130220311112120303231223132121302323323033303
1000000100100011010203011012020110200311012021302110121022130220311112120303231223132121302323323033313
1000000100100011010203011012020110200311012021302110121022130220311112120303231223132121302323323033323
100000010010001101020301101202011020031101202130211012102213022031111212030323122313212130232332303333
1000000100100011010203011012020110200311012021302110121022130220311112120303231223132121302323323112133
10000001001000110102030110120201102003110120213021101210221302203111121203032312231321213023233231122
100000010010001101020301101202011020031101202130211012102213022031111212030323122313212130232332311232
10000001001000110102030110120201102003110120213021101210221302203111121203032312231321213023233231123313
1000000100100011010203011012020110200311012021302110121022130220311112120303231223132121302323323112332
1000000100100011010203011012020110200311012021302110121022130220311112120303231223132121302323323112333
1000000100100011010203011012020110200311012021302110121022130220311112120303231223132121302323323113
1000000100100011010203011012020110200311012021302110121022130220311112120303231223132121303
10000001001000110102030110120201102003110120213021101210221302203111121203032313
100000010010001101020301101202011020031101202130211012102213022032
100000010010001101020301101202011020031101202130211012102213022033
1000000100100011010203011012020110200311012022
1000000100100011010203011012020110200311012023
10000001001000110102030110120201103
100000010010001101020301101202012
100000010010001101020301101202013
100000010010001102
100000010010001103
300000010010001020301010
300000010010001020301011100
300000010010001020301011101202011020030
3000000100100010203010111012020110200311012021301
30000001001000102030101110120201102003110120213021101130210221
30000001001000102030101110120201102003110120213021101130210222203111121203032312231230
30000001001000102030101110120201102003110120213021101130210222203111121203032312231231
30000001001000102030101110120201102003110120213021101130210222203111121203032312231232
300000010010001020301011101202011020031101202130211011302102222031111212030323122312333
30000001001000102030101110120201102003110120213021101130210222203111121203032312231320
30000001001000102030101110120201102003110120213021101130210222203111121203032312231321213020
30000001001000102030101110120201102003110120213021101130210222203111121203032312231321213021
30000001001000102030101110120201102003110120213021101130210222203111121203032312231321213022
3000000100100010203010111012020110200311012021302110113021022220311112120303231223132121302322
300000010010001020301011101202011020031101202130211011302102222031111212030323122313212130232331
30000001001000102030101110120201102003110120213021101130210222203111121203032312231321213023233220
30000001001000102030101110120201102003110120213021101130210222203111121203032312231321213023233221
30000001001000102030101110120201102003110120213021101130210222203111121203032312231321213023233222
30000001001000102030101110120201102003110120213021101130210222203111121203032312231321213023233223
300000010010001020301011101202011020031101202130211011302102222031111212030323122313212130232332302
3000000100100010203010111012020110200311012021302110113021022220311112120303231223132121302323323031
3000000100100010203010111012020110200311012021302110113021022220311112120303231223132121302323323032
3000000100100010203010111012020110200311012021302110113021022220311112120303231223132121302323323033303
3000000100100010203010111012020110200311012021302110113021022220311112120303231223132121302323323033313
3000000100100010203010111012020110200311012021302110113021022220311112120303231223132121302323323033323
300000010010001020301011101202011020031101202130211011302102222031111212030323122313212130232332303333
3000000100100010203010111012020110200311012021302110113021022220311112120303231223132121302323323112133
30000001001000102030101110120201102003110120213021101130210222203111121203032312231321213023233231122
300000010010001020301011101202011020031101202130211011302102222031111212030323122313212130232332311232
30000001001000102030101110120201102003110120213021101130210222203111121203032312231321213023233231123312
30000001001000102030101110120201102003110120213021101130210222203111121203032312231321213023233231123313
3000000100100010203010111012020110200311012021302110113021022220311112120303231223132121302323323112332
3000000100100010203010111012020110200311012021302110113021022220311112120303231223132121302323323112333
3000000100100010203010111012020110200311012021302110113021022220311112120303231223132121302323323113
3000000100100010203010111012020110200311012021302110113021022220311112120303231223132121303
30000001001000102030101110120201102003110120213021101130210222203111121203032313
300000010010001020301011101202011020031101202130211011302102222032
300000010010001020301011101202011020031101202130211011302102222033
3000000100100010203010111012020110200311012022
3000000100100010203010111012020110200311012023
30000001001000102030101110120201103
300000010010001020301011101202012
300000010010001020301011101202013
30000001001000102030102
30000001001000102030103
200000100010010001020301010
200000100010010001020301011110200202030
2000001000100100010203010111102002020311012030121301
20000010001001000102030101111020020203110120301213021101131110221
200000100010010001020301011110200202031101203012130211011311102221120
2000001000100100010203010111102002020311012030121302110113111022211212022230323123213021
2000001000100100010203010111102002020311012030121302110113111022211212022230323123213022
200000100010010001020301011110200202031101203012130211011311102221121202223032312321302331230
200000100010010001020301011110200202031101203012130211011311102221121202223032312321302331231
200000100010010001020301011110200202031101203012130211011311102221121202223032312321302331232
2000001000100100010203010111102002020311012030121302110113111022211212022230323123213023312333
20000010001001000102030101111020020203110120301213021101131110222112120222303231232130233131
2000001000100100010203010111102002020311012030121302110113111022211212022230323123213023313203303
2000001000100100010203010111102002020311012030121302110113111022211212022230323123213023313203313
200000100010010001020301011110200202031101203012130211011311102221121202223032312321302331320332
200000100010010001020301011110200202031101203012130211011311102221121202223032312321302331320333
20000010001001000102030101111020020203110120301213021101131110222112120222303231232130233132122
20000010001001000102030101111020020203110120301213021101131110222112120222303231232130233132123
2000001000100100010203010111102002020311012030121302110113111022211212022230323123213023313213220
2000001000100100010203010111102002020311012030121302110113111022211212022230323123213023313213221
2000001000100100010203010111102002020311012030121302110113111022211212022230323123213023313213222
2000001000100100010203010111102002020311012030121302110113111022211212022230323123213023313213223
20000010001001000102030101111020020203110120301213021101131110222112120222303231232130233132132302
200000100010010001020301011110200202031101203012130211011311102221121202223032312321302331321323030
200000100010010001020301011110200202031101203012130211011311102221121202223032312321302331321323031
200000100010010001020301011110200202031101203012130211011311102221121202223032312321302331321323032
200000100010010001020301011110200202031101203012130211011311102221121202223032312321302331321323033
2000001000100100010203010111102002020311012030121302110113111022211212022230323123213023313213231121
2000001000100100010203010111102002020311012030121302110113111022211212022230323123213023313213231122
20000010001001000102030101111020020203110120301213021101131110222112120222303231232130233132132311232
2000001000100100010203010111102002020311012030121302110113111022211212022230323123213023313213231123312
2000001000100100010203010111102002020311012030121302110113111022211212022230323123213023313213231123313
200000100010010001020301011110200202031101203012130211011311102221121202223032312321302331321323112332
200000100010010001020301011110200202031101203012130211011311102221121202223032312321302331321323112333
200000100010010001020301011110200202031101203012130211011311102221121202223032312321302331321323113
20000010001001000102030101111020020203110120301213021101131110222112120222303231232130233132133
200000100010010001020301011110200202031101203012130211011311102221121202223032312321303
200000100010010001020301011110200202031101203012130211011311102221121202223032313
20000010001001000102030101111020020203110120301213021101132
20000010001001000102030101111020020203110120301213021101133
2000001000100100010203010111102002020311012030122
2000001000100100010203010111102002020311012030123
2000001000100100010203010111103
20000010001001000102030101112
20000010001001000102030101113
20000010001001000102030102
20000010001001000102030103
