100000100110011010202001110301120
10000010011001101020200111030112120213020
10000010011001101020200111030112120213021
100000100110011010202001110301121202130222300310
10000010011001101020200111030112120213022230031121311
10000010011001101020200111030112120213022230031121312
1000001001100110102020011103011212021302223003112131320
1000001001100110102020011103011212021302223003112131321
1000001001100110102020011103011212021302223003112131322
100000100110011010202001110301121202130222300311213132330201
100000100110011010202001110301121202130222300311213132330202122
100000100110011010202001110301121202130222300311213132330202123123
100000100110011010202001110301121202130222300311213132330202123130303131
1000001001100110102020011103011212021302223003112131323302021231303031322
1000001001100110102020011103011212021302223003112131323302021231303031323
1000001001100110102020011103011212021302223003112131323302021231303031330
1000001001100110102020011103011212021302223003112131323302021231303031331
1000001001100110102020011103011212021302223003112131323302021231303031332
1000001001100110102020011103011212021302223003112131323302021231303031333210
1000001001100110102020011103011212021302223003112131323302021231303031333211
1000001001100110102020011103011212021302223003112131323302021231303031333212
100000100110011010202001110301121202130222300311213132330202123130303133321331
100000100110011010202001110301121202130222300311213132330202123130303133321332
100000100110011010202001110301121202130222300311213132330202123130303133321333
10000010011001101020200111030112120213022230031121313233020212313030313332203
10000010011001101020200111030112120213022230031121313233020212313030313332213
10000010011001101020200111030112120213022230031121313233020212313030313332222
10000010011001101020200111030112120213022230031121313233020212313030313332223
10000010011001101020200111030112120213022230031121313233020212313030313332232
10000010011001101020200111030112120213022230031121313233020212313030313332233
1000001001100110102020011103011212021302223003112131323302021231303031333230
1000001001100110102020011103011212021302223003112131323302021231303031333231
1000001001100110102020011103011212021302223003112131323302021231303031333232
1000001001100110102020011103011212021302223003112131323302021231303031333233
1000001001100110102020011103011212021302223003112131323302021231303032
1000001001100110102020011103011212021302223003112131323302021231303033
1000001001100110102020011103011212021302223003112131323303
1000001001100110102020011103012
1000001001100110102020011103013
10000010011001101020201
10000010011001101020202
10000010011001101020203
10000010011002
10000010011003
0000100100101100110202002120300
0000100100101100110202002120301110301120
00001001001011001102020021203011103011213020
00001001001011001102020021203011103011213021
000010010010110011020200212030111030112130222310
00001001001011001102020021203011103011213022231121311
00001001001011001102020021203011103011213022231121312
0000100100101100110202002120301110301121302223112131320
0000100100101100110202002120301110301121302223112131321
0000100100101100110202002120301110301121302223112131322
000010010010110011020200212030111030112130222311213132330202122
000010010010110011020200212030111030112130222311213132330202123123
000010010010110011020200212030111030112130222311213132330202123130303131
0000100100101100110202002120301110301121302223112131323302021231303031322
0000100100101100110202002120301110301121302223112131323302021231303031323
0000100100101100110202002120301110301121302223112131323302021231303031330
0000100100101100110202002120301110301121302223112131323302021231303031331
0000100100101100110202002120301110301121302223112131323302021231303031332
0000100100101100110202002120301110301121302223112131323302021231303031333210
0000100100101100110202002120301110301121302223112131323302021231303031333211
0000100100101100110202002120301110301121302223112131323302021231303031333212
000010010010110011020200212030111030112130222311213132330202123130303133321331
000010010010110011020200212030111030112130222311213132330202123130303133321332
000010010010110011020200212030111030112130222311213132330202123130303133321333
00001001001011001102020021203011103011213022231121313233020212313030313332203
00001001001011001102020021203011103011213022231121313233020212313030313332213
00001001001011001102020021203011103011213022231121313233020212313030313332222
00001001001011001102020021203011103011213022231121313233020212313030313332223
00001001001011001102020021203011103011213022231121313233020212313030313332232
00001001001011001102020021203011103011213022231121313233020212313030313332233
0000100100101100110202002120301110301121302223112131323302021231303031333230
0000100100101100110202002120301110301121302223112131323302021231303031333231
0000100100101100110202002120301110301121302223112131323302021231303031333232
0000100100101100110202002120301110301121302223112131323302021231303031333233
0000100100101100110202002120301110301121302223112131323302021231303032
0000100100101100110202002120301110301121302223112131323302021231303033
0000100100101100110202002120301110301121302223112131323303
00001001001011001102020021203011103012
00001001001011001102020021203011103013
000010010010110011020201
000010010010110011020202
000010010010110011020203
00001001001011002
00001001001011003
300000010010110102020011011103020
300000010010110102020011011103021202130300301120
300000010010110102020011011103021202130300301121
3000000100101101020200110111030212021303003011222310
300000010010110102020011011103021202130300301122231121311
300000010010110102020011011103021202130300301122231121312
30000001001011010202001101110302120213030030112223112131320
30000001001011010202001101110302120213030030112223112131321
30000001001011010202001101110302120213030030112223112131322
3000000100101101020200110111030212021303003011222311213132330202122
3000000100101101020200110111030212021303003011222311213132330202123122
3000000100101101020200110111030212021303003011222311213132330202123123
300000010010110102020011011103021202130300301122231121313233020212313131
3000000100101101020200110111030212021303003011222311213132330202123131323
30000001001011010202001101110302120213030030112223112131323302021231313303
3000000100101101020200110111030212021303003011222311213132330202123131331
3000000100101101020200110111030212021303003011222311213132330202123131332
3000000100101101020200110111030212021303003011222311213132330202123131333210
3000000100101101020200110111030212021303003011222311213132330202123131333211
3000000100101101020200110111030212021303003011222311213132330202123131333212
300000010010110102020011011103021202130300301122231121313233020212313133321331
300000010010110102020011011103021202130300301122231121313233020212313133321332
300000010010110102020011011103021202130300301122231121313233020212313133321333
30000001001011010202001101110302120213030030112223112131323302021231313332203
30000001001011010202001101110302120213030030112223112131323302021231313332213
30000001001011010202001101110302120213030030112223112131323302021231313332222
30000001001011010202001101110302120213030030112223112131323302021231313332223
30000001001011010202001101110302120213030030112223112131323302021231313332232
30000001001011010202001101110302120213030030112223112131323302021231313332233
3000000100101101020200110111030212021303003011222311213132330202123131333230
3000000100101101020200110111030212021303003011222311213132330202123131333231
3000000100101101020200110111030212021303003011222311213132330202123131333232
3000000100101101020200110111030212021303003011222311213132330202123131333233
3000000100101101020200110111030212021303003011222311213132330202123132
3000000100101101020200110111030212021303003011222311213132330202123133
30000001001011010202001101110302120213030030112223112131323303
300000010010110102020011012
300000010010110102020011013
3000000100101101020201
3000000100101101020202
3000000100101101020203
3000000100102
3000000100103
200000100100101100110202002120301110301120
2000001001001011001102020021203011103011213020
2000001001001011001102020021203011103011213021
20000010010010110011020200212030111030112130222310
2000001001001011001102020021203011103011213022231121311
2000001001001011001102020021203011103011213022231121312
200000100100101100110202002120301110301121302223112131320
200000100100101100110202002120301110301121302223112131321
200000100100101100110202002120301110301121302223112131322
200000100100101100110202002120301110301121302223112131323302122
200000100100101100110202002120301110301121302223112131323302123123
2000001001001011001102020021203011103011213022231121313233021231302
200000100100101100110202002120301110301121302223112131323302123130303131
2000001001001011001102020021203011103011213022231121313233021231303031322
2000001001001011001102020021203011103011213022231121313233021231303031323
2000001001001011001102020021203011103011213022231121313233021231303031330
2000001001001011001102020021203011103011213022231121313233021231303031331
2000001001001011001102020021203011103011213022231121313233021231303031332
2000001001001011001102020021203011103011213022231121313233021231303031333210
2000001001001011001102020021203011103011213022231121313233021231303031333211
2000001001001011001102020021203011103011213022231121313233021231303031333212
200000100100101100110202002120301110301121302223112131323302123130303133321331
200000100100101100110202002120301110301121302223112131323302123130303133321332
200000100100101100110202002120301110301121302223112131323302123130303133321333
20000010010010110011020200212030111030112130222311213132330212313030313332203
20000010010010110011020200212030111030112130222311213132330212313030313332213
20000010010010110011020200212030111030112130222311213132330212313030313332222
20000010010010110011020200212030111030112130222311213132330212313030313332223
20000010010010110011020200212030111030112130222311213132330212313030313332232
20000010010010110011020200212030111030112130222311213132330212313030313332233
2000001001001011001102020021203011103011213022231121313233021231303031333230
2000001001001011001102020021203011103011213022231121313233021231303031333231
2000001001001011001102020021203011103011213022231121313233021231303031333232
2000001001001011001102020021203011103011213022231121313233021231303031333233
2000001001001011001102020021203011103011213022231121313233021231303032
2000001001001011001102020021203011103011213022231121313233021231303033
200000100100101100110202002120301110301121302223112131323303
2000001001001011001102020021203011103012
2000001001001011001102020021203011103013
20000010010010110011020201
20000010010010110011020202
20000010010010110011020203
2000001001001011002
2000001001001011003
