0000000000
010
0200
030
0010000
0020
0030
00010
00020
00030
000010
000020
000030
0000010
0000020
0000030
00000010
00000020
00000030
000000010
0000000200
000000030
0000000010
0000000020
00000000300
0000000001
0000000002
0000000003
011
012
013
0210
0220
0230
0201
0202
0203
031
032
033
00110
00120
001300
001010
001020
001030
0010010
0010020
0010030
0010001
0010002
0010003
0021
0022
0023
0031
0032
0033
00011
00012
00013
00021
00022
00023
000310
000320
000330
000011
000012
000013
000021
000022
000023
000031
000032
000033
0000011
0000012
0000013
0000021
0000022
0000023
0000031
0000032
0000033
00000011
00000012
00000013
00000021
00000022
00000023
00000031
00000032
00000033
000000011
000000012
000000013
0000000210
0000000220
0000000230
0000000201
0000000202
0000000203
000000031
000000032
000000033
0000000011
0000000012
0000000013
0000000021
0000000022
0000000023
00000000310
00000000320
00000000330
00000000301
00000000302
00000000303
0211
0212
0213
0221
0222
0223
0231
0232
0233
00111
00112
00113
00121
00122
00123
001310
001320
001330
001301
001302
001303
001011
001012
001013
001021
001022
001023
001031
001032
001033
0010011
0010012
0010013
0010021
0010022
0010023
0010031
0010032
0010033
000311
000312
000313
000321
000322
000323
000331
000332
000333
0000000211
0000000212
0000000213
0000000221
0000000222
0000000223
0000000231
0000000232
0000000233
00000000311
00000000312
00000000313
00000000321
00000000322
00000000323
00000000331
00000000332
00000000333
001311
001312
001313
001321
001322
001323
001331
001332
001333
200000000
210000
2200
2300
2010
2020
2030
20010
20020
20030
200010
200020
200030
2000010
20000200
2000030
20000010
20000020
200000300
200000010
200000020
200000030
200000001
200000002
200000003
2110
2120
21300
21010
21020
210300
210010
210020
210030
210001
210002
210003
2210
2220
2230
2201
2202
2203
2310
232
2330
2301
2302
2303
2011
2012
2013
2021
2022
2023
2031
2032
2033
20011
20012
20013
20021
20022
20023
20031
20032
20033
200011
200012
200013
200021
200022
200023
200031
200032
200033
2000011
2000012
2000013
20000210
20000220
20000230
20000201
20000202
20000203
2000031
2000032
2000033
20000011
20000012
20000013
20000021
20000022
20000023
200000310
200000320
200000330
200000301
200000302
200000303
200000011
200000012
200000013
200000021
200000022
200000023
200000031
200000032
200000033
2111
2112
2113
2121
2122
2123
21310
21320
21330
21301
21302
21303
21011
21012
21013
21021
21022
21023
210310
210320
210330
210301
210302
210303
210011
210012
210013
210021
210022
210023
210031
210032
210033
2211
2212
2213
2221
2222
2223
2231
2232
2233
2311
2312
2313
2331
2332
2333
20000211
20000212
20000213
20000221
20000222
20000223
20000231
20000232
20000233
200000311
200000312
200000313
200000321
200000322
200000323
200000331
200000332
200000333
21311
21312
21313
21321
21322
21323
21331
21332
21333
210311
210312
210313
210321
210322
210323
210331
210332
210333
1000000000
110
120
1300
1010000
1020
10300
10010
10020
10030
100010
100020
100030
1000010
1000020
1000030
10000010
100000200
10000030
100000010
100000020
1000000300
1000000010
1000000020
1000000030
1000000001
1000000002
1000000003
111
112
113
121
122
123
1310
1320
1330
1301
1302
1303
10110
10120
101300
101010
101020
101030
1010010
1010020
1010030
1010001
1010002
1010003
1021
1022
1023
1031
10320
10330
10301
10302
10303
10011
10012
10013
10021
10022
10023
10031
10032
10033
100011
100012
100013
100021
100022
100023
100031
100032
100033
1000011
1000012
1000013
1000021
1000022
1000023
1000031
1000032
1000033
10000011
10000012
10000013
100000210
100000220
100000230
100000201
100000202
100000203
10000031
10000032
10000033
100000011
100000012
100000013
100000021
100000022
100000023
1000000310
1000000320
1000000330
1000000301
1000000302
1000000303
1000000011
1000000012
1000000013
1000000021
1000000022
1000000023
1000000031
1000000032
1000000033
1311
1312
1313
1321
1322
1323
1331
1332
1333
10111
10112
10113
10121
10122
10123
101310
101320
101330
101301
101302
101303
101011
101012
101013
101021
101022
101023
101031
101032
101033
1010011
1010012
1010013
1010021
1010022
1010023
1010031
1010032
1010033
10321
10322
10323
10331
10332
10333
100000211
100000212
100000213
100000221
100000222
100000223
100000231
100000232
100000233
1000000311
1000000312
1000000313
1000000321
1000000322
1000000323
1000000331
1000000332
1000000333
101311
101312
101313
101321
101322
101323
101331
101332
101333
300000000
31000
320
3300000
3010
3020
3030
30010
30020
30030
300010
300020
300030
3000010
3000020
3000030
30000010
30000020
30000030
300000010
3000000200
300000030
300000001
300000002
300000003
31100
3120
313
31010
31020
31030
31001
31002
31003
321
322
323
3310
3320
3330
33010
33020
33030
330010
330020
3300300
3300010
3300020
3300030
3300001
3300002
3300003
3011
3012
3013
3021
3022
3023
3031
3032
3033
30011
30012
30013
30021
30022
30023
30031
30032
30033
300011
300012
300013
300021
300022
300023
300031
300032
300033
3000011
3000012
3000013
3000021
3000022
3000023
3000031
3000032
3000033
30000011
30000012
30000013
30000021
30000022
30000023
30000031
30000032
30000033
300000011
300000012
300000013
3000000210
3000000220
3000000230
3000000201
3000000202
3000000203
300000031
300000032
300000033
31110
31120
31130
31101
31102
31103
3121
3122
3123
31011
31012
31013
31021
31022
31023
31031
31032
31033
3311
3312
3313
3321
3322
3323
3331
3332
3333
33011
33012
33013
33021
33022
33023
33031
33032
33033
330011
330012
330013
330021
330022
330023
3300310
3300320
3300330
3300301
3300302
3300303
3300011
3300012
3300013
3300021
3300022
3300023
3300031
3300032
3300033
3000000211
3000000212
3000000213
3000000221
3000000222
3000000223
3000000231
3000000232
3000000233
31111
31112
31113
31121
31122
31123
31131
31132
31133
3300311
3300312
3300313
3300321
3300322
3300323
3300331
3300332
3300333
