00100010002010100102020302011030
001000100020101001020203020110311120
0010001000201010010202030201103111213022120312211
001000100020101001020203020110311121302212031221232
001000100020101001020203020110311121302212031221233030
001000100020101001020203020110311121302212031221233031
001000100020101001020203020110311121302212031221233032
0010001000201010010202030201103111213022120312212330331130321133
0010001000201010010202030201103111213022120312212330331130321213
0010001000201010010202030201103111213022120312212330331130321223
0010001000201010010202030201103111213022120312212330331130321232
0010001000201010010202030201103111213022120312212330331130321233
001000100020101001020203020110311121302212031221233033113032131
001000100020101001020203020110311121302212031221233033113032132
001000100020101001020203020110311121302212031221233033113032133
00100010002010100102020302011031112130221203122123303311303221
00100010002010100102020302011031112130221203122123303311303222
00100010002010100102020302011031112130221203122123303311303223
0010001000201010010202030201103111213022120312212330331130323122
0010001000201010010202030201103111213022120312212330331130323123
001000100020101001020203020110311121302212031221233033113032313
00100010002010100102020302011031112130221203122123303311303232
00100010002010100102020302011031112130221203122123303311303233
0010001000201010010202030202
0010001000201010010202030203
100010002010100102020300111030
1000100020101001020203001110311120
10001000201010010202030011103111213022120312211
1000100020101001020203001110311121302212031221232
1000100020101001020203001110311121302212031221233020130312213211330
1000100020101001020203001110311121302212031221233020130312213211331
1000100020101001020203001110311121302212031221233020130312213211332
1000100020101001020203001110311121302212031221233020130312213211333
100010002010100102020300111031112130221203122123302013031221321223
100010002010100102020300111031112130221203122123302013031221321232
100010002010100102020300111031112130221203122123302013031221321233
10001000201010010202030011103111213022120312212330201303122132131
10001000201010010202030011103111213022120312212330201303122132132
10001000201010010202030011103111213022120312212330201303122132133
1000100020101001020203001110311121302212031221233020130312213221
1000100020101001020203001110311121302212031221233020130312213222
1000100020101001020203001110311121302212031221233020130312213223
10001000201010010202030011103111213022120312212330201303122132313
1000100020101001020203001110311121302212031221233020130312213232
1000100020101001020203001110311121302212031221233020130312213233
10001000201010010202030011103111213022120312212330201303123
10001000201010010202030011103111213022120312212330202
10001000201010010202030011103111213022120312212330203
100010002010100102020300111031112130221203122123303
20001000101001011020202030
200010001010010110202020311120
2000100010100101102020203111213022120312211
200010001010010110202020311121302212031221232
200010001010010110202020311121302212031221233001030211311303221
200010001010010110202020311121302212031221233001030211311303222
20001000101001011020202031112130221203122123300103021131130322330
20001000101001011020202031112130221203122123300103021131130322331
20001000101001011020202031112130221203122123300103021131130322332
20001000101001011020202031112130221203122123300103021131130322333
2000100010100101102020203111213022120312212330010302113113032312213
2000100010100101102020203111213022120312212330010302113113032312223
2000100010100101102020203111213022120312212330010302113113032312232
2000100010100101102020203111213022120312212330010302113113032312233
200010001010010110202020311121302212031221233001030211311303231231
200010001010010110202020311121302212031221233001030211311303231232
200010001010010110202020311121302212031221233001030211311303231233
2000100010100101102020203111213022120312212330010302113113032313
200010001010010110202020311121302212031221233001030211311303232
200010001010010110202020311121302212031221233001030211311303233
200010001010010110202020311121302212031221233001030212
200010001010010110202020311121302212031221233001030213
2000100010100101102020203111213022120312212330010303
20002
20003
30000100101001020202030
300001001010010202020311120
3000010010100102020203111213022110
3000010010100102020203111213022111
30000100101001020202031112130221122130010302012031232
3000010010100102020203111213022112213001030201203123311303211
30000100101001020202031112130221122130010302012031233113032121331
30000100101001020202031112130221122130010302012031233113032121332
30000100101001020202031112130221122130010302012031233113032121333
300001001010010202020311121302211221300103020120312331130321223
300001001010010202020311121302211221300103020120312331130321232
300001001010010202020311121302211221300103020120312331130321233
30000100101001020202031112130221122130010302012031233113032131
30000100101001020202031112130221122130010302012031233113032132
30000100101001020202031112130221122130010302012031233113032133
3000010010100102020203111213022112213001030201203123311303221
3000010010100102020203111213022112213001030201203123311303222
3000010010100102020203111213022112213001030201203123311303223
300001001010010202020311121302211221300103020120312331130323122
300001001010010202020311121302211221300103020120312331130323123
30000100101001020202031112130221122130010302012031233113032313
3000010010100102020203111213022112213001030201203123311303232
3000010010100102020203111213022112213001030201203123311303233
3000010010100102020203111213022112213001030202
3000010010100102020203111213022112213001030203
30000100101001020202031112130221122130010303
