0000000
010
0200
0300
001000
0020
0030000
00010
00020
00030
000010000
000020
0000300
0000010
0000020
0000030
0000001
0000002
0000003
011
012
013
0210
0220
0230
0201
0202
0203
03100
032000
0330
0301
0302
0303
00110
00120
00130
001010
001020
001030
001001
001002
001003
0021
0022
0023
00310
00320
00330
003010
003020
003030
0030010
0030020
0030030
0030001
0030002
0030003
000110
000120
000130
00021
00022
00023
00031
00032
00033
0000110
0000120
0000130
00001010
00001020
00001030
000010010
000010020
000010030
000010001
000010002
000010003
000021
000022
000023
0000310
0000320
0000330
0000301
0000302
0000303
0000011
0000012
0000013
0000021
0000022
0000023
0000031
0000032
0000033
0211
0212
0213
0221
0222
0223
0231
0232
0233
03110
03120
03130
03101
03102
03103
03210
03220
03230
032010
032020
032030
032001
032002
032003
0331
0332
0333
00111
00112
00113
00121
00122
00123
00131
00132
00133
001011
001012
001013
001021
001022
001023
001031
001032
001033
00311
00312
00313
00321
00322
00323
00331
00332
00333
003011
003012
003013
003021
003022
003023
003031
003032
003033
0030011
0030012
0030013
0030021
0030022
0030023
0030031
0030032
0030033
000111
000112
000113
000121
000122
000123
000131
000132
000133
0000111
0000112
0000113
0000121
0000122
0000123
0000131
0000132
0000133
00001011
00001012
00001013
00001021
00001022
00001023
00001031
00001032
00001033
000010011
000010012
000010013
000010021
000010022
000010023
000010031
000010032
000010033
0000311
0000312
0000313
0000321
0000322
0000323
0000331
0000332
0000333
03111
03112
03113
03121
03122
03123
03131
03132
03133
03211
03212
03213
03221
03222
03223
03231
03232
03233
032011
032012
032013
032021
032022
032023
032031
032032
032033
2000000
21000
220
230000
20100
2020
2030
20010000
20020
200300
200010
200020
200030
2000010
20000200
20000300
2000001
2000002
2000003
2110
2120
2130
21010
21020
21030
21001
21002
21003
221
222
223
2310
2320
2330
23010
23020
23030
230010
230020
230030
230001
230002
230003
20110
2012
201300
20101
20102
20103
2021
2022
2023
2031
2032
2033
200110
200120
200130
2001010
2001020
2001030
20010010
20010020
20010030
20010001
20010002
20010003
20021
20022
20023
200310
200320
200330
200301
200302
200303
200011
200012
200013
200021
200022
200023
200031
200032
200033
2000011
2000012
2000013
20000210
20000220
20000230
20000201
20000202
20000203
200003100
200003200
20000330
20000301
20000302
20000303
2111
2112
2113
2121
2122
2123
2131
2132
2133
21011
21012
21013
21021
21022
21023
21031
21032
21033
2311
2312
2313
2321
2322
2323
2331
2332
2333
23011
23012
23013
23021
23022
23023
23031
23032
23033
230011
230012
230013
230021
230022
230023
230031
230032
230033
20111
20112
20113
201310
201320
201330
201301
201302
201303
200111
200112
200113
200121
200122
200123
200131
200132
200133
2001011
2001012
2001013
2001021
2001022
2001023
2001031
2001032
2001033
20010011
20010012
20010013
20010021
20010022
20010023
20010031
20010032
20010033
200311
200312
200313
200321
200322
200323
200331
200332
200333
20000211
20000212
20000213
20000221
20000222
20000223
20000231
20000232
20000233
200003110
200003120
200003130
200003101
200003102
200003103
200003210
200003220
200003230
200003201
200003202
200003203
20000331
20000332
20000333
201311
201312
201313
201321
201322
201323
201331
201332
201333
200003111
200003112
200003113
200003121
200003122
200003123
200003131
200003132
200003133
200003211
200003212
200003213
200003221
200003222
200003223
200003231
200003232
200003233
10000000
110000
1200
130
1010
10200
1030
1001000
10020
10030
1000100
100020
100030
100001000
1000020
10000300
10000010
10000020
10000030
10000001
10000002
10000003
1110
1120
1130
11010
11020
11030
110010
110020
110030
110001
110002
110003
12100
122000
1230
1201
1202
1203
131
132
133
1011
1012
1013
10210
10220
10230
10201
10202
10203
1031
1032
1033
100110
100120
100130
1001010
1001020
1001030
1001001
1001002
1001003
10021
10022
10023
10031
10032
10033
100011
1000120
1000130
1000101
1000102
1000103
100021
100022
100023
100031
100032
100033
10000110
10000120
10000130
100001010
100001020
100001030
100001001
100001002
100001003
1000021
1000022
1000023
10000310
10000320
10000330
10000301
10000302
10000303
10000011
10000012
10000013
10000021
10000022
10000023
10000031
10000032
10000033
1111
1112
1113
1121
1122
1123
1131
1132
1133
11011
11012
11013
11021
11022
11023
11031
11032
11033
110011
110012
110013
110021
110022
110023
110031
110032
110033
12110
12120
12130
12101
12102
12103
12210
12220
12230
122010
122020
122030
122001
122002
122003
1231
1232
1233
10211
10212
10213
10221
10222
10223
10231
10232
10233
100111
100112
100113
100121
100122
100123
100131
100132
100133
1001011
1001012
1001013
1001021
1001022
1001023
1001031
1001032
1001033
1000121
1000122
1000123
1000131
1000132
1000133
10000111
10000112
10000113
10000121
10000122
10000123
10000131
10000132
10000133
100001011
100001012
100001013
100001021
100001022
100001023
100001031
100001032
100001033
10000311
10000312
10000313
10000321
10000322
10000323
10000331
10000332
10000333
12111
12112
12113
12121
12122
12123
12131
12132
12133
12211
12212
12213
12221
12222
12223
12231
12232
12233
122011
122012
122013
122021
122022
122023
122031
122032
122033
300000000
310000
32000
330
3010
30200
30300
30010
30020
300300
3000100
300020
300030
3000010
30000200
3000030
300000100
30000020
30000030
300000010
300000020
300000030
300000001
300000002
300000003
3110
3120
3130
31010
31020
31030
310010
310020
310030
310001
310002
310003
3210
3220
3230
32010
32020
32030
32001
32002
32003
331
332
333
3011
3012
3013
30210
30220
3023
30201
30202
30203
303100
303200
30330
30301
30302
30303
30011
30012
30013
30021
30022
30023
300310
300320
300330
300301
300302
300303
3000110
3000120
3000130
3000101
3000102
3000103
300021
300022
300023
300031
300032
300033
3000011
3000012
3000013
30000210
30000220
30000230
30000201
30000202
30000203
3000031
3000032
3000033
300000110
300000120
300000130
300000101
300000102
300000103
30000021
30000022
30000023
30000031
30000032
30000033
300000011
300000012
300000013
300000021
300000022
300000023
300000031
300000032
300000033
3111
3112
3113
3121
3122
3123
3131
3132
3133
31011
31012
31013
31021
31022
31023
31031
31032
31033
310011
310012
310013
310021
310022
310023
310031
310032
310033
3211
3212
3213
3221
3222
3223
3231
3232
3233
32011
32012
32013
32021
32022
32023
32031
32032
32033
30211
30212
30213
30221
30222
30223
303110
303120
303130
303101
303102
303103
303210
303220
303230
303201
303202
303203
30331
30332
30333
300311
300312
300313
300321
300322
300323
300331
300332
300333
3000111
3000112
3000113
3000121
3000122
3000123
3000131
3000132
3000133
30000211
30000212
30000213
30000221
30000222
30000223
30000231
30000232
30000233
300000111
300000112
300000113
300000121
300000122
300000123
300000131
300000132
300000133
303111
303112
303113
303121
303122
303123
303131
303132
303133
303211
303212
303213
303221
303222
303223
303231
303232
303233
