00001001100102030112011021120030130
00001001100102030112011021120030131
0000100110010203011201102112003013210220
0000100110010203011201102112003013210221311221
00001001100102030112011021120030132102213112223102030
00001001100102030112011021120030132102213112223102031230
0000100110010203011201102112003013210221311222310203123133
000010011001020301120110211200301321022131122231020312322
000010011001020301120110211200301321022131122231020312323
0000100110010203011201102112003013210221311222310203123323202
000010011001020301120110211200301321022131122231020312332320330
0000100110010203011201102112003013210221311222310203123323203312
0000100110010203011201102112003013210221311222310203123323203313
0000100110010203011201102112003013210221311222310203123323203321
0000100110010203011201102112003013210221311222310203123323203322
00001001100102030112011021120030132102213112223102031233232033233
0000100110010203011201102112003013210221311222310203123323203332
0000100110010203011201102112003013210221311222310203123323203333
000010011001020301120110211200301321022131122231020312332321
000010011001020301120110211200301321022131122231020312332322
000010011001020301120110211200301321022131122231020312332323
0000100110010203011201102112003013210221311222311
0000100110010203011201102112003013210221311222312
0000100110010203011201102112003013210221311222313
00001001100102030112011021120030132102213113
00001001100102030112011021120030132103
000010011001020302
000010011001020303
1000010102030011002030
1000010102030011002031101200203011210220
10000101020300110020311012002030112102212130
10000101020300110020311012002030112102212131
1000010102030011002031101200203011210221213230
100001010203001100203110120020301121022121323133
10000101020300110020311012002030112102212132322
10000101020300110020311012002030112102212132323
10000101020300110020311012002030112102212132331122132311
10000101020300110020311012002030112102212132331122132312
100001010203001100203110120020301121022121323311221323133
10000101020300110020311012002030112102212132331122132320223303
10000101020300110020311012002030112102212132331122132320223311
10000101020300110020311012002030112102212132331122132320223312
10000101020300110020311012002030112102212132331122132320223313
10000101020300110020311012002030112102212132331122132320223321
10000101020300110020311012002030112102212132331122132320223322
10000101020300110020311012002030112102212132331122132320223323
10000101020300110020311012002030112102212132331122132320223332
10000101020300110020311012002030112102212132331122132320223333
10000101020300110020311012002030112102212132331122132321
10000101020300110020311012002030112102212132331122132322
10000101020300110020311012002030112102212132331122132323
1000010102030011002031101200203011210221213233113
10000101020300110020311012002030112103
10000101020301
10000101020302
10000101020303
300010011001020300212011021120030130
300010011001020300212011021120030131
30001001100102030021201102112003013210220
300010011001020300212011021120030132102213112223102030
300010011001020300212011021120030132102213112223102031230
30001001100102030021201102112003013210221311222310203123133
3000100110010203002120110211200301321022131122231020312322
3000100110010203002120110211200301321022131122231020312323
30001001100102030021201102112003013210221311222310203123323203311
30001001100102030021201102112003013210221311222310203123323203312
30001001100102030021201102112003013210221311222310203123323203313
30001001100102030021201102112003013210221311222310203123323203321
30001001100102030021201102112003013210221311222310203123323203322
300010011001020300212011021120030132102213112223102031233232033233
30001001100102030021201102112003013210221311222310203123323203332
30001001100102030021201102112003013210221311222310203123323203333
3000100110010203002120110211200301321022131122231020312332321
3000100110010203002120110211200301321022131122231020312332322
3000100110010203002120110211200301321022131122231020312332323
30001001100102030021201102112003013210221311222311
30001001100102030021201102112003013210221311222312
30001001100102030021201102112003013210221311222313
300010011001020300212011021120030132102213113
300010011001020300212011021120030132103
300010011001020301
300010011001020302
300010011001020303
200010011001020300212011021120030130
200010011001020300212011021120030131
20001001100102030021201102112003013210220
200010011001020300212011021120030132102213112223102030
200010011001020300212011021120030132102213112223102031230
20001001100102030021201102112003013210221311222310203123133
2000100110010203002120110211200301321022131122231020312322
2000100110010203002120110211200301321022131122231020312323
20001001100102030021201102112003013210221311222310203123323211
20001001100102030021201102112003013210221311222310203123323212
20001001100102030021201102112003013210221311222310203123323213303
2000100110010203002120110211200301321022131122231020312332321331
20001001100102030021201102112003013210221311222310203123323213321
20001001100102030021201102112003013210221311222310203123323213322
200010011001020300212011021120030132102213112223102031233232133233
20001001100102030021201102112003013210221311222310203123323213332
20001001100102030021201102112003013210221311222310203123323213333
2000100110010203002120110211200301321022131122231020312332322
2000100110010203002120110211200301321022131122231020312332323
20001001100102030021201102112003013210221311222311
20001001100102030021201102112003013210221311222312
20001001100102030021201102112003013210221311222313
200010011001020300212011021120030132102213113
200010011001020300212011021120030132103
200010011001020301
200010011001020302
200010011001020303
