10000
11000
120
130
1010000
1020
10300
100100
10020
10030
10001
10002
10003
1110
1120
1130
11010
11020
11030
11001
11002
11003
121
122
123
131
132
133
101100
10120
10130
101010
1010200
101030
1010010
1010020
1010030
1010001
1010002
1010003
1021
1022
1023
10310
10320
10330
10301
10302
10303
100110
100120
100130
100101
100102
100103
10021
10022
10023
10031
10032
10033
1111
1112
1113
1121
1122
1123
1131
1132
1133
11011
11012
11013
11021
11022
11023
11031
11032
11033
10111
101120
101130
101101
101102
101103
10121
10122
10123
10131
10132
10133
101011
101012
101013
1010210
1010220
1010230
1010201
1010202
1010203
101031
101032
101033
1010011
1010012
1010013
1010021
1010022
1010023
1010031
1010032
1010033
10311
10312
10313
10321
10322
10323
10331
10332
10333
100111
100112
100113
100121
100122
100123
100131
100132
100133
101121
101122
101123
101131
101132
101133
1010211
1010212
1010213
1010221
1010222
1010223
1010231
1010232
1010233
0000000
0100
02000
030
0010
0020
0030
000100
00020
00030
0000100
000020
000030
0000010
0000020
0000030
0000001
0000002
0000003
0110
0120
0130
0101
0102
0103
0210
0220
0230
02010
020200
02030
02001
02002
02003
031
032
033
0011
0012
0013
0021
0022
0023
0031
0032
0033
000110
000120
000130
000101
000102
000103
00021
00022
00023
00031
00032
00033
0000110
0000120
0000130
0000101
0000102
0000103
000021
000022
000023
000031
000032
000033
0000011
0000012
0000013
0000021
0000022
0000023
0000031
0000032
0000033
01110
01120
01130
0121
0122
0123
0131
0132
0133
0211
0212
0213
0221
0222
0223
0231
0232
0233
02011
02012
02013
020210
020220
020230
020201
020202
020203
02031
02032
02033
000111
000112
000113
000121
000122
000123
000131
000132
000133
0000111
0000112
0000113
0000121
0000122
0000123
0000131
0000132
0000133
01111
01112
01113
01121
01122
01123
01131
01132
01133
020211
020212
020213
020221
020222
020223
020231
020232
020233
200000
2100
220
230
20100
20200
20300
200100
20020
20030
2000100
200020
200030
200001
200002
200003
2110
2120
2130
2101
2102
2103
221
222
223
231
232
233
20110
20120
201300
20101
20102
20103
20210
20220
20230
20201
20202
20203
20310
203200
20330
20301
20302
20303
200110
200120
200130
200101
200102
200103
20021
20022
20023
20031
20032
20033
2000110
2000120
2000130
2000101
2000102
2000103
200021
200022
200023
200031
200032
200033
2111
2112
2113
2121
2122
2123
2131
2132
2133
20111
20112
20113
20121
20122
20123
201310
20132
201330
201301
201302
201303
20211
20212
20213
20221
20222
20223
20231
20232
20233
20311
20312
20313
203210
203220
203230
203201
203202
203203
20331
20332
20333
200111
200112
200113
200121
200122
200123
200131
200132
200133
2000111
2000112
2000113
2000121
2000122
2000123
2000131
2000132
2000133
201311
201312
201313
201331
201332
201333
203211
203212
203213
203221
203222
203223
203231
203232
203233
300000
3100
320
330
30100
30200
30300
300100
30020
30030
3000100
300020
300030
300001
300002
300003
3110
3120
3130
3101
3102
3103
321
322
323
331
332
333
30110
30120
301300
30101
30102
30103
30210
30220
30230
30201
30202
30203
30310
303200
30330
30301
30302
30303
300110
300120
300130
300101
300102
300103
30021
30022
30023
30031
30032
30033
3000110
3000120
3000130
3000101
3000102
3000103
300021
300022
300023
300031
300032
300033
3111
3112
3113
3121
3122
3123
3131
3132
3133
30111
30112
30113
30121
30122
30123
301310
301320
30133
301301
301302
301303
30211
30212
30213
30221
30222
30223
30231
30232
30233
30311
30312
30313
303210
303220
303230
303201
303202
303203
30331
30332
30333
300111
300112
300113
300121
300122
300123
300131
300132
300133
3000111
3000112
3000113
3000121
3000122
3000123
3000131
3000132
3000133
301311
301312
301313
301321
301322
301323
303211
303212
303213
303221
303222
303223
303231
303232
303233
