0 2 1 8 3 11 8 6 6 1 2 10 11 4 9 2 4 0 3 7 1 3 7 1 3 1
0 2 1 8 3 11 8 6 6 1 2 10 11 4 9 2 4 0 3 7 1 3 7 4 9 9 5 0 1
0 2 1 8 3 11 8 6 6 1 2 10 11 4 9 2 4 0 3 7 1 3 7 4 9 9 5 9 4 2 1
0 2 1 8 3 11 8 6 6 1 2 10 11 4 9 2 4 0 3 7 1 3 7 4 9 9 5 2
0 2 1 8 3 11 8 6 6 1 2 10 11 4 9 2 4 0 3 7 1 3 7 4 9 9 5 8 10 0
0 2 1 8 3 11 8 6 6 1 2 10 11 4 9 2 4 0 3 7 1 3 7 4 9 9 5 8 10 7
0 2 1 8 3 11 8 6 6 1 2 10 11 4 9 2 4 0 3 7 1 3 7 4 9 9 5 8 9
0 2 1 8 3 11 8 6 6 1 2 10 11 11 10
0 2 1 8 3 11 8 6 6 8
0 2 1 8 3 11 8 6 6 0
