0000
0100000
02000
030
0010
00200
00300
000100
00020
00030
01100
0120
0130
0101000
01020
010300
010010
010020
010030
0100010
0100020
0100030
0100001
0100002
0100003
0210
0220
0230
02010
02020
02030
02001
02002
02003
031
032
033
0011
0012
0013
00210
00220
00230
00201
00202
00203
00310
00320
00330000
00301
00302
00303
000110
000120
000130
000101
000102
000103
00021
00022
00023
00031
00032
00033
01110
01120
01130
01101
01102
01103
0121
0122
0123
0131
0132
0133
010110
010120
010130
0101010
0101020
0101030
0101001
0101002
0101003
01021
01022
01023
010310
010320
010330
010301
010302
010303
010011
010012
010013
010021
010022
010023
010031
010032
010033
0100011
0100012
0100013
0100021
0100022
0100023
0100031
0100032
0100033
0211
0212
0213
0221
0222
0223
0231
0232
0233
02011
02012
02013
02021
02022
02023
02031
02032
02033
00211
00212
00213
00221
00222
00223
00231
00232
00233
00311
00312
00313
00321
00322
00323
0033100
003320
003330
0033010
0033020
0033030
00330010
00330020
00330030
00330001
00330002
00330003
000111
000112
000113
000121
000122
000123
000131
000132
000133
01111
01112
01113
01121
01122
01123
01131
01132
01133
010111
010112
010113
010121
010122
010123
010131
010132
010133
0101011
0101012
0101013
0101021
0101022
0101023
0101031
0101032
0101033
010311
010312
010313
010321
010322
010323
010331
010332
010333
0033110
0033120
0033130
0033101
0033102
0033103
003321
003322
003323
003331
003332
003333
0033011
0033012
0033013
0033021
0033022
0033023
0033031
0033032
0033033
00330011
00330012
00330013
00330021
00330022
00330023
00330031
00330032
00330033
0033111
0033112
0033113
0033121
0033122
0033123
0033131
0033132
0033133
2000
2100000
220
2300
2010000
202000
2030
2001
2002
2003
2110
2120
2130
210100
21020
21030
210010
2100200
210030
21000100
210002
2100030
2100001
2100002
2100003
221
222
223
2310
2320
2330000
2301
2302
2303
20110
20120
20130
201010
201020
2010300
2010010
2010020
2010030
2010001
2010002
2010003
20210
20220
20230
202010
202020
202030
202001
202002
202003
2031
2032
2033
2111
2112
2113
2121
2122
2123
2131
2132
2133
210110
210120
210130
210101
210102
210103
21021
21022
21023
21031
21032
21033
210011
210012
210013
2100210
2100220
2100230
2100201
2100202
2100203
210031
210032
210033
21000110
21000120
21000130
21000101
21000102
21000103
2100031
2100032
2100033
2311
2312
2313
2321
2322
2323
233100
23320
23330
233010
233020
233030
2330010
2330020
2330030
2330001
2330002
2330003
20111
20112
20113
20121
20122
20123
20131
20132
20133
201011
201012
201013
201021
201022
201023
2010310
2010320
2010330
2010301
2010302
2010303
2010011
2010012
2010013
2010021
2010022
2010023
2010031
2010032
2010033
20211
20212
20213
20221
20222
20223
20231
20232
20233
202011
202012
202013
202021
202022
202023
202031
202032
202033
210111
210112
210113
210121
210122
210123
210131
210132
210133
2100211
2100212
2100213
2100221
2100222
2100223
2100231
2100232
2100233
21000111
21000112
21000113
21000121
21000122
21000123
21000131
21000132
21000133
233110
233120
233130
233101
233102
233103
23321
23322
23323
23331
23332
23333
233011
233012
233013
233021
233022
233023
233031
233032
233033
2330011
2330012
2330013
2330021
2330022
2330023
2330031
2330032
2330033
2010311
2010312
2010313
2010321
2010322
2010323
2010331
2010332
2010333
233111
233112
233113
233121
233122
233123
233131
233132
233133
100000
110
120000
130
101
1020
1030
100100000
10020
10030
100010
1000200
1000300
100001
100002
100003
111
112
113
1210
1220
1230
12010
1202000
12030
120010
120020
1200300
120001
120002
120003
131
132
133
1021
1022
1023
1031
1032
1033
100110
100120
100130
1001010
1001020
10010300
10010010
10010020
10010030
100100010
100100020
100100030
100100001
100100002
100100003
10021
10022
10023
10031
10032
10033
100011
100012
100013
1000210
1000220
1000230
1000201
1000202
1000203
1000310
1000320
100033000
1000301
1000302
1000303
1211
1212
1213
1221
1222
1223
1231
1232
1233
12011
12012
12013
120210
120220
120230
1202010
1202020
1202030
1202001
1202002
1202003
12031
12032
12033
120011
120012
120013
120021
120022
120023
1200310
1200320
1200330
1200301
1200302
1200303
100111
100112
100113
100121
100122
100123
100131
100132
100133
1001011
1001012
1001013
1001021
1001022
1001023
10010310
10010320
10010330
10010301
10010302
10010303
10010011
10010012
10010013
10010021
10010022
10010023
10010031
10010032
10010033
100100011
100100012
100100013
100100021
100100022
100100023
100100031
100100032
100100033
1000211
1000212
1000213
1000221
1000222
1000223
1000231
1000232
1000233
1000311
1000312
1000313
1000321
1000322
1000323
100033100
10003320
10003330
100033010
100033020
100033030
100033001
100033002
100033003
120211
120212
120213
120221
120222
120223
120231
120232
120233
1202011
1202012
1202013
1202021
1202022
1202023
1202031
1202032
1202033
1200311
1200312
1200313
1200321
1200322
1200323
1200331
1200332
1200333
10010311
10010312
10010313
10010321
10010322
10010323
10010331
10010332
10010333
100033110
100033120
100033130
100033101
100033102
100033103
10003321
10003322
10003323
10003331
10003332
10003333
100033011
100033012
100033013
100033021
100033022
100033023
100033031
100033032
100033033
100033111
100033112
100033113
100033121
100033122
100033123
100033131
100033132
100033133
3000
3100000000
32000
330
3010
3020
30300
3001
3002
3003
3110
3120
3130000
31010
31020
310300
310010
3100200
310030
3100010
3100020
3100030
31000010
31000020
31000030
310000010
3100000200
310000030
31000000100
3100000020
310000003
3100000001
3100000002
3100000003
3210
3220
3230
32010
32020
32030
32001
32002
32003
331
332
333
3011
3012
3013
3021
3022
3023
30310
30320
30330
30301
30302
30303
3111
3112
3113
3121
3122
3123
313100
31320
31330
313010
313020
313030
3130010
3130020
3130030
3130001
3130002
3130003
31011
31012
31013
31021
31022
31023
310310
310320
310330
310301
310302
310303
310011
310012
310013
3100210
3100220
3100230
3100201
3100202
3100203
310031
310032
310033
3100011
3100012
3100013
3100021
3100022
3100023
3100031
3100032
3100033
31000011
31000012
31000013
31000021
31000022
31000023
31000031
31000032
31000033
310000011
310000012
310000013
3100000210
3100000220
3100000230
3100000201
3100000202
3100000203
310000031
310000032
310000033
31000000110
31000000120
31000000130
31000000101
31000000102
31000000103
3100000021
3100000022
3100000023
3211
3212
3213
3221
3222
3223
3231
3232
3233
32011
32012
32013
32021
32022
32023
32031
32032
32033
30311
30312
30313
30321
30322
30323
30331
30332
30333
313110
313120
313130
313101
313102
313103
31321
31322
31323
31331
31332
31333
313011
313012
313013
313021
313022
313023
313031
313032
313033
3130011
3130012
3130013
3130021
3130022
3130023
3130031
3130032
3130033
310311
310312
310313
310321
310322
310323
310331
310332
310333
3100211
3100212
3100213
3100221
3100222
3100223
3100231
3100232
3100233
3100000211
3100000212
3100000213
3100000221
3100000222
3100000223
3100000231
3100000232
3100000233
31000000111
31000000112
31000000113
31000000121
31000000122
31000000123
31000000131
31000000132
31000000133
313111
313112
313113
313121
313122
313123
313131
313132
313133
