100000000100100010101100201012011020210210303020203003031111121120
10000000010010001010110020101201102021021030302020300303111112112130
10000000010010001010110020101201102021021030302020300303111112112131220131020
10000000010010001010110020101201102021021030302020300303111112112131220131021
1000000001001000101011002010120110202102103030202030030311111211213122013102211210
100000000100100010101100201012011020210210303020203003031111121121312201310221121131
10000000010010001010110020101201102021021030302020300303111112112131220131022112113230
10000000010010001010110020101201102021021030302020300303111112112131220131022112113231
1000000001001000101011002010120110202102103030202030030311111211213122013102211211323201
100000000100100010101100201012011020210210303020203003031111121121312201310221121132320221
10000000010010001010110020101201102021021030302020300303111112112131220131022112113232022211220
10000000010010001010110020101201102021021030302020300303111112112131220131022112113232022211221320
10000000010010001010110020101201102021021030302020300303111112112131220131022112113232022211221321
10000000010010001010110020101201102021021030302020300303111112112131220131022112113232022211221322
1000000001001000101011002010120110202102103030202030030311111211213122013102211211323202221122132330
1000000001001000101011002010120110202102103030202030030311111211213122013102211211323202221122132331
1000000001001000101011002010120110202102103030202030030311111211213122013102211211323202221122132332303020
1000000001001000101011002010120110202102103030202030030311111211213122013102211211323202221122132332303021
100000000100100010101100201012011020210210303020203003031111121121312201310221121132320222112213233230302230
100000000100100010101100201012011020210210303020203003031111121121312201310221121132320222112213233230302231
100000000100100010101100201012011020210210303020203003031111121121312201310221121132320222112213233230302232
1000000001001000101011002010120110202102103030202030030311111211213122013102211211323202221122132332303022333
1000000001001000101011002010120110202102103030202030030311111211213122013102211211323202221122132332303023
10000000010010001010110020101201102021021030302020300303111112112131220131022112113232022211221323323030303122
100000000100100010101100201012011020210210303020203003031111121121312201310221121132320222112213233230303031233302
100000000100100010101100201012011020210210303020203003031111121121312201310221121132320222112213233230303031233303
100000000100100010101100201012011020210210303020203003031111121121312201310221121132320222112213233230303031233312
10000000010010001010110020101201102021021030302020300303111112112131220131022112113232022211221323323030303123331323313
10000000010010001010110020101201102021021030302020300303111112112131220131022112113232022211221323323030303123331323322
10000000010010001010110020101201102021021030302020300303111112112131220131022112113232022211221323323030303123331323323
10000000010010001010110020101201102021021030302020300303111112112131220131022112113232022211221323323030303123331323332
10000000010010001010110020101201102021021030302020300303111112112131220131022112113232022211221323323030303123331323333
1000000001001000101011002010120110202102103030202030030311111211213122013102211211323202221122132332303030313
1000000001001000101011002010120110202102103030202030030311111211213122013102211211323202221122132332303030322
1000000001001000101011002010120110202102103030202030030311111211213122013102211211323202221122132332303030323
100000000100100010101100201012011020210210303020203003031111121121312201310221121132320222112213233230303033
10000000010010001010110020101201102021021030302020300303111112112131220131022112113232022211221323323030312
10000000010010001010110020101201102021021030302020300303111112112131220131022112113232022211221323323030313
10000000010010001010110020101201102021021030302020300303111112112131220131022112113232022211221323323030322
10000000010010001010110020101201102021021030302020300303111112112131220131022112113232022211221323323030323
1000000001001000101011002010120110202102103030202030030311111211213122013102211211323202221122132332303033
100000000100100010101100201012011020210210303020203003031111121121312201310221121132320222112213233230313
100000000100100010101100201012011020210210303020203003031111121121312201310221121132320222112213233230322
100000000100100010101100201012011020210210303020203003031111121121312201310221121132320222112213233230323
100000000100100010101100201012011020210210303020203003031111121121312201310221121132320222112213233230332
100000000100100010101100201012011020210210303020203003031111121121312201310221121132320222112213233230333
10000000010010001010110020101201102021021030302020300303111112112131220131022112113232022212
10000000010010001010110020101201102021021030302020300303111112112131220131022112113232022213
1000000001001000101011002010120110202102103030202030030311111211213122013102211211323203
10000000010010001010110020101201102021021030302020300303111112112131220131023
10000000010010001011
10000000010010001012
10000000010010001013
1000000001001001
1000000001001002
1000000001001003
10000000011
10000000012
10000000013
1000001
1000002
1000003
00000100100010100201000200201011011030210210
00000100100010100201000200201011011030210211111202021120312103030030
0000010010001010020100020020101101103021021111120202112031210303003130
0000010010001010020100020020101101103021021111120202112031210303003131220131020
0000010010001010020100020020101101103021021111120202112031210303003131220131021
0000010010001010020100020020101101103021021111120202112031210303003131220131022113230
0000010010001010020100020020101101103021021111120202112031210303003131220131022113231
000001001000101002010002002010110110302102111112020211203121030300313122013102211323201
00000100100010100201000200201011011030210211111202021120312103030031312201310221132320220
00000100100010100201000200201011011030210211111202021120312103030031312201310221132320221
0000010010001010020100020020101101103021021111120202112031210303003131220131022113232022211220
0000010010001010020100020020101101103021021111120202112031210303003131220131022113232022211221320
0000010010001010020100020020101101103021021111120202112031210303003131220131022113232022211221321
0000010010001010020100020020101101103021021111120202112031210303003131220131022113232022211221322
000001001000101002010002002010110110302102111112020211203121030300313122013102211323202221122132330
000001001000101002010002002010110110302102111112020211203121030300313122013102211323202221122132331
000001001000101002010002002010110110302102111112020211203121030300313122013102211323202221122132332303030311
0000010010001010020100020020101101103021021111120202112031210303003131220131022113232022211221323323030303122
00000100100010100201000200201011011030210211111202021120312103030031312201310221132320222112213233230303031233302
00000100100010100201000200201011011030210211111202021120312103030031312201310221132320222112213233230303031233303
00000100100010100201000200201011011030210211111202021120312103030031312201310221132320222112213233230303031233312
00000100100010100201000200201011011030210211111202021120312103030031312201310221132320222112213233230303031233313233133
0000010010001010020100020020101101103021021111120202112031210303003131220131022113232022211221323323030303123331323321
0000010010001010020100020020101101103021021111120202112031210303003131220131022113232022211221323323030303123331323322
0000010010001010020100020020101101103021021111120202112031210303003131220131022113232022211221323323030303123331323323
0000010010001010020100020020101101103021021111120202112031210303003131220131022113232022211221323323030303123331323332
0000010010001010020100020020101101103021021111120202112031210303003131220131022113232022211221323323030303123331323333
000001001000101002010002002010110110302102111112020211203121030300313122013102211323202221122132332303030313
00000100100010100201000200201011011030210211111202021120312103030031312201310221132320222112213233230303032230
00000100100010100201000200201011011030210211111202021120312103030031312201310221132320222112213233230303032231
00000100100010100201000200201011011030210211111202021120312103030031312201310221132320222112213233230303032232
00000100100010100201000200201011011030210211111202021120312103030031312201310221132320222112213233230303032233
000001001000101002010002002010110110302102111112020211203121030300313122013102211323202221122132332303030323
00000100100010100201000200201011011030210211111202021120312103030031312201310221132320222112213233230303033
0000010010001010020100020020101101103021021111120202112031210303003131220131022113232022211221323323030312
0000010010001010020100020020101101103021021111120202112031210303003131220131022113232022211221323323030313
0000010010001010020100020020101101103021021111120202112031210303003131220131022113232022211221323323030322
0000010010001010020100020020101101103021021111120202112031210303003131220131022113232022211221323323030323
000001001000101002010002002010110110302102111112020211203121030300313122013102211323202221122132332303033
00000100100010100201000200201011011030210211111202021120312103030031312201310221132320222112213233230312
00000100100010100201000200201011011030210211111202021120312103030031312201310221132320222112213233230313
00000100100010100201000200201011011030210211111202021120312103030031312201310221132320222112213233230322
00000100100010100201000200201011011030210211111202021120312103030031312201310221132320222112213233230323
00000100100010100201000200201011011030210211111202021120312103030031312201310221132320222112213233230332
00000100100010100201000200201011011030210211111202021120312103030031312201310221132320222112213233230333
0000010010001010020100020020101101103021021111120202112031210303003131220131022113232022212
0000010010001010020100020020101101103021021111120202112031210303003131220131022113232022213
000001001000101002010002002010110110302102111112020211203121030300313122013102211323203
0000010010001010020100020020101101103021021111120202112031210303003131220131023
0000010010001010021
0000010010001010022
0000010010001010023
0000010010001011
0000010010001012
0000010010001013
000001001001
000001001002
000001001003
0000011
0000012
0000013
001
002
003
20001000000010100102001001011011021030210220020203031111121120
2000100000001010010200100101101102103021022002020303111112112130
20001000000010100102001001011011021030210220020203031111121121312201301
20001000000010100102001001011011021030210220020203031111121121312201302112103031020
20001000000010100102001001011011021030210220020203031111121121312201302112103031021
2000100000001010010200100101101102103021022002020303111112112131220130211210303102220
200010000000101001020010010110110210302102200202030311111211213122013021121030310222131
20001000000010100102001001011011021030210220020203031111121121312201302112103031022213230
20001000000010100102001001011011021030210220020203031111121121312201302112103031022213231
2000100000001010010200100101101102103021022002020303111112112131220130211210303102221323211220
2000100000001010010200100101101102103021022002020303111112112131220130211210303102221323211221320
2000100000001010010200100101101102103021022002020303111112112131220130211210303102221323211221321
2000100000001010010200100101101102103021022002020303111112112131220130211210303102221323211221322
200010000000101001020010010110110210302102200202030311111211213122013021121030310222132321122132330
200010000000101001020010010110110210302102200202030311111211213122013021121030310222132321122132331
200010000000101001020010010110110210302102200202030311111211213122013021121030310222132321122132332303020
200010000000101001020010010110110210302102200202030311111211213122013021121030310222132321122132332303021
20001000000010100102001001011011021030210220020203031111121121312201302112103031022213232112213233230302230
20001000000010100102001001011011021030210220020203031111121121312201302112103031022213232112213233230302231
20001000000010100102001001011011021030210220020203031111121121312201302112103031022213232112213233230302232
200010000000101001020010010110110210302102200202030311111211213122013021121030310222132321122132332303022333
200010000000101001020010010110110210302102200202030311111211213122013021121030310222132321122132332303023
200010000000101001020010010110110210302102200202030311111211213122013021121030310222132321122132332303030311
2000100000001010010200100101101102103021022002020303111112112131220130211210303102221323211221323323030303122
20001000000010100102001001011011021030210220020203031111121121312201302112103031022213232112213233230303031233302
20001000000010100102001001011011021030210220020203031111121121312201302112103031022213232112213233230303031233303
20001000000010100102001001011011021030210220020203031111121121312201302112103031022213232112213233230303031233312
2000100000001010010200100101101102103021022002020303111112112131220130211210303102221323211221323323030303123331322
2000100000001010010200100101101102103021022002020303111112112131220130211210303102221323211221323323030303123331323313
2000100000001010010200100101101102103021022002020303111112112131220130211210303102221323211221323323030303123331323322
2000100000001010010200100101101102103021022002020303111112112131220130211210303102221323211221323323030303123331323323
2000100000001010010200100101101102103021022002020303111112112131220130211210303102221323211221323323030303123331323332
2000100000001010010200100101101102103021022002020303111112112131220130211210303102221323211221323323030303123331323333
200010000000101001020010010110110210302102200202030311111211213122013021121030310222132321122132332303030313
200010000000101001020010010110110210302102200202030311111211213122013021121030310222132321122132332303030322
200010000000101001020010010110110210302102200202030311111211213122013021121030310222132321122132332303030323
20001000000010100102001001011011021030210220020203031111121121312201302112103031022213232112213233230303033
2000100000001010010200100101101102103021022002020303111112112131220130211210303102221323211221323323030312
2000100000001010010200100101101102103021022002020303111112112131220130211210303102221323211221323323030313
2000100000001010010200100101101102103021022002020303111112112131220130211210303102221323211221323323030322
2000100000001010010200100101101102103021022002020303111112112131220130211210303102221323211221323323030323
200010000000101001020010010110110210302102200202030311111211213122013021121030310222132321122132332303033
20001000000010100102001001011011021030210220020203031111121121312201302112103031022213232112213233230312
20001000000010100102001001011011021030210220020203031111121121312201302112103031022213232112213233230313
20001000000010100102001001011011021030210220020203031111121121312201302112103031022213232112213233230323
20001000000010100102001001011011021030210220020203031111121121312201302112103031022213232112213233230332
20001000000010100102001001011011021030210220020203031111121121312201302112103031022213232112213233230333
2000100000001010010200100101101102103021022002020303111112112131220130211210303102221323212
2000100000001010010200100101101102103021022002020303111112112131220130211210303102221323213
20001000000010100102001001011011021030210220020203031111121121312201302112103031023
20001000000010100102001001011011021030210220020203031111121121312201303
2000100000001010011
2000100000001010012
2000100000001010013
2000100000001011
2000100000001012
2000100000001013
200010000001
200010000002
200010000003
20001001
20001002
20001003
30001000000010100102001001011011020210210311111202021120320030
3000100000001010010200100101101102021021031111120202112032003130
30001000000010100102001001011011020210210311111202021120320031312201301
30001000000010100102001001011011020210210311111202021120320031312201302112103031020
30001000000010100102001001011011020210210311111202021120320031312201302112103031021
3000100000001010010200100101101102021021031111120202112032003131220130211210303102220
30001000000010100102001001011011020210210311111202021120320031312201302112103031022213230
30001000000010100102001001011011020210210311111202021120320031312201302112103031022213231
3000100000001010010200100101101102021021031111120202112032003131220130211210303102221323211220
3000100000001010010200100101101102021021031111120202112032003131220130211210303102221323211221320
3000100000001010010200100101101102021021031111120202112032003131220130211210303102221323211221321
3000100000001010010200100101101102021021031111120202112032003131220130211210303102221323211221322
300010000000101001020010010110110202102103111112020211203200313122013021121030310222132321122132330
300010000000101001020010010110110202102103111112020211203200313122013021121030310222132321122132331
300010000000101001020010010110110202102103111112020211203200313122013021121030310222132321122132332303020
300010000000101001020010010110110202102103111112020211203200313122013021121030310222132321122132332303021
30001000000010100102001001011011020210210311111202021120320031312201302112103031022213232112213233230302230
30001000000010100102001001011011020210210311111202021120320031312201302112103031022213232112213233230302231
30001000000010100102001001011011020210210311111202021120320031312201302112103031022213232112213233230302232
300010000000101001020010010110110202102103111112020211203200313122013021121030310222132321122132332303022333
300010000000101001020010010110110202102103111112020211203200313122013021121030310222132321122132332303023
300010000000101001020010010110110202102103111112020211203200313122013021121030310222132321122132332303030311
3000100000001010010200100101101102021021031111120202112032003131220130211210303102221323211221323323030303122
30001000000010100102001001011011020210210311111202021120320031312201302112103031022213232112213233230303031233302
30001000000010100102001001011011020210210311111202021120320031312201302112103031022213232112213233230303031233303
30001000000010100102001001011011020210210311111202021120320031312201302112103031022213232112213233230303031233312
3000100000001010010200100101101102021021031111120202112032003131220130211210303102221323211221323323030303123331322
3000100000001010010200100101101102021021031111120202112032003131220130211210303102221323211221323323030303123331323313
3000100000001010010200100101101102021021031111120202112032003131220130211210303102221323211221323323030303123331323321
3000100000001010010200100101101102021021031111120202112032003131220130211210303102221323211221323323030303123331323322
3000100000001010010200100101101102021021031111120202112032003131220130211210303102221323211221323323030303123331323323
3000100000001010010200100101101102021021031111120202112032003131220130211210303102221323211221323323030303123331323332
3000100000001010010200100101101102021021031111120202112032003131220130211210303102221323211221323323030303123331323333
300010000000101001020010010110110202102103111112020211203200313122013021121030310222132321122132332303030313
300010000000101001020010010110110202102103111112020211203200313122013021121030310222132321122132332303030322
300010000000101001020010010110110202102103111112020211203200313122013021121030310222132321122132332303030323
30001000000010100102001001011011020210210311111202021120320031312201302112103031022213232112213233230303033
3000100000001010010200100101101102021021031111120202112032003131220130211210303102221323211221323323030312
3000100000001010010200100101101102021021031111120202112032003131220130211210303102221323211221323323030313
3000100000001010010200100101101102021021031111120202112032003131220130211210303102221323211221323323030322
3000100000001010010200100101101102021021031111120202112032003131220130211210303102221323211221323323030323
300010000000101001020010010110110202102103111112020211203200313122013021121030310222132321122132332303033
30001000000010100102001001011011020210210311111202021120320031312201302112103031022213232112213233230312
30001000000010100102001001011011020210210311111202021120320031312201302112103031022213232112213233230313
30001000000010100102001001011011020210210311111202021120320031312201302112103031022213232112213233230322
30001000000010100102001001011011020210210311111202021120320031312201302112103031022213232112213233230323
30001000000010100102001001011011020210210311111202021120320031312201302112103031022213232112213233230333
3000100000001010010200100101101102021021031111120202112032003131220130211210303102221323212
3000100000001010010200100101101102021021031111120202112032003131220130211210303102221323213
30001000000010100102001001011011020210210311111202021120320031312201302112103031023
30001000000010100102001001011011020210210311111202021120320031312201303
3000100000001010011
3000100000001010012
3000100000001010013
3000100000001011
3000100000001012
3000100000001013
300010000001
300010000002
300010000003
30001001
30001002
30001003
