000001010100020200011010020102110101112101220302031202030300021313030
000001010100020200011010020102110101112101220302031202030300021313031
000001010100020200011010020102110101112101220302031202030300021313032030
000001010100020200011010020102110101112101220302031202030300021313032031
00000101010002020001101002010211010111210122030203120203030002131303203230111121212131330
00000101010002020001101002010211010111210122030203120203030002131303203230111121212131331
00000101010002020001101002010211010111210122030203120203030002131303203230111121212131332120
00000101010002020001101002010211010111210122030203120203030002131303203230111121212131332121
00000101010002020001101002010211010111210122030203120203030002131303203230111121212131332122
0000010101000202000110100201021101011121012203020312020303000213130320323011112121213133212322232
00000101010002020001101002010211010111210122030203120203030002131303203230111121212131332123222333
00000101010002020001101002010211010111210122030203120203030002131303203230111121212131332123223
000001010100020200011010020102110101112101220302031202030300021313032032301111212121313321233
00000101010002020001101002010211010111210122030203120203030002131303203230111121212131332130
00000101010002020001101002010211010111210122030203120203030002131303203230111121212131332131
00000101010002020001101002010211010111210122030203120203030002131303203230111121212131332132223
000001010100020200011010020102110101112101220302031202030300021313032032301111212121313321323
000001010100020200011010020102110101112101220302031202030300021313032032301111212121313321333
00000101010002020001101002010211010111210122030203120203030002131303203230111121212132
00000101010002020001101002010211010111210122030203120203030002131303203230111121212133
0000010101000202000110100201021101011121012203020312020303000213130320323011112122
0000010101000202000110100201021101011121012203020312020303000213130320323011112123
0000010101000202000110100201021101011121012203020312020303000213130320323011113
000001010100020200011010020102110101112101220302031202030300021313032032302
000001010100020200011010020102110101112101220302031202030300021313032032303
0000010101000202000110100201021101011121012203020312020303000213130320323100
0000010101000202000110100201021101011121012203020312020303000213130320323101
0000010101000202000110100201021101011121012203020312020303000213130320323102
0000010101000202000110100201021101011121012203020312020303000213130320323103
0000010101000202000110100201021101011121012203020312020303000213130320323110
0000010101000202000110100201021101011121012203020312020303000213130320323111
0000010101000202000110100201021101011121012203020312020303000213130320323112
0000010101000202000110100201021101011121012203020312020303000213130320323113
0000010101000202000110100201021101011121012203020312020303000213130320323120
0000010101000202000110100201021101011121012203020312020303000213130320323121
0000010101000202000110100201021101011121012203020312020303000213130320323122
0000010101000202000110100201021101011121012203020312020303000213130320323123
0000010101000202000110100201021101011121012203020312020303000213130320323130
0000010101000202000110100201021101011121012203020312020303000213130320323131
0000010101000202000110100201021101011121012203020312020303000213130320323132
0000010101000202000110100201021101011121012203020312020303000213130320323133
0000010101000202000110100201021101011121012203020312020303000213130320323202
0000010101000202000110100201021101011121012203020312020303000213130320323203
000001010100020200011010020102110101112101220302031202030300021313032032321112
000001010100020200011010020102110101112101220302031202030300021313032032321113
0000010101000202000110100201021101011121012203020312020303000213130320323211213
0000010101000202000110100201021101011121012203020312020303000213130320323211222
0000010101000202000110100201021101011121012203020312020303000213130320323211223
00000101010002020001101002010211010111210122030203120203030002131303203232112310
00000101010002020001101002010211010111210122030203120203030002131303203232112311
00000101010002020001101002010211010111210122030203120203030002131303203232112312
00000101010002020001101002010211010111210122030203120203030002131303203232112313
00000101010002020001101002010211010111210122030203120203030002131303203232112320
00000101010002020001101002010211010111210122030203120203030002131303203232112321
00000101010002020001101002010211010111210122030203120203030002131303203232112322
0000010101000202000110100201021101011121012203020312020303000213130320323211232330
0000010101000202000110100201021101011121012203020312020303000213130320323211232331
0000010101000202000110100201021101011121012203020312020303000213130320323211232332
000001010100020200011010020102110101112101220302031202030300021313032032321123233330
000001010100020200011010020102110101112101220302031202030300021313032032321123233331
000001010100020200011010020102110101112101220302031202030300021313032032321123233332
000001010100020200011010020102110101112101220302031202030300021313032032321123233333
00000101010002020001101002010211010111210122030203120203030002131303203232113
000001010100020200011010020102110101112101220302031202030300021313032032322
000001010100020200011010020102110101112101220302031202030300021313032032323
00000101010002020001101002010211010111210122030203120203030003
000001010100020200011010020102110101112101220302031202030301
000001010100020200011010020102110101112101220302031202030302
000001010100020200011010020102110101112101220302031202030303
000001010100020200011010020102110101112102
000001010100020200011010020102110101112103
1000000010101100012020103020
10000000101011000120201030211201002110101130300022101220312020230111120313030
10000000101011000120201030211201002110101130300022101220312020230111120313031
10000000101011000120201030211201002110101130300022101220312020230111120313032021212131330
10000000101011000120201030211201002110101130300022101220312020230111120313032021212131331
10000000101011000120201030211201002110101130300022101220312020230111120313032021212131332130
10000000101011000120201030211201002110101130300022101220312020230111120313032021212131332131
10000000101011000120201030211201002110101130300022101220312020230111120313032021212131332132223
100000001010110001202010302112010021101011303000221012203120202301111203130320212121313321323
100000001010110001202010302112010021101011303000221012203120202301111203130320212121313321330
100000001010110001202010302112010021101011303000221012203120202301111203130320212121313321331
100000001010110001202010302112010021101011303000221012203120202301111203130320212121313321332
10000000101011000120201030211201002110101130300022101220312020230111120313032021212131332133322232
100000001010110001202010302112010021101011303000221012203120202301111203130320212121313321333222333
100000001010110001202010302112010021101011303000221012203120202301111203130320212121313321333223
1000000010101100012020103021120100211010113030002210122031202023011112031303202121213133213333
10000000101011000120201030211201002110101130300022101220312020230111120313032021212132
10000000101011000120201030211201002110101130300022101220312020230111120313032021212133
1000000010101100012020103021120100211010113030002210122031202023011112031303202122
1000000010101100012020103021120100211010113030002210122031202023011112031303202123
1000000010101100012020103021120100211010113030002210122031202023011112031303203
1000000010101100012020103021120100211010113030002210122031202023011113
100000001010110001202010302112010021101011303000221012203120202302
100000001010110001202010302112010021101011303000221012203120202303
1000000010101100012020103021120100211010113030002210122031202023100
1000000010101100012020103021120100211010113030002210122031202023101
1000000010101100012020103021120100211010113030002210122031202023102
1000000010101100012020103021120100211010113030002210122031202023103
1000000010101100012020103021120100211010113030002210122031202023110
1000000010101100012020103021120100211010113030002210122031202023111
1000000010101100012020103021120100211010113030002210122031202023112
1000000010101100012020103021120100211010113030002210122031202023113
1000000010101100012020103021120100211010113030002210122031202023120
1000000010101100012020103021120100211010113030002210122031202023121
1000000010101100012020103021120100211010113030002210122031202023122
1000000010101100012020103021120100211010113030002210122031202023123
1000000010101100012020103021120100211010113030002210122031202023130
1000000010101100012020103021120100211010113030002210122031202023131
1000000010101100012020103021120100211010113030002210122031202023132
1000000010101100012020103021120100211010113030002210122031202023133
1000000010101100012020103021120100211010113030002210122031202023202
1000000010101100012020103021120100211010113030002210122031202023203
1000000010101100012020103021120100211010113030002210122031202023211121
1000000010101100012020103021120100211010113030002210122031202023211122
1000000010101100012020103021120100211010113030002210122031202023211123
100000001010110001202010302112010021101011303000221012203120202321113
1000000010101100012020103021120100211010113030002210122031202023211213
1000000010101100012020103021120100211010113030002210122031202023211223
10000000101011000120201030211201002110101130300022101220312020232112310
10000000101011000120201030211201002110101130300022101220312020232112311
10000000101011000120201030211201002110101130300022101220312020232112312
10000000101011000120201030211201002110101130300022101220312020232112313
10000000101011000120201030211201002110101130300022101220312020232112320
10000000101011000120201030211201002110101130300022101220312020232112321
10000000101011000120201030211201002110101130300022101220312020232112322
1000000010101100012020103021120100211010113030002210122031202023211232330
1000000010101100012020103021120100211010113030002210122031202023211232331
1000000010101100012020103021120100211010113030002210122031202023211232332
100000001010110001202010302112010021101011303000221012203120202321123233330
100000001010110001202010302112010021101011303000221012203120202321123233331
100000001010110001202010302112010021101011303000221012203120202321123233332
100000001010110001202010302112010021101011303000221012203120202321123233333
10000000101011000120201030211201002110101130300022101220312020232113
100000001010110001202010302112010021101011303000221012203120202322
100000001010110001202010302112010021101011303000221012203120202323
10000000101011000120201030211201002110101130300022102
10000000101011000120201030211201002110101130300022103
1000000010101100012020103021120100211010113030003
10000000101011000120201030211201002110101130301
10000000101011000120201030211201002110101130302
10000000101011000120201030211201002110101130303
30000000101010011001020203100211010111201202021012203202030300021313030
30000000101010011001020203100211010111201202021012203202030300021313031
30000000101010011001020203100211010111201202021012203202030300021313032120
30000000101010011001020203100211010111201202021012203202030300021313032121
3000000010101001100102020310021101011120120202101220320203030002131303212230111121212131330
3000000010101001100102020310021101011120120202101220320203030002131303212230111121212131331
300000001010100110010202031002110101112012020210122032020303000213130321223011112121213133222333
300000001010100110010202031002110101112012020210122032020303000213130321223011112121213133223
3000000010101001100102020310021101011120120202101220320203030002131303212230111121212132223
30000000101010011001020203100211010111201202021012203202030300021313032122301111212121323
30000000101010011001020203100211010111201202021012203202030300021313032122301111212121330
30000000101010011001020203100211010111201202021012203202030300021313032122301111212121331
30000000101010011001020203100211010111201202021012203202030300021313032122301111212121332
300000001010100110010202031002110101112012020210122032020303000213130321223011112121213332
300000001010100110010202031002110101112012020210122032020303000213130321223011112121213333
300000001010100110010202031002110101112012020210122032020303000213130321223011112122
300000001010100110010202031002110101112012020210122032020303000213130321223011112123
300000001010100110010202031002110101112012020210122032020303000213130321223011113
30000000101010011001020203100211010111201202021012203202030300021313032122302
30000000101010011001020203100211010111201202021012203202030300021313032122303
300000001010100110010202031002110101112012020210122032020303000213130321223100
300000001010100110010202031002110101112012020210122032020303000213130321223101
300000001010100110010202031002110101112012020210122032020303000213130321223102
300000001010100110010202031002110101112012020210122032020303000213130321223103
300000001010100110010202031002110101112012020210122032020303000213130321223110
300000001010100110010202031002110101112012020210122032020303000213130321223111
300000001010100110010202031002110101112012020210122032020303000213130321223112
300000001010100110010202031002110101112012020210122032020303000213130321223113
300000001010100110010202031002110101112012020210122032020303000213130321223120
300000001010100110010202031002110101112012020210122032020303000213130321223121
300000001010100110010202031002110101112012020210122032020303000213130321223122
300000001010100110010202031002110101112012020210122032020303000213130321223123
300000001010100110010202031002110101112012020210122032020303000213130321223130
300000001010100110010202031002110101112012020210122032020303000213130321223131
300000001010100110010202031002110101112012020210122032020303000213130321223132
300000001010100110010202031002110101112012020210122032020303000213130321223133
300000001010100110010202031002110101112012020210122032020303000213130321223202
300000001010100110010202031002110101112012020210122032020303000213130321223203
300000001010100110010202031002110101112012020210122032020303000213130321223211123
300000001010100110010202031002110101112012020210122032020303000213130321223211130
300000001010100110010202031002110101112012020210122032020303000213130321223211131
300000001010100110010202031002110101112012020210122032020303000213130321223211132
300000001010100110010202031002110101112012020210122032020303000213130321223211133
300000001010100110010202031002110101112012020210122032020303000213130321223211213
300000001010100110010202031002110101112012020210122032020303000213130321223211222
300000001010100110010202031002110101112012020210122032020303000213130321223211223
3000000010101001100102020310021101011120120202101220320203030002131303212232112310
3000000010101001100102020310021101011120120202101220320203030002131303212232112311
3000000010101001100102020310021101011120120202101220320203030002131303212232112312
3000000010101001100102020310021101011120120202101220320203030002131303212232112313
3000000010101001100102020310021101011120120202101220320203030002131303212232112320
3000000010101001100102020310021101011120120202101220320203030002131303212232112321
3000000010101001100102020310021101011120120202101220320203030002131303212232112322
300000001010100110010202031002110101112012020210122032020303000213130321223211232330
300000001010100110010202031002110101112012020210122032020303000213130321223211232331
300000001010100110010202031002110101112012020210122032020303000213130321223211232332
30000000101010011001020203100211010111201202021012203202030300021313032122321123233330
30000000101010011001020203100211010111201202021012203202030300021313032122321123233331
30000000101010011001020203100211010111201202021012203202030300021313032122321123233332
30000000101010011001020203100211010111201202021012203202030300021313032122321123233333
3000000010101001100102020310021101011120120202101220320203030002131303212232113
30000000101010011001020203100211010111201202021012203202030300021313032122322
30000000101010011001020203100211010111201202021012203202030300021313032122323
3000000010101001100102020310021101011120120202101220320203030002131303213
3000000010101001100102020310021101011120120202101220320203030003
30000000101010011001020203100211010111201202021012203202030301
30000000101010011001020203100211010111201202021012203202030302
30000000101010011001020203100211010111201202021012203202030303
30000000101010011001020203100211010111201202021012203203
3000000010101001100102020310021101011120120202102
3000000010101001100102020310021101011120120202103
20000000101010011001021002202020110101112101220302031202030300021313030
20000000101010011001021002202020110101112101220302031202030300021313031
20000000101010011001021002202020110101112101220302031202030300021313032120
20000000101010011001021002202020110101112101220302031202030300021313032121
2000000010101001100102100220202011010111210122030203120203030002131303212230111121212131330
2000000010101001100102100220202011010111210122030203120203030002131303212230111121212131331
2000000010101001100102100220202011010111210122030203120203030002131303212230111121212131332233
200000001010100110010210022020201101011121012203020312020303000213130321223011112121213133232
200000001010100110010210022020201101011121012203020312020303000213130321223011112121213133233
2000000010101001100102100220202011010111210122030203120203030002131303212230111121212132223
20000000101010011001021002202020110101112101220302031202030300021313032122301111212121323
20000000101010011001021002202020110101112101220302031202030300021313032122301111212121330
20000000101010011001021002202020110101112101220302031202030300021313032122301111212121331
20000000101010011001021002202020110101112101220302031202030300021313032122301111212121332
200000001010100110010210022020201101011121012203020312020303000213130321223011112121213332
200000001010100110010210022020201101011121012203020312020303000213130321223011112121213333
200000001010100110010210022020201101011121012203020312020303000213130321223011112122
200000001010100110010210022020201101011121012203020312020303000213130321223011112123
200000001010100110010210022020201101011121012203020312020303000213130321223011113
20000000101010011001021002202020110101112101220302031202030300021313032122302
20000000101010011001021002202020110101112101220302031202030300021313032122303
200000001010100110010210022020201101011121012203020312020303000213130321223100
200000001010100110010210022020201101011121012203020312020303000213130321223101
200000001010100110010210022020201101011121012203020312020303000213130321223102
200000001010100110010210022020201101011121012203020312020303000213130321223103
200000001010100110010210022020201101011121012203020312020303000213130321223110
200000001010100110010210022020201101011121012203020312020303000213130321223111
200000001010100110010210022020201101011121012203020312020303000213130321223112
200000001010100110010210022020201101011121012203020312020303000213130321223113
200000001010100110010210022020201101011121012203020312020303000213130321223120
200000001010100110010210022020201101011121012203020312020303000213130321223121
200000001010100110010210022020201101011121012203020312020303000213130321223122
200000001010100110010210022020201101011121012203020312020303000213130321223123
200000001010100110010210022020201101011121012203020312020303000213130321223130
200000001010100110010210022020201101011121012203020312020303000213130321223131
200000001010100110010210022020201101011121012203020312020303000213130321223132
200000001010100110010210022020201101011121012203020312020303000213130321223133
200000001010100110010210022020201101011121012203020312020303000213130321223202
200000001010100110010210022020201101011121012203020312020303000213130321223203
200000001010100110010210022020201101011121012203020312020303000213130321223211123
200000001010100110010210022020201101011121012203020312020303000213130321223211130
200000001010100110010210022020201101011121012203020312020303000213130321223211131
200000001010100110010210022020201101011121012203020312020303000213130321223211132
200000001010100110010210022020201101011121012203020312020303000213130321223211133
200000001010100110010210022020201101011121012203020312020303000213130321223211213
200000001010100110010210022020201101011121012203020312020303000213130321223211222
200000001010100110010210022020201101011121012203020312020303000213130321223211223
2000000010101001100102100220202011010111210122030203120203030002131303212232112310
2000000010101001100102100220202011010111210122030203120203030002131303212232112311
2000000010101001100102100220202011010111210122030203120203030002131303212232112312
2000000010101001100102100220202011010111210122030203120203030002131303212232112313
2000000010101001100102100220202011010111210122030203120203030002131303212232112320
2000000010101001100102100220202011010111210122030203120203030002131303212232112321
2000000010101001100102100220202011010111210122030203120203030002131303212232112322
200000001010100110010210022020201101011121012203020312020303000213130321223211232330
200000001010100110010210022020201101011121012203020312020303000213130321223211232331
200000001010100110010210022020201101011121012203020312020303000213130321223211232332
20000000101010011001021002202020110101112101220302031202030300021313032122321123233330
20000000101010011001021002202020110101112101220302031202030300021313032122321123233331
20000000101010011001021002202020110101112101220302031202030300021313032122321123233332
20000000101010011001021002202020110101112101220302031202030300021313032122321123233333
2000000010101001100102100220202011010111210122030203120203030002131303212232113
20000000101010011001021002202020110101112101220302031202030300021313032122322
20000000101010011001021002202020110101112101220302031202030300021313032122323
2000000010101001100102100220202011010111210122030203120203030002131303213
2000000010101001100102100220202011010111210122030203120203030003
20000000101010011001021002202020110101112101220302031202030301
20000000101010011001021002202020110101112101220302031202030302
20000000101010011001021002202020110101112101220302031202030303
20000000101010011001021002202020110101112102
20000000101010011001021002202020110101112103
20000000101010011001021002203
