10000000010010202001010030201100101121110301013010203010
10000000010010202001010030201100101121110301013010203011
1000000001001020200101003020110010112111030101301020301220
1000000001001020200101003020110010112111030101301020301221
1000000001001020200101003020110010112111030101301020301222302030
100000000100102020010100302011001011211103010130102030122230203120
1000000001001020200101003020110010112111030101301020301222302031213002020211
10000000010010202001010030201100101121110301013010203012223020312130020202121
100000000100102020010100302011001011211103010130102030122230203121300202021223132111112
10000000010010202001010030201100101121110301013010203012223020312130020202122313211111332
10000000010010202001010030201100101121110301013010203012223020312130020202122313211111333
100000000100102020010100302011001011211103010130102030122230203121300202021223132111123121122
100000000100102020010100302011001011211103010130102030122230203121300202021223132111123121123
1000000001001020200101003020110010112111030101301020301222302031213002020212231321111231211310
1000000001001020200101003020110010112111030101301020301222302031213002020212231321111231211311313212
10000000010010202001010030201100101121110301013010203012223020312130020202122313211112312113113132131
10000000010010202001010030201100101121110301013010203012223020312130020202122313211112312113113132132222302
1000000001001020200101003020110010112111030101301020301222302031213002020212231321111231211311313213222230331
1000000001001020200101003020110010112111030101301020301222302031213002020212231321111231211311313213222230332
10000000010010202001010030201100101121110301013010203012223020312130020202122313211112312113113132132222303333
10000000010010202001010030201100101121110301013010203012223020312130020202122313211112312113113132132222313
1000000001001020200101003020110010112111030101301020301222302031213002020212231321111231211311313213222232
100000000100102020010100302011001011211103010130102030122230203121300202021223132111123121131131321322223320
100000000100102020010100302011001011211103010130102030122230203121300202021223132111123121131131321322223321
100000000100102020010100302011001011211103010130102030122230203121300202021223132111123121131131321322223322
100000000100102020010100302011001011211103010130102030122230203121300202021223132111123121131131321322223323
1000000001001020200101003020110010112111030101301020301222302031213002020212231321111231211311313213222233303
100000000100102020010100302011001011211103010130102030122230203121300202021223132111123121131131321322223331
1000000001001020200101003020110010112111030101301020301222302031213002020212231321111231211311313213222233323
100000000100102020010100302011001011211103010130102030122230203121300202021223132111123121131131321322223333
10000000010010202001010030201100101121110301013010203012223020312130020202122313211112312113113132132223
100000000100102020010100302011001011211103010130102030122230203121300202021223132111123121131132120
100000000100102020010100302011001011211103010130102030122230203121300202021223132111123121131132121
100000000100102020010100302011001011211103010130102030122230203121300202021223132111123121131132122
100000000100102020010100302011001011211103010130102030122230203121300202021223132111123121131132123
100000000100102020010100302011001011211103010130102030122230203121300202021223132111123121131132130
100000000100102020010100302011001011211103010130102030122230203121300202021223132111123121131132131
100000000100102020010100302011001011211103010130102030122230203121300202021223132111123121131132132
100000000100102020010100302011001011211103010130102030122230203121300202021223132111123121131132133
10000000010010202001010030201100101121110301013010203012223020312130020202122313211112312113113220
10000000010010202001010030201100101121110301013010203012223020312130020202122313211112312113113221
10000000010010202001010030201100101121110301013010203012223020312130020202122313211112312113113222
10000000010010202001010030201100101121110301013010203012223020312130020202122313211112312113113223
10000000010010202001010030201100101121110301013010203012223020312130020202122313211112312113113230
10000000010010202001010030201100101121110301013010203012223020312130020202122313211112312113113231
10000000010010202001010030201100101121110301013010203012223020312130020202122313211112312113113232
10000000010010202001010030201100101121110301013010203012223020312130020202122313211112312113113233
1000000001001020200101003020110010112111030101301020301222302031213002020212231321111231211311330
1000000001001020200101003020110010112111030101301020301222302031213002020212231321111231211311331
1000000001001020200101003020110010112111030101301020301222302031213002020212231321111231211311332
1000000001001020200101003020110010112111030101301020301222302031213002020212231321111231211311333
1000000001001020200101003020110010112111030101301020301222302031213002020212231321111231211312
1000000001001020200101003020110010112111030101301020301222302031213002020212231321111231211313
100000000100102020010100302011001011211103010130102030122230203121300202021223132111123122
100000000100102020010100302011001011211103010130102030122230203121300202021223132111123123
100000000100102020010100302011001011211103010130102030122230203121300202021223132112
100000000100102020010100302011001011211103010130102030122230203121300202021223132113
10000000010010202001010030201100101121110301013010203012223020312130020203
100000000100102020010100302011001011211103010130102030122230203121300203
1000000001001020200101003020110010112111030101301020301222302031213003
100000000100102020010100302011001011211103010130102030122230203121301
100000000100102020010100302011001011211103010130102030122230203121302
100000000100102020010100302011001011211103010130102030122230203121303
1000000001001020200101003020110010112111030102
1000000001001020200101003020110010112111030103
10000000010010202001010030201100101121110302
10000000010010202001010030201100101121110303
00000000100102020010101121001003020111103010220
000000001001020200101011210010030201111030102213010203010
000000001001020200101011210010030201111030102213010203011
000000001001020200101011210010030201111030102213010203012302030
00000000100102020010101121001003020111103010221301020301230203120
000000001001020200101011210010030201111030102213010203012302031213002020211
0000000010010202001010112100100302011110301022130102030123020312130020202121
0000000010010202001010112100100302011110301022130102030123020312130020202122313211101
0000000010010202001010112100100302011110301022130102030123020312130020202122313211102
00000000100102020010101121001003020111103010221301020301230203121300202021223132111031211112
0000000010010202001010112100100302011110301022130102030123020312130020202122313211103121111332
0000000010010202001010112100100302011110301022130102030123020312130020202122313211103121111333
00000000100102020010101121001003020111103010221301020301230203121300202021223132111031211122
00000000100102020010101121001003020111103010221301020301230203121300202021223132111031211123212
00000000100102020010101121001003020111103010221301020301230203121300202021223132111031211123213131331
00000000100102020010101121001003020111103010221301020301230203121300202021223132111031211123213131332
00000000100102020010101121001003020111103010221301020301230203121300202021223132111031211123213131333222230
0000000010010202001010112100100302011110301022130102030123020312130020202122313211103121112321313133322223133
000000001001020200101011210010030201111030102213010203012302031213002020212231321110312111232131313332222322
000000001001020200101011210010030201111030102213010203012302031213002020212231321110312111232131313332222323
0000000010010202001010112100100302011110301022130102030123020312130020202122313211103121112321313133322223310
0000000010010202001010112100100302011110301022130102030123020312130020202122313211103121112321313133322223311
0000000010010202001010112100100302011110301022130102030123020312130020202122313211103121112321313133322223312
0000000010010202001010112100100302011110301022130102030123020312130020202122313211103121112321313133322223313
0000000010010202001010112100100302011110301022130102030123020312130020202122313211103121112321313133322223320
0000000010010202001010112100100302011110301022130102030123020312130020202122313211103121112321313133322223321
0000000010010202001010112100100302011110301022130102030123020312130020202122313211103121112321313133322223322
0000000010010202001010112100100302011110301022130102030123020312130020202122313211103121112321313133322223323
00000000100102020010101121001003020111103010221301020301230203121300202021223132111031211123213131333222233303
0000000010010202001010112100100302011110301022130102030123020312130020202122313211103121112321313133322223331
00000000100102020010101121001003020111103010221301020301230203121300202021223132111031211123213131333222233323
0000000010010202001010112100100302011110301022130102030123020312130020202122313211103121112321313133322223333
000000001001020200101011210010030201111030102213010203012302031213002020212231321110312111232131313332223
00000000100102020010101121001003020111103010221301020301230203121300202021223132111031211123213132120
00000000100102020010101121001003020111103010221301020301230203121300202021223132111031211123213132121
00000000100102020010101121001003020111103010221301020301230203121300202021223132111031211123213132122
00000000100102020010101121001003020111103010221301020301230203121300202021223132111031211123213132123
00000000100102020010101121001003020111103010221301020301230203121300202021223132111031211123213132130
00000000100102020010101121001003020111103010221301020301230203121300202021223132111031211123213132131
00000000100102020010101121001003020111103010221301020301230203121300202021223132111031211123213132132
00000000100102020010101121001003020111103010221301020301230203121300202021223132111031211123213132133
0000000010010202001010112100100302011110301022130102030123020312130020202122313211103121112321313220
0000000010010202001010112100100302011110301022130102030123020312130020202122313211103121112321313221
0000000010010202001010112100100302011110301022130102030123020312130020202122313211103121112321313222
0000000010010202001010112100100302011110301022130102030123020312130020202122313211103121112321313223
0000000010010202001010112100100302011110301022130102030123020312130020202122313211103121112321313230
0000000010010202001010112100100302011110301022130102030123020312130020202122313211103121112321313231
0000000010010202001010112100100302011110301022130102030123020312130020202122313211103121112321313232
0000000010010202001010112100100302011110301022130102030123020312130020202122313211103121112321313233
000000001001020200101011210010030201111030102213010203012302031213002020212231321110312111232131330
000000001001020200101011210010030201111030102213010203012302031213002020212231321110312111232131331
000000001001020200101011210010030201111030102213010203012302031213002020212231321110312111232131332
000000001001020200101011210010030201111030102213010203012302031213002020212231321110312111232131333
000000001001020200101011210010030201111030102213010203012302031213002020212231321110312112
000000001001020200101011210010030201111030102213010203012302031213002020212231321110312113
0000000010010202001010112100100302011110301022130102030123020312130020202122313211103122
0000000010010202001010112100100302011110301022130102030123020312130020202122313211103123
00000000100102020010101121001003020111103010221301020301230203121300202021223132112
00000000100102020010101121001003020111103010221301020301230203121300202021223132113
0000000010010202001010112100100302011110301022130102030123020312130020203
00000000100102020010101121001003020111103010221301020301230203121300203
000000001001020200101011210010030201111030102213010203012302031213003
00000000100102020010101121001003020111103010221301020301230203121301
00000000100102020010101121001003020111103010221301020301230203121302
00000000100102020010101121001003020111103010221301020301230203121303
000000001001020200101011210010030201111030103
0000000010010202001010112100100302011110302
0000000010010202001010112100100302011110303
20000000010010202001010030201100101121110301013010203010
20000000010010202001010030201100101121110301013010203011
2000000001001020200101003020110010112111030101301020301220
2000000001001020200101003020110010112111030101301020301221
2000000001001020200101003020110010112111030101301020301222302030
200000000100102020010100302011001011211103010130102030122230203120
2000000001001020200101003020110010112111030101301020301222302031213002020211
20000000010010202001010030201100101121110301013010203012223020312130020202121
20000000010010202001010030201100101121110301013010203012223020312130020202122313211102
200000000100102020010100302011001011211103010130102030122230203121300202021223132111031211112
20000000010010202001010030201100101121110301013010203012223020312130020202122313211103121111332
20000000010010202001010030201100101121110301013010203012223020312130020202122313211103121111333
200000000100102020010100302011001011211103010130102030122230203121300202021223132111031211123212
200000000100102020010100302011001011211103010130102030122230203121300202021223132111031211123213131331
200000000100102020010100302011001011211103010130102030122230203121300202021223132111031211123213131332
200000000100102020010100302011001011211103010130102030122230203121300202021223132111031211123213131333222230
20000000010010202001010030201100101121110301013010203012223020312130020202122313211103121112321313133322223133
2000000001001020200101003020110010112111030101301020301222302031213002020212231321110312111232131313332222322
2000000001001020200101003020110010112111030101301020301222302031213002020212231321110312111232131313332222323
20000000010010202001010030201100101121110301013010203012223020312130020202122313211103121112321313133322223310
20000000010010202001010030201100101121110301013010203012223020312130020202122313211103121112321313133322223311
20000000010010202001010030201100101121110301013010203012223020312130020202122313211103121112321313133322223312
20000000010010202001010030201100101121110301013010203012223020312130020202122313211103121112321313133322223313
20000000010010202001010030201100101121110301013010203012223020312130020202122313211103121112321313133322223320
20000000010010202001010030201100101121110301013010203012223020312130020202122313211103121112321313133322223321
20000000010010202001010030201100101121110301013010203012223020312130020202122313211103121112321313133322223322
20000000010010202001010030201100101121110301013010203012223020312130020202122313211103121112321313133322223323
200000000100102020010100302011001011211103010130102030122230203121300202021223132111031211123213131333222233303
20000000010010202001010030201100101121110301013010203012223020312130020202122313211103121112321313133322223331
200000000100102020010100302011001011211103010130102030122230203121300202021223132111031211123213131333222233323
20000000010010202001010030201100101121110301013010203012223020312130020202122313211103121112321313133322223333
2000000001001020200101003020110010112111030101301020301222302031213002020212231321110312111232131313332223
200000000100102020010100302011001011211103010130102030122230203121300202021223132111031211123213132121
200000000100102020010100302011001011211103010130102030122230203121300202021223132111031211123213132122
200000000100102020010100302011001011211103010130102030122230203121300202021223132111031211123213132123
200000000100102020010100302011001011211103010130102030122230203121300202021223132111031211123213132130
200000000100102020010100302011001011211103010130102030122230203121300202021223132111031211123213132131
200000000100102020010100302011001011211103010130102030122230203121300202021223132111031211123213132132
200000000100102020010100302011001011211103010130102030122230203121300202021223132111031211123213132133
20000000010010202001010030201100101121110301013010203012223020312130020202122313211103121112321313220
20000000010010202001010030201100101121110301013010203012223020312130020202122313211103121112321313221
20000000010010202001010030201100101121110301013010203012223020312130020202122313211103121112321313222
20000000010010202001010030201100101121110301013010203012223020312130020202122313211103121112321313223
20000000010010202001010030201100101121110301013010203012223020312130020202122313211103121112321313230
20000000010010202001010030201100101121110301013010203012223020312130020202122313211103121112321313231
20000000010010202001010030201100101121110301013010203012223020312130020202122313211103121112321313232
20000000010010202001010030201100101121110301013010203012223020312130020202122313211103121112321313233
2000000001001020200101003020110010112111030101301020301222302031213002020212231321110312111232131330
2000000001001020200101003020110010112111030101301020301222302031213002020212231321110312111232131331
2000000001001020200101003020110010112111030101301020301222302031213002020212231321110312111232131332
2000000001001020200101003020110010112111030101301020301222302031213002020212231321110312111232131333
2000000001001020200101003020110010112111030101301020301222302031213002020212231321110312112
2000000001001020200101003020110010112111030101301020301222302031213002020212231321110312113
20000000010010202001010030201100101121110301013010203012223020312130020202122313211103122
20000000010010202001010030201100101121110301013010203012223020312130020202122313211103123
200000000100102020010100302011001011211103010130102030122230203121300202021223132112
200000000100102020010100302011001011211103010130102030122230203121300202021223132113
20000000010010202001010030201100101121110301013010203012223020312130020203
200000000100102020010100302011001011211103010130102030122230203121300203
2000000001001020200101003020110010112111030101301020301222302031213003
200000000100102020010100302011001011211103010130102030122230203121301
200000000100102020010100302011001011211103010130102030122230203121302
200000000100102020010100302011001011211103010130102030122230203121303
2000000001001020200101003020110010112111030102
2000000001001020200101003020110010112111030103
20000000010010202001010030201100101121110302
20000000010010202001010030201100101121110303
300000001001001001020200101003020110203010
30000000100100100102020010100302011020301112111030101302030
3000000010010010010202001010030201102030111211103010130203120
30000000100100100102020010100302011020301112111030101302031213002020211
300000001001001001020200101003020110203011121110301013020312130020202121
300000001001001001020200101003020110203011121110301013020312130020202122313211101
30000000100100100102020010100302011020301112111030101302031213002020212231321110220
30000000100100100102020010100302011020301112111030101302031213002020212231321110221
3000000010010010010202001010030201102030111211103010130203121300202021223132111022230
3000000010010010010202001010030201102030111211103010130203121300202021223132111022231211112
300000001001001001020200101003020110203011121110301013020312130020202122313211102223121111332
300000001001001001020200101003020110203011121110301013020312130020202122313211102223121111333
30000000100100100102020010100302011020301112111030101302031213002020212231321110222312111231312
30000000100100100102020010100302011020301112111030101302031213002020212231321110222312111231313212
30000000100100100102020010100302011020301112111030101302031213002020212231321110222312111231313213222230331
30000000100100100102020010100302011020301112111030101302031213002020212231321110222312111231313213222230332
300000001001001001020200101003020110203011121110301013020312130020202122313211102223121112313132132222303333
300000001001001001020200101003020110203011121110301013020312130020202122313211102223121112313132132222313
300000001001001001020200101003020110203011121110301013020312130020202122313211102223121112313132132222322
300000001001001001020200101003020110203011121110301013020312130020202122313211102223121112313132132222323
3000000010010010010202001010030201102030111211103010130203121300202021223132111022231211123131321322223310
3000000010010010010202001010030201102030111211103010130203121300202021223132111022231211123131321322223311
3000000010010010010202001010030201102030111211103010130203121300202021223132111022231211123131321322223312
3000000010010010010202001010030201102030111211103010130203121300202021223132111022231211123131321322223313
3000000010010010010202001010030201102030111211103010130203121300202021223132111022231211123131321322223320
3000000010010010010202001010030201102030111211103010130203121300202021223132111022231211123131321322223321
3000000010010010010202001010030201102030111211103010130203121300202021223132111022231211123131321322223322
3000000010010010010202001010030201102030111211103010130203121300202021223132111022231211123131321322223323
30000000100100100102020010100302011020301112111030101302031213002020212231321110222312111231313213222233303
3000000010010010010202001010030201102030111211103010130203121300202021223132111022231211123131321322223331
30000000100100100102020010100302011020301112111030101302031213002020212231321110222312111231313213222233323
3000000010010010010202001010030201102030111211103010130203121300202021223132111022231211123131321322223333
300000001001001001020200101003020110203011121110301013020312130020202122313211102223121112313132132223
3000000010010010010202001010030201102030111211103010130203121300202021223132111022231211123132120
3000000010010010010202001010030201102030111211103010130203121300202021223132111022231211123132121
3000000010010010010202001010030201102030111211103010130203121300202021223132111022231211123132122
3000000010010010010202001010030201102030111211103010130203121300202021223132111022231211123132123
3000000010010010010202001010030201102030111211103010130203121300202021223132111022231211123132131
3000000010010010010202001010030201102030111211103010130203121300202021223132111022231211123132132
3000000010010010010202001010030201102030111211103010130203121300202021223132111022231211123132133
300000001001001001020200101003020110203011121110301013020312130020202122313211102223121112313220
300000001001001001020200101003020110203011121110301013020312130020202122313211102223121112313221
300000001001001001020200101003020110203011121110301013020312130020202122313211102223121112313222
300000001001001001020200101003020110203011121110301013020312130020202122313211102223121112313223
300000001001001001020200101003020110203011121110301013020312130020202122313211102223121112313230
300000001001001001020200101003020110203011121110301013020312130020202122313211102223121112313231
300000001001001001020200101003020110203011121110301013020312130020202122313211102223121112313232
300000001001001001020200101003020110203011121110301013020312130020202122313211102223121112313233
30000000100100100102020010100302011020301112111030101302031213002020212231321110222312111231330
30000000100100100102020010100302011020301112111030101302031213002020212231321110222312111231331
30000000100100100102020010100302011020301112111030101302031213002020212231321110222312111231332
30000000100100100102020010100302011020301112111030101302031213002020212231321110222312111231333
30000000100100100102020010100302011020301112111030101302031213002020212231321110222312112
30000000100100100102020010100302011020301112111030101302031213002020212231321110222312113
300000001001001001020200101003020110203011121110301013020312130020202122313211102223122
300000001001001001020200101003020110203011121110301013020312130020202122313211102223123
3000000010010010010202001010030201102030111211103010130203121300202021223132112
3000000010010010010202001010030201102030111211103010130203121300202021223132113
300000001001001001020200101003020110203011121110301013020312130020203
3000000010010010010202001010030201102030111211103010130203121300203
30000000100100100102020010100302011020301112111030101302031213003
3000000010010010010202001010030201102030111211103010130203121301
3000000010010010010202001010030201102030111211103010130203121302
3000000010010010010202001010030201102030111211103010130203121303
30000000100100100102020010100302011020301112111030102
30000000100100100102020010100302011020301112111030103
300000001001001001020200101003020110203011121110302
300000001001001001020200101003020110203011121110303
