20000
21000
220
230
20100
2020
20300
20010
200200
20030
20001
20002
20003
2110
2120000
2130
21010
21020
21030
21001
21002
21003
221
222
223
231
232
233
20110
20120
20130
20101
20102
20103
2021
2022
2023
203100
20320
20330
20301
20302
20303
20011
20012
20013
200210
200220
200230
200201
200202
200203
20031
20032
20033
2111
2112
2113
21210
21220
21230
212010
21202
212030
2120010
2120020
2120030
2120001
2120002
2120003
2131
2132
2133
21011
21012
21013
21021
21022
21023
21031
21032
21033
20111
20112
20113
20121
20122
20123
20131
20132
20133
203110
203120
203130
203101
203102
203103
20321
20322
20323
20331
20332
20333
200211
200212
200213
200221
200222
200223
200231
200232
200233
21211
21212
21213
21221
21222
21223
21231
21232
21233
212011
212012
212013
212031
212032
212033
2120011
2120012
2120013
2120021
2120022
2120023
2120031
2120032
2120033
203111
203112
203113
203121
203122
203123
203131
203132
203133
10000
1100
1200
1300
10100
10200
1030
10010
10020
10030
10001
10002
10003
1110
1120
1130
1101
1102
1103
1210
1220
123000
1201
1202
1203
13100
1320
1330
1301
1302
1303
10110
101200
10130
10101
10102
10103
10210
10220
10230
10201
10202
10203
1031
1032
1033
10011
10012
10013
10021
10022
10023
10031
10032
10033
1111
1112
1113
1121
1122
1123
1131
1132
1133
1211
1212
1213
1221
1222
1223
1231
12320
12330
123010
123020
123030
123001
123002
123003
13110
13120
13130
13101
13102
13103
1321
1322
1323
1331
1332
1333
10111
10112
10113
101210
101220
101230
101201
101202
101203
10131
10132
10133
10211
10212
10213
10221
10222
10223
10231
10232
10233
12321
12322
12323
12331
12332
12333
123011
123012
123013
123021
123022
123023
123031
123032
123033
13111
13112
13113
13121
13122
13123
13131
13132
13133
101211
101212
101213
101221
101222
101223
101231
101232
101233
0000000
0100
020
0300
001000
0020
0030
00010
00020
00030
000010
000020
0000300
0000010
0000020
0000030
0000001
0000002
0000003
01100
0120
0130
01010
01020
01030
021
022
023
0310
0320
0330
0301
0302
0303
00110
00120
00130
001010
001020
001030
001001
001002
001003
0021
0022
0023
0031
0032
0033
00011
00012
00013
00021
00022
00023
00031
00032
00033
000011
000012
000013
000021
000022
000023
0000310
0000320
0000330
0000301
0000302
0000303
0000011
0000012
0000013
0000021
0000022
0000023
0000031
0000032
0000033
01110
01120
01130
01101
01102
01103
0121
0122
0123
0131
0132
0133
01011
01012
01013
01021
01022
01023
01031
01032
01033
0311
0312
0313
0321
0322
0323
0331
0332
0333
00111
00112
00113
00121
00122
00123
00131
00132
00133
001011
001012
001013
001021
001022
001023
001031
001032
001033
0000311
0000312
0000313
0000321
0000322
0000323
0000331
0000332
0000333
01111
01112
01113
01121
01122
01123
01131
01132
01133
30000
31000
320
330
30100
3020
30300
30010
300200
30030
30001
30002
30003
3110
3120000
3130
31010
31020
31030
31001
31002
31003
321
322
323
331
332
333
30110
30120
30130
30101
30102
30103
3021
3022
3023
303100
30320
30330
30301
30302
30303
30011
30012
30013
300210
300220
300230
300201
300202
300203
30031
30032
30033
3111
3112
3113
31210
31220
31230
312010
312020
31203
3120010
3120020
3120030
3120001
3120002
3120003
3131
3132
3133
31011
31012
31013
31021
31022
31023
31031
31032
31033
30111
30112
30113
30121
30122
30123
30131
30132
30133
303110
303120
303130
303101
303102
303103
30321
30322
30323
30331
30332
30333
300211
300212
300213
300221
300222
300223
300231
300232
300233
31211
31212
31213
31221
31222
31223
31231
31232
31233
312011
312012
312013
312021
312022
312023
3120011
3120012
3120013
3120021
3120022
3120023
3120031
3120032
3120033
303111
303112
303113
303121
303122
303123
303131
303132
303133
