0,1,4,0,2,0,11,9,16,11,12,16,9,17,5,11,7,10,4,14,2,4,6,4,3,0,16,11,17,0
0,1,4,0,2,0,11,9,16,11,12,16,9,17,5,11,7,10,4,14,2,4,6,4,3,0,16,11,17,14,4
0,1,4,0,2,0,11,9,16,11,12,16,9,17,5,11,7,10,4,14,2,4,6,4,3,0,16,11,17,14,1,8,3,13,12,16,16
0,1,4,0,2,0,11,9,16,11,12,16,9,17,5,11,7,10,4,14,2,4,6,4,3,0,16,11,17,14,1,8,3,13,12,0
0,1,4,0,2,0,11,9,16,11,12,16,9,17,5,11,7,10,4,14,2,4,6,4,3,0,16,11,17,14,1,8,3,13,12,13,2,3,2,7,16
0,1,4,0,2,0,11,9,16,11,12,16,9,17,5,11,7,10,4,14,2,4,6,4,3,0,16,11,17,14,1,8,3,13,12,13,2,3,2,7,2
0,1,4,0,2,0,11,9,16,11,12,16,9,17,5,11,7,10,4,14,2,4,6,4,3,0,16,11,17,14,1,8,3,13,12,13,2,3,2,7,10,5,8,3,7
0,1,4,0,2,0,11,9,16,11,12,16,9,17,5,11,7,10,4,14,2,4,6,4,3,0,16,11,17,14,1,8,3,13,12,13,2,3,2,7,10,5,8,11
0,1,4,0,2,0,11,9,16,11,12,16,9,17,5,11,7,10,4,14,2,4,6,4,3,0,16,11,17,14,1,8,3,13,12,13,2,3,2,7,10,5,8,15,4
0,1,4,0,2,0,11,9,16,11,12,16,9,17,5,11,7,10,4,14,2,4,6,4,3,0,16,11,17,14,1,8,3,13,12,13,2,3,2,7,10,5,8,15,12
0,1,4,0,2,0,11,9,16,11,12,16,9,17,5,11,7,10,4,14,2,4,6,4,3,0,16,11,17,14,1,8,3,13,12,13,2,3,2,7,10,5,8,15,13,17,5,0
0,1,4,0,2,0,11,9,16,11,12,16,9,17,5,11,7,10,4,14,2,4,6,4,3,0,16,11,17,14,1,8,3,13,12,13,2,3,2,7,10,5,8,15,13,17,5,10,17
0,1,4,0,2,0,11,9,16,11,12,16,9,17,5,11,7,10,4,14,2,4,6,4,3,0,16,11,17,14,1,8,3,13,12,13,2,3,2,7,10,5,8,15,13,17,5,10,14,16
0,1,4,0,2,0,11,9,16,11,12,16,9,17,5,11,7,10,4,14,2,4,6,4,3,0,16,11,17,14,1,8,3,13,12,13,2,3,2,7,10,5,8,15,13,12
0,1,4,0,2,0,11,9,16,11,12,16,9,17,5,11,7,10,4,14,2,4,6,4,3,0,16,11,17,14,1,8,3,13,12,13,2,3,2,7,10,5,8,15,16
0,1,4,0,2,0,11,9,16,11,12,16,9,17,5,11,7,10,4,14,2,4,6,4,3,0,16,11,17,14,1,13
0,1,4,0,2,0,11,9,16,11,12,16,9,17,5,11,7,10,4,14,2,4,6,4,3,0,16,11,17,14,1,10
0,1,4,0,2,0,11,9,16,11,12,16,9,17,5,11,7,10,4,14,2,4,6,9,10
0,1,4,0,2,0,11,9,16,11,12,16,9,17,5,11,7,10,4,14,2,4,6,9,5
0,1,4,0,2,0,11,9,16,11,12,16,9,17,5,11,7,10,4,14,2,4,6,8
0,1,4,0,2,0,11,9,16,11,12,16,9,17,5,11,7,10,4,14,2,4,6,11
