011102963157917511461213191510179606829
011102963157917511461213191510179606825115
01110296315791751146121319151017960682511489
01110296315791751146121319151017960682511481
01110296315791751146121319151017960682511485
0111029631579175114612131915101796068251149
0111029631579175114612131915101796068251146
0111029631579175114612131915101796068251135
0111029631579175114612131915101796068251136
011102963157917511461213191510179606825111
01110296315791751146121319151017960682515
011102963157917511461213191510171
01110296315791751146121319151015
011102963157917511461213191516
011102963157917511461213191511
0111029631579175114618
0114
0111
0111
