0000100000000100101011000101020110011100101020202030210110300201112020203010110
00001000000001001010110001010201100111001010202020302101103002011120202030101112020
000010000000010010101100010102011001110010102020203021011030020111202020301011120213030213030
000010000000010010101100010102011001110010102020203021011030020111202020301011120213030213031
000010000000010010101100010102011001110010102020203021011030020111202020301011120213030213032021112021221210
000010000000010010101100010102011001110010102020203021011030020111202020301011120213030213032021112021221211
000010000000010010101100010102011001110010102020203021011030020111202020301011120213030213032021112021221212212303020
000010000000010010101100010102011001110010102020203021011030020111202020301011120213030213032021112021221212212303021
00001000000001001010110001010201100111001010202020302101103002011120202030101112021303021303202111202122121221230302230
00001000000001001010110001010201100111001010202020302101103002011120202030101112021303021303202111202122121221230302231
00001000000001001010110001010201100111001010202020302101103002011120202030101112021303021303202111202122121221230302232
0000100000000100101011000101020110011100101020202030210110300201112020203010111202130302130320211120212212122123030223311122
0000100000000100101011000101020110011100101020202030210110300201112020203010111202130302130320211120212212122123030223311123030
00001000000001001010110001010201100111001010202020302101103002011120202030101112021303021303202111202122121221230302233111230313131
00001000000001001010110001010201100111001010202020302101103002011120202030101112021303021303202111202122121221230302233111230313132203230
00001000000001001010110001010201100111001010202020302101103002011120202030101112021303021303202111202122121221230302233111230313132203231
00001000000001001010110001010201100111001010202020302101103002011120202030101112021303021303202111202122121221230302233111230313132203232
000010000000010010101100010102011001110010102020203021011030020111202020301011120213030213032021112021221212212303022331112303131322032331
0000100000000100101011000101020110011100101020202030210110300201112020203010111202130302130320211120212212122123030223311123031313220323320
00001000000001001010110001010201100111001010202020302101103002011120202030101112021303021303202111202122121221230302233111230313132203233212132021
00001000000001001010110001010201100111001010202020302101103002011120202030101112021303021303202111202122121221230302233111230313132203233212132022
00001000000001001010110001010201100111001010202020302101103002011120202030101112021303021303202111202122121221230302233111230313132203233212132023330
00001000000001001010110001010201100111001010202020302101103002011120202030101112021303021303202111202122121221230302233111230313132203233212132023331
00001000000001001010110001010201100111001010202020302101103002011120202030101112021303021303202111202122121221230302233111230313132203233212132023332
0000100000000100101011000101020110011100101020202030210110300201112020203010111202130302130320211120212212122123030223311123031313220323321213202333330
0000100000000100101011000101020110011100101020202030210110300201112020203010111202130302130320211120212212122123030223311123031313220323321213202333331
0000100000000100101011000101020110011100101020202030210110300201112020203010111202130302130320211120212212122123030223311123031313220323321213202333332
0000100000000100101011000101020110011100101020202030210110300201112020203010111202130302130320211120212212122123030223311123031313220323321213202333333
0000100000000100101011000101020110011100101020202030210110300201112020203010111202130302130320211120212212122123030223311123031313220323321213203121
0000100000000100101011000101020110011100101020202030210110300201112020203010111202130302130320211120212212122123030223311123031313220323321213203122
0000100000000100101011000101020110011100101020202030210110300201112020203010111202130302130320211120212212122123030223311123031313220323321213203123
00001000000001001010110001010201100111001010202020302101103002011120202030101112021303021303202111202122121221230302233111230313132203233212132031311
000010000000010010101100010102011001110010102020203021011030020111202020301011120213030213032021112021221212212303022331112303131322032332121320313122
00001000000001001010110001010201100111001010202020302101103002011120202030101112021303021303202111202122121221230302233111230313132203233212132031312323
00001000000001001010110001010201100111001010202020302101103002011120202030101112021303021303202111202122121221230302233111230313132203233212132031312330
00001000000001001010110001010201100111001010202020302101103002011120202030101112021303021303202111202122121221230302233111230313132203233212132031312331
00001000000001001010110001010201100111001010202020302101103002011120202030101112021303021303202111202122121221230302233111230313132203233212132031312332
00001000000001001010110001010201100111001010202020302101103002011120202030101112021303021303202111202122121221230302233111230313132203233212132031312333
00001000000001001010110001010201100111001010202020302101103002011120202030101112021303021303202111202122121221230302233111230313132203233212132031313
0000100000000100101011000101020110011100101020202030210110300201112020203010111202130302130320211120212212122123030223311123031313220323321213203212
0000100000000100101011000101020110011100101020202030210110300201112020203010111202130302130320211120212212122123030223311123031313220323321213203213
0000100000000100101011000101020110011100101020202030210110300201112020203010111202130302130320211120212212122123030223311123031313220323321213203221222
0000100000000100101011000101020110011100101020202030210110300201112020203010111202130302130320211120212212122123030223311123031313220323321213203221223
0000100000000100101011000101020110011100101020202030210110300201112020203010111202130302130320211120212212122123030223311123031313220323321213203221233
0000100000000100101011000101020110011100101020202030210110300201112020203010111202130302130320211120212212122123030223311123031313220323321213203221313
000010000000010010101100010102011001110010102020203021011030020111202020301011120213030213032021112021221212212303022331112303131322032332121320322132
000010000000010010101100010102011001110010102020203021011030020111202020301011120213030213032021112021221212212303022331112303131322032332121320322133
000010000000010010101100010102011001110010102020203021011030020111202020301011120213030213032021112021221212212303022331112303131322032332121320323
00001000000001001010110001010201100111001010202020302101103002011120202030101112021303021303202111202122121221230302233111230313132203233212132033
0000100000000100101011000101020110011100101020202030210110300201112020203010111202130302130320211120212212122123030223311123031313220323321222
0000100000000100101011000101020110011100101020202030210110300201112020203010111202130302130320211120212212122123030223311123031313220323321223
000010000000010010101100010102011001110010102020203021011030020111202020301011120213030213032021112021221212212303022331112303131322032332123
000010000000010010101100010102011001110010102020203021011030020111202020301011120213030213032021112021221212212303022331112303132
000010000000010010101100010102011001110010102020203021011030020111202020301011120213030213032021112021221212212303022331112303133
0000100000000100101011000101020110011100101020202030210110300201112020203010111202130302130320211120212212122123030223311133
00001000000001001010110001010201100111001010202020302101103002011120202030101112021303021303202111202122121221230303
000010000000010010101100010102011001110010102020203021011030020111202020301011120213030213032021112021221212212312
000010000000010010101100010102011001110010102020203021011030020111202020301011120213030213032021112021221212212313
000010000000010010101100010102011001110010102020203021011030020111202020301011120213030213032021112021221212212322
000010000000010010101100010102011001110010102020203021011030020111202020301011120213030213032021112021221212212323
00001000000001001010110001010201100111001010202020302101103002011120202030101112021303021303202111202122121221233
000010000000010010101100010102011001110010102020203021011030020111202020301011120213030213032021112021221212213
00001000000001001010110001010201100111001010202020302101103002011120202030101112021303021303202111202122122
00001000000001001010110001010201100111001010202020302101103002011120202030101112021303021303202111202122123
00001000000001001010110001010201100111001010202020302101103002011120202030101112021303021303202111203
000010000000010010101100010102011001110010102020203021011030020111202020301011120213030213032021113
000010000000010010101100010102011001110010102020203021011030020111202020301011120213031
000010000000010010101100010102011001110010102020203021011030020111202020301011120213032
000010000000010010101100010102011001110010102020203021011030020111202020301011120213033
000010000000010010101100010102011001110010102020203021011030020111203
00001000000001001010110001010201100111001010202020302101103003
00001000000001001010110001010201100111001010202020303
00001000000001001010110001010201100112
00001000000001001010110001010201100113
0000100000000100101011000101021
0000100000000100101011000101022
0000100000000100101011000101023
0000100000000100101011000102
0000100000000100101011000103
000011
000012
000013
0001
0002
0003
2000000001000010010010101100010102011001110110201020203001112020203010110
20000000010000100100101011000101020110011101102010202030011120202030101112020
200000000100001001001010110001010201100111011020102020300111202020301011120213030213030
200000000100001001001010110001010201100111011020102020300111202020301011120213030213031
20000000010000100100101011000101020110011101102010202030011120202030101112021303021303202110203031210
20000000010000100100101011000101020110011101102010202030011120202030101112021303021303202110203031211
2000000001000010010010101100010102011001110110201020203001112020203010111202130302130320211020303121212213130
2000000001000010010010101100010102011001110110201020203001112020203010111202130302130320211020303121212213131
200000000100001001001010110001010201100111011020102020300111202020301011120213030213032021102030312121221313211202212303020
200000000100001001001010110001010201100111011020102020300111202020301011120213030213032021102030312121221313211202212303021
20000000010000100100101011000101020110011101102010202030011120202030101112021303021303202110203031212122131321120221230302230
20000000010000100100101011000101020110011101102010202030011120202030101112021303021303202110203031212122131321120221230302231
20000000010000100100101011000101020110011101102010202030011120202030101112021303021303202110203031212122131321120221230302232
2000000001000010010010101100010102011001110110201020203001112020203010111202130302130320211020303121212213132112022123030223311122
200000000100001001001010110001010201100111011020102020300111202020301011120213030213032021102030312121221313211202212303022331112331
2000000001000010010010101100010102011001110110201020203001112020203010111202130302130320211020303121212213132112022123030223311123320
20000000010000100100101011000101020110011101102010202030011120202030101112021303021303202110203031212122131321120221230302233111233212132021
20000000010000100100101011000101020110011101102010202030011120202030101112021303021303202110203031212122131321120221230302233111233212132022
20000000010000100100101011000101020110011101102010202030011120202030101112021303021303202110203031212122131321120221230302233111233212132023
2000000001000010010010101100010102011001110110201020203001112020203010111202130302130320211020303121212213132112022123030223311123321213203121
2000000001000010010010101100010102011001110110201020203001112020203010111202130302130320211020303121212213132112022123030223311123321213203122
200000000100001001001010110001010201100111011020102020300111202020301011120213030213032021102030312121221313211202212303022331112332121320312330
200000000100001001001010110001010201100111011020102020300111202020301011120213030213032021102030312121221313211202212303022331112332121320312331
200000000100001001001010110001010201100111011020102020300111202020301011120213030213032021102030312121221313211202212303022331112332121320312332
200000000100001001001010110001010201100111011020102020300111202020301011120213030213032021102030312121221313211202212303022331112332121320312333
20000000010000100100101011000101020110011101102010202030011120202030101112021303021303202110203031212122131321120221230302233111233212132031302222
20000000010000100100101011000101020110011101102010202030011120202030101112021303021303202110203031212122131321120221230302233111233212132031302223212
20000000010000100100101011000101020110011101102010202030011120202030101112021303021303202110203031212122131321120221230302233111233212132031302223213
20000000010000100100101011000101020110011101102010202030011120202030101112021303021303202110203031212122131321120221230302233111233212132031302223221222
20000000010000100100101011000101020110011101102010202030011120202030101112021303021303202110203031212122131321120221230302233111233212132031302223221223
2000000001000010010010101100010102011001110110201020203001112020203010111202130302130320211020303121212213132112022123030223311123321213203130222322123230
2000000001000010010010101100010102011001110110201020203001112020203010111202130302130320211020303121212213132112022123030223311123321213203130222322123231
2000000001000010010010101100010102011001110110201020203001112020203010111202130302130320211020303121212213132112022123030223311123321213203130222322123232
200000000100001001001010110001010201100111011020102020300111202020301011120213030213032021102030312121221313211202212303022331112332121320313022232212323330
200000000100001001001010110001010201100111011020102020300111202020301011120213030213032021102030312121221313211202212303022331112332121320313022232212323331
200000000100001001001010110001010201100111011020102020300111202020301011120213030213032021102030312121221313211202212303022331112332121320313022232212323332
200000000100001001001010110001010201100111011020102020300111202020301011120213030213032021102030312121221313211202212303022331112332121320313022232212323333
20000000010000100100101011000101020110011101102010202030011120202030101112021303021303202110203031212122131321120221230302233111233212132031302223221233
20000000010000100100101011000101020110011101102010202030011120202030101112021303021303202110203031212122131321120221230302233111233212132031302223221313
2000000001000010010010101100010102011001110110201020203001112020203010111202130302130320211020303121212213132112022123030223311123321213203130222322132
200000000100001001001010110001010201100111011020102020300111202020301011120213030213032021102030312121221313211202212303022331112332121320313022232213311
2000000001000010010010101100010102011001110110201020203001112020203010111202130302130320211020303121212213132112022123030223311123321213203130222322133122
200000000100001001001010110001010201100111011020102020300111202020301011120213030213032021102030312121221313211202212303022331112332121320313022232213312323
200000000100001001001010110001010201100111011020102020300111202020301011120213030213032021102030312121221313211202212303022331112332121320313022232213312330
200000000100001001001010110001010201100111011020102020300111202020301011120213030213032021102030312121221313211202212303022331112332121320313022232213312331
200000000100001001001010110001010201100111011020102020300111202020301011120213030213032021102030312121221313211202212303022331112332121320313022232213312332
200000000100001001001010110001010201100111011020102020300111202020301011120213030213032021102030312121221313211202212303022331112332121320313022232213312333
200000000100001001001010110001010201100111011020102020300111202020301011120213030213032021102030312121221313211202212303022331112332121320313022232213313
2000000001000010010010101100010102011001110110201020203001112020203010111202130302130320211020303121212213132112022123030223311123321213203130222323
200000000100001001001010110001010201100111011020102020300111202020301011120213030213032021102030312121221313211202212303022331112332121320313022233
2000000001000010010010101100010102011001110110201020203001112020203010111202130302130320211020303121212213132112022123030223311123321213203130223
20000000010000100100101011000101020110011101102010202030011120202030101112021303021303202110203031212122131321120221230302233111233212132031303
2000000001000010010010101100010102011001110110201020203001112020203010111202130302130320211020303121212213132112022123030223311133
20000000010000100100101011000101020110011101102010202030011120202030101112021303021303202110203031212122131321120221230303
200000000100001001001010110001010201100111011020102020300111202020301011120213030213032021102030312121221313211202212312
200000000100001001001010110001010201100111011020102020300111202020301011120213030213032021102030312121221313211202212313
200000000100001001001010110001010201100111011020102020300111202020301011120213030213032021102030312121221313211202212322
200000000100001001001010110001010201100111011020102020300111202020301011120213030213032021102030312121221313211202212323
20000000010000100100101011000101020110011101102010202030011120202030101112021303021303202110203031212122131321120221233
200000000100001001001010110001010201100111011020102020300111202020301011120213030213032021102030312121221313211202213
200000000100001001001010110001010201100111011020102020300111202020301011120213030213032021102030312121221313211203
2000000001000010010010101100010102011001110110201020203001112020203010111202130302130320211020303121212213132113
20000000010000100100101011000101020110011101102010202030011120202030101112021303021303202110203031212122132
20000000010000100100101011000101020110011101102010202030011120202030101112021303021303202110203031212122133
2000000001000010010010101100010102011001110110201020203001112020203010111202130302130320211020303122
2000000001000010010010101100010102011001110110201020203001112020203010111202130302130320211020303123
200000000100001001001010110001010201100111011020102020300111202020301011120213030213032021103
200000000100001001001010110001010201100111011020102020300111202020301011120213031
200000000100001001001010110001010201100111011020102020300111202020301011120213032
200000000100001001001010110001010201100111011020102020300111202020301011120213033
200000000100001001001010110001010201100111011020102020300111203
200000000100001001001010110001010201100111011020103
200000000100001001001010110001010201100112
200000000100001001001010110001010201100113
20000000010000100100101011000101021
20000000010000100100101011000101022
20000000010000100100101011000101023
20000000010000100100101011000102
20000000010000100100101011000103
2000000001000011
2000000001000012
2000000001000013
20000000010001
20000000010002
20000000010003
100000000100001001010110100010110110200201110010102020300201112020203010110
1000000001000010010101101000101101102002011100101020203002011120202030101112020
10000000010000100101011010001011011020020111001010202030020111202020301011120213030213030
10000000010000100101011010001011011020020111001010202030020111202020301011120213030213031
10000000010000100101011010001011011020020111001010202030020111202020301011120213030213032021112021221210
10000000010000100101011010001011011020020111001010202030020111202020301011120213030213032021112021221211
10000000010000100101011010001011011020020111001010202030020111202020301011120213030213032021112021221212212303020
10000000010000100101011010001011011020020111001010202030020111202020301011120213030213032021112021221212212303021
1000000001000010010101101000101101102002011100101020203002011120202030101112021303021303202111202122121221230302230
1000000001000010010101101000101101102002011100101020203002011120202030101112021303021303202111202122121221230302231
1000000001000010010101101000101101102002011100101020203002011120202030101112021303021303202111202122121221230302232
100000000100001001010110100010110110200201110010102020300201112020203010111202130302130320211120212212122123030223311122
100000000100001001010110100010110110200201110010102020300201112020203010111202130302130320211120212212122123030223311123030
1000000001000010010101101000101101102002011100101020203002011120202030101112021303021303202111202122121221230302233111230313131
10000000010000100101011010001011011020020111001010202030020111202020301011120213030213032021112021221212212303022331112303131321332021
10000000010000100101011010001011011020020111001010202030020111202020301011120213030213032021112021221212212303022331112303131321332022
1000000001000010010101101000101101102002011100101020203002011120202030101112021303021303202111202122121221230302233111230313132133202331
10000000010000100101011010001011011020020111001010202030020111202020301011120213030213032021112021221212212303022331112303131321332023320
10000000010000100101011010001011011020020111001010202030020111202020301011120213030213032021112021221212212303022331112303131321332023321203221330
10000000010000100101011010001011011020020111001010202030020111202020301011120213030213032021112021221212212303022331112303131321332023321203221331
10000000010000100101011010001011011020020111001010202030020111202020301011120213030213032021112021221212212303022331112303131321332023321203221332
10000000010000100101011010001011011020020111001010202030020111202020301011120213030213032021112021221212212303022331112303131321332023321203221333
100000000100001001010110100010110110200201110010102020300201112020203010111202130302130320211120212212122123030223311123031313213320233212032222
100000000100001001010110100010110110200201110010102020300201112020203010111202130302130320211120212212122123030223311123031313213320233212032223121
100000000100001001010110100010110110200201110010102020300201112020203010111202130302130320211120212212122123030223311123031313213320233212032223122
100000000100001001010110100010110110200201110010102020300201112020203010111202130302130320211120212212122123030223311123031313213320233212032223123
100000000100001001010110100010110110200201110010102020300201112020203010111202130302130320211120212212122123030223311123031313213320233212032223130230
100000000100001001010110100010110110200201110010102020300201112020203010111202130302130320211120212212122123030223311123031313213320233212032223130231
100000000100001001010110100010110110200201110010102020300201112020203010111202130302130320211120212212122123030223311123031313213320233212032223130232
10000000010000100101011010001011011020020111001010202030020111202020301011120213030213032021112021221212212303022331112303131321332023321203222313023330
10000000010000100101011010001011011020020111001010202030020111202020301011120213030213032021112021221212212303022331112303131321332023321203222313023331
10000000010000100101011010001011011020020111001010202030020111202020301011120213030213032021112021221212212303022331112303131321332023321203222313023332
10000000010000100101011010001011011020020111001010202030020111202020301011120213030213032021112021221212212303022331112303131321332023321203222313023333
1000000001000010010101101000101101102002011100101020203002011120202030101112021303021303202111202122121221230302233111230313132133202332120322231303
1000000001000010010101101000101101102002011100101020203002011120202030101112021303021303202111202122121221230302233111230313132133202332120322231311
10000000010000100101011010001011011020020111001010202030020111202020301011120213030213032021112021221212212303022331112303131321332023321203222313122
1000000001000010010101101000101101102002011100101020203002011120202030101112021303021303202111202122121221230302233111230313132133202332120322231312323
1000000001000010010101101000101101102002011100101020203002011120202030101112021303021303202111202122121221230302233111230313132133202332120322231312330
1000000001000010010101101000101101102002011100101020203002011120202030101112021303021303202111202122121221230302233111230313132133202332120322231312331
1000000001000010010101101000101101102002011100101020203002011120202030101112021303021303202111202122121221230302233111230313132133202332120322231312332
1000000001000010010101101000101101102002011100101020203002011120202030101112021303021303202111202122121221230302233111230313132133202332120322231312333
1000000001000010010101101000101101102002011100101020203002011120202030101112021303021303202111202122121221230302233111230313132133202332120322231313
100000000100001001010110100010110110200201110010102020300201112020203010111202130302130320211120212212122123030223311123031313213320233212032223212
100000000100001001010110100010110110200201110010102020300201112020203010111202130302130320211120212212122123030223311123031313213320233212032223213
100000000100001001010110100010110110200201110010102020300201112020203010111202130302130320211120212212122123030223311123031313213320233212032223221222
100000000100001001010110100010110110200201110010102020300201112020203010111202130302130320211120212212122123030223311123031313213320233212032223221223
100000000100001001010110100010110110200201110010102020300201112020203010111202130302130320211120212212122123030223311123031313213320233212032223221233
100000000100001001010110100010110110200201110010102020300201112020203010111202130302130320211120212212122123030223311123031313213320233212032223221313
10000000010000100101011010001011011020020111001010202030020111202020301011120213030213032021112021221212212303022331112303131321332023321203222322132
10000000010000100101011010001011011020020111001010202030020111202020301011120213030213032021112021221212212303022331112303131321332023321203222322133
10000000010000100101011010001011011020020111001010202030020111202020301011120213030213032021112021221212212303022331112303131321332023321203222323
1000000001000010010101101000101101102002011100101020203002011120202030101112021303021303202111202122121221230302233111230313132133202332120322233
10000000010000100101011010001011011020020111001010202030020111202020301011120213030213032021112021221212212303022331112303131321332023321203223
1000000001000010010101101000101101102002011100101020203002011120202030101112021303021303202111202122121221230302233111230313132133203
10000000010000100101011010001011011020020111001010202030020111202020301011120213030213032021112021221212212303022331112303132
10000000010000100101011010001011011020020111001010202030020111202020301011120213030213032021112021221212212303022331112303133
1000000001000010010101101000101101102002011100101020203002011120202030101112021303021303202111202122121221230303
10000000010000100101011010001011011020020111001010202030020111202020301011120213030213032021112021221212212312
10000000010000100101011010001011011020020111001010202030020111202020301011120213030213032021112021221212212313
10000000010000100101011010001011011020020111001010202030020111202020301011120213030213032021112021221212212322
10000000010000100101011010001011011020020111001010202030020111202020301011120213030213032021112021221212212323
1000000001000010010101101000101101102002011100101020203002011120202030101112021303021303202111202122121221233
10000000010000100101011010001011011020020111001010202030020111202020301011120213030213032021112021221212213
1000000001000010010101101000101101102002011100101020203002011120202030101112021303021303202111202122122
1000000001000010010101101000101101102002011100101020203002011120202030101112021303021303202111202122123
1000000001000010010101101000101101102002011100101020203002011120202030101112021303021303202111203
10000000010000100101011010001011011020020111001010202030020111202020301011120213030213032021113
10000000010000100101011010001011011020020111001010202030020111202020301011120213031
10000000010000100101011010001011011020020111001010202030020111202020301011120213032
10000000010000100101011010001011011020020111001010202030020111202020301011120213033
10000000010000100101011010001011011020020111001010202030020111203
1000000001000010010101101000101101102002011100101020203003
100000000100001001010110100010110110200201110010103
10000000010000100101011010001011011020020112
10000000010000100101011010001011011020020113
10000000010000100101011010001011011020021
10000000010000100101011010001011011020022
10000000010000100101011010001011011020023
100000000100001001010110100011
100000000100001001010110100012
100000000100001001010110100013
1000000001000010010101101001
1000000001000010010101101002
1000000001000010010101101003
1000000001000010010101102
1000000001000010010101103
300000001001010110000202010100010110020020111001010203010011030110
3000000010010101100002020101000101100200201110010102030100110301112020
3000000010010101100002020101000101100200201110010102030100110301112021202030
3000000010010101100002020101000101100200201110010102030100110301112021202031210
30000000100101011000020201010001011002002011100101020301001103011120212020312113030111
300000001001010110000202010100010110020020111001010203010011030111202120203121130301120213030
300000001001010110000202010100010110020020111001010203010011030111202120203121130301120213031
300000001001010110000202010100010110020020111001010203010011030111202120203121130301120213032021102122131220230
300000001001010110000202010100010110020020111001010203010011030111202120203121130301120213032021102122131220231
300000001001010110000202010100010110020020111001010203010011030111202120203121130301120213032021102122131220232303020
300000001001010110000202010100010110020020111001010203010011030111202120203121130301120213032021102122131220232303021
300000001001010110000202010100010110020020111001010203010011030111202120203121130301120213032021102122131220232303022
3000000010010101100002020101000101100200201110010102030100110301112021202031211303011202130320211021221312202323030230
3000000010010101100002020101000101100200201110010102030100110301112021202031211303011202130320211021221312202323030231
300000001001010110000202010100010110020020111001010203010011030111202120203121130301120213032021102122131220232303023211212
30000000100101011000020201010001011002002011100101020301001103011120212020312113030112021303202110212213122023230302321121311122
30000000100101011000020201010001011002002011100101020301001103011120212020312113030112021303202110212213122023230302321121311123313
30000000100101011000020201010001011002002011100101020301001103011120212020312113030112021303202110212213122023230302321121311123320
3000000010010101100002020101000101100200201110010102030100110301112021202031211303011202130320211021221312202323030232112131112332120322132021
3000000010010101100002020101000101100200201110010102030100110301112021202031211303011202130320211021221312202323030232112131112332120322132022
3000000010010101100002020101000101100200201110010102030100110301112021202031211303011202130320211021221312202323030232112131112332120322132023
300000001001010110000202010100010110020020111001010203010011030111202120203121130301120213032021102122131220232303023211213111233212032213203121
300000001001010110000202010100010110020020111001010203010011030111202120203121130301120213032021102122131220232303023211213111233212032213203122
30000000100101011000020201010001011002002011100101020301001103011120212020312113030112021303202110212213122023230302321121311123321203221320312330
30000000100101011000020201010001011002002011100101020301001103011120212020312113030112021303202110212213122023230302321121311123321203221320312331
30000000100101011000020201010001011002002011100101020301001103011120212020312113030112021303202110212213122023230302321121311123321203221320312332
30000000100101011000020201010001011002002011100101020301001103011120212020312113030112021303202110212213122023230302321121311123321203221320312333
300000001001010110000202010100010110020020111001010203010011030111202120203121130301120213032021102122131220232303023211213111233212032213203130231
300000001001010110000202010100010110020020111001010203010011030111202120203121130301120213032021102122131220232303023211213111233212032213203130232
30000000100101011000020201010001011002002011100101020301001103011120212020312113030112021303202110212213122023230302321121311123321203221320313023330
30000000100101011000020201010001011002002011100101020301001103011120212020312113030112021303202110212213122023230302321121311123321203221320313023331
30000000100101011000020201010001011002002011100101020301001103011120212020312113030112021303202110212213122023230302321121311123321203221320313023332
30000000100101011000020201010001011002002011100101020301001103011120212020312113030112021303202110212213122023230302321121311123321203221320313023333
3000000010010101100002020101000101100200201110010102030100110301112021202031211303011202130320211021221312202323030232112131112332120322132031303
3000000010010101100002020101000101100200201110010102030100110301112021202031211303011202130320211021221312202323030232112131112332120322132031311
30000000100101011000020201010001011002002011100101020301001103011120212020312113030112021303202110212213122023230302321121311123321203221320313122
300000001001010110000202010100010110020020111001010203010011030111202120203121130301120213032021102122131220232303023211213111233212032213203131232
3000000010010101100002020101000101100200201110010102030100110301112021202031211303011202130320211021221312202323030232112131112332120322132031312330
3000000010010101100002020101000101100200201110010102030100110301112021202031211303011202130320211021221312202323030232112131112332120322132031312331
3000000010010101100002020101000101100200201110010102030100110301112021202031211303011202130320211021221312202323030232112131112332120322132031312332
3000000010010101100002020101000101100200201110010102030100110301112021202031211303011202130320211021221312202323030232112131112332120322132031312333
3000000010010101100002020101000101100200201110010102030100110301112021202031211303011202130320211021221312202323030232112131112332120322132031313
300000001001010110000202010100010110020020111001010203010011030111202120203121130301120213032021102122131220232303023211213111233212032213203213
300000001001010110000202010100010110020020111001010203010011030111202120203121130301120213032021102122131220232303023211213111233212032213203221222
300000001001010110000202010100010110020020111001010203010011030111202120203121130301120213032021102122131220232303023211213111233212032213203221223
300000001001010110000202010100010110020020111001010203010011030111202120203121130301120213032021102122131220232303023211213111233212032213203221233
300000001001010110000202010100010110020020111001010203010011030111202120203121130301120213032021102122131220232303023211213111233212032213203221313
30000000100101011000020201010001011002002011100101020301001103011120212020312113030112021303202110212213122023230302321121311123321203221320322132
30000000100101011000020201010001011002002011100101020301001103011120212020312113030112021303202110212213122023230302321121311123321203221320322133
30000000100101011000020201010001011002002011100101020301001103011120212020312113030112021303202110212213122023230302321121311123321203221320323
3000000010010101100002020101000101100200201110010102030100110301112021202031211303011202130320211021221312202323030232112131112332120322132033
300000001001010110000202010100010110020020111001010203010011030111202120203121130301120213032021102122131220232303023211213111233212032222
300000001001010110000202010100010110020020111001010203010011030111202120203121130301120213032021102122131220232303023211213111233212032223
300000001001010110000202010100010110020020111001010203010011030111202120203121130301120213032021102122131220232303023211213111233212032233
30000000100101011000020201010001011002002011100101020301001103011120212020312113030112021303202110212213122023230302321121311133
3000000010010101100002020101000101100200201110010102030100110301112021202031211303011202130320211021221312202323030232113
30000000100101011000020201010001011002002011100101020301001103011120212020312113030112021303202110212213122023230303
300000001001010110000202010100010110020020111001010203010011030111202120203121130301120213032021102122131220232312
300000001001010110000202010100010110020020111001010203010011030111202120203121130301120213032021102122131220232313
300000001001010110000202010100010110020020111001010203010011030111202120203121130301120213032021102122131220232322
300000001001010110000202010100010110020020111001010203010011030111202120203121130301120213032021102122131220232323
30000000100101011000020201010001011002002011100101020301001103011120212020312113030112021303202110212213122023233
3000000010010101100002020101000101100200201110010102030100110301112021202031211303011202130320211021221312203
300000001001010110000202010100010110020020111001010203010011030111202120203121130301120213032021102122132
300000001001010110000202010100010110020020111001010203010011030111202120203121130301120213032021102122133
300000001001010110000202010100010110020020111001010203010011030111202120203121130301120213032021103
30000000100101011000020201010001011002002011100101020301001103011120212020312113031
30000000100101011000020201010001011002002011100101020301001103011120212020312113032
30000000100101011000020201010001011002002011100101020301001103011120212020312113033
300000001001010110000202010100010110020020111001010203010011030111202120203122
300000001001010110000202010100010110020020111001010203010011030111202120203123
3000000010010101100002020101000101100200201110010102030100110301112021203
3000000010010101100002020101000101100200201110010103
300000001001010110000202010100010110020020112
300000001001010110000202010100010110020020113
300000001001010110000202010100010110020021
300000001001010110000202010100010110020022
300000001001010110000202010100010110020023
300000001001010110000202010100011
300000001001010110000202010100012
300000001001010110000202010100013
3000000010010101100002020101001
3000000010010101100002020101002
3000000010010101100002020101003
3000000010010101100002020102
3000000010010101100002020103
