00000001002000110001001001203020100301002021031102200110
0000000100200011000100100120302010030100202103110220011120
00000001002000110001001001203020100301002021031102200111213011012032030101302120
00000001002000110001001001203020100301002021031102200111213011012032030101302121
000000010020001100010010012030201003010020210311022001112130110120320301013021223000
000000010020001100010010012030201003010020210311022001112130110120320301013021223001302020
000000010020001100010010012030201003010020210311022001112130110120320301013021223001302021
000000010020001100010010012030201003010020210311022001112130110120320301013021223001302022
00000001002000110001001001203020100301002021031102200111213011012032030101302122300130202330
00000001002000110001001001203020100301002021031102200111213011012032030101302122300130202331
00000001002000110001001001203020100301002021031102200111213011012032030101302122300130202332
000000010020001100010010012030201003010020210311022001112130110120320301013021223001302023330103
00000001002000110001001001203020100301002021031102200111213011012032030101302122300130202333011010
000000010020001100010010012030201003010020210311022001112130110120320301013021223001302023330110111
000000010020001100010010012030201003010020210311022001112130110120320301013021223001302023330110112
000000010020001100010010012030201003010020210311022001112130110120320301013021223001302023330110113111120
000000010020001100010010012030201003010020210311022001112130110120320301013021223001302023330110113111121202
000000010020001100010010012030201003010020210311022001112130110120320301013021223001302023330110113111121203210211301121
000000010020001100010010012030201003010020210311022001112130110120320301013021223001302023330110113111121203210211301122
000000010020001100010010012030201003010020210311022001112130110120320301013021223001302023330110113111121203210211301123
0000000100200011000100100120302010030100202103110220011121301101203203010130212230013020233301101131111212032102113011311
0000000100200011000100100120302010030100202103110220011121301101203203010130212230013020233301101131111212032102113011312
000000010020001100010010012030201003010020210311022001112130110120320301013021223001302023330110113111121203210211301131321
000000010020001100010010012030201003010020210311022001112130110120320301013021223001302023330110113111121203210211301131322
00000001002000110001001001203020100301002021031102200111213011012032030101302122300130202333011011311112120321021130113132331
00000001002000110001001001203020100301002021031102200111213011012032030101302122300130202333011011311112120321021130113132332230
00000001002000110001001001203020100301002021031102200111213011012032030101302122300130202333011011311112120321021130113132332231
00000001002000110001001001203020100301002021031102200111213011012032030101302122300130202333011011311112120321021130113132332232
00000001002000110001001001203020100301002021031102200111213011012032030101302122300130202333011011311112120321021130113132332233
00000001002000110001001001203020100301002021031102200111213011012032030101302122300130202333011011311112120321021130113132333
00000001002000110001001001203020100301002021031102200111213011012032030101302122300130202333011011311112120321021130120
00000001002000110001001001203020100301002021031102200111213011012032030101302122300130202333011011311112120321021130121
000000010020001100010010012030201003010020210311022001112130110120320301013021223001302023330110113111121203210211301222
00000001002000110001001001203020100301002021031102200111213011012032030101302122300130202333011011311112120321021130122330
00000001002000110001001001203020100301002021031102200111213011012032030101302122300130202333011011311112120321021130122331
00000001002000110001001001203020100301002021031102200111213011012032030101302122300130202333011011311112120321021130122332
00000001002000110001001001203020100301002021031102200111213011012032030101302122300130202333011011311112120321021130122333
00000001002000110001001001203020100301002021031102200111213011012032030101302122300130202333011011311112120321021130123
0000000100200011000100100120302010030100202103110220011121301101203203010130212230013020233301101131111212032102113013031130
0000000100200011000100100120302010030100202103110220011121301101203203010130212230013020233301101131111212032102113013031131
0000000100200011000100100120302010030100202103110220011121301101203203010130212230013020233301101131111212032102113013031132
0000000100200011000100100120302010030100202103110220011121301101203203010130212230013020233301101131111212032102113013031133
0000000100200011000100100120302010030100202103110220011121301101203203010130212230013020233301101131111212032102113013031221
0000000100200011000100100120302010030100202103110220011121301101203203010130212230013020233301101131111212032102113013031222310
0000000100200011000100100120302010030100202103110220011121301101203203010130212230013020233301101131111212032102113013031222311
0000000100200011000100100120302010030100202103110220011121301101203203010130212230013020233301101131111212032102113013031222312
0000000100200011000100100120302010030100202103110220011121301101203203010130212230013020233301101131111212032102113013031222313
0000000100200011000100100120302010030100202103110220011121301101203203010130212230013020233301101131111212032102113013031222320
0000000100200011000100100120302010030100202103110220011121301101203203010130212230013020233301101131111212032102113013031222321
0000000100200011000100100120302010030100202103110220011121301101203203010130212230013020233301101131111212032102113013031222322
0000000100200011000100100120302010030100202103110220011121301101203203010130212230013020233301101131111212032102113013031222323
00000001002000110001001001203020100301002021031102200111213011012032030101302122300130202333011011311112120321021130130312223302
00000001002000110001001001203020100301002021031102200111213011012032030101302122300130202333011011311112120321021130130312223303
0000000100200011000100100120302010030100202103110220011121301101203203010130212230013020233301101131111212032102113013031222331
0000000100200011000100100120302010030100202103110220011121301101203203010130212230013020233301101131111212032102113013031222332
0000000100200011000100100120302010030100202103110220011121301101203203010130212230013020233301101131111212032102113013031222333
0000000100200011000100100120302010030100202103110220011121301101203203010130212230013020233301101131111212032102113013031223210
0000000100200011000100100120302010030100202103110220011121301101203203010130212230013020233301101131111212032102113013031223211
0000000100200011000100100120302010030100202103110220011121301101203203010130212230013020233301101131111212032102113013031223212
0000000100200011000100100120302010030100202103110220011121301101203203010130212230013020233301101131111212032102113013031223213
0000000100200011000100100120302010030100202103110220011121301101203203010130212230013020233301101131111212032102113013031223220
0000000100200011000100100120302010030100202103110220011121301101203203010130212230013020233301101131111212032102113013031223221
0000000100200011000100100120302010030100202103110220011121301101203203010130212230013020233301101131111212032102113013031223222
0000000100200011000100100120302010030100202103110220011121301101203203010130212230013020233301101131111212032102113013031223223
0000000100200011000100100120302010030100202103110220011121301101203203010130212230013020233301101131111212032102113013031223230
0000000100200011000100100120302010030100202103110220011121301101203203010130212230013020233301101131111212032102113013031223231
0000000100200011000100100120302010030100202103110220011121301101203203010130212230013020233301101131111212032102113013031223232
0000000100200011000100100120302010030100202103110220011121301101203203010130212230013020233301101131111212032102113013031223233
0000000100200011000100100120302010030100202103110220011121301101203203010130212230013020233301101131111212032102113013031223310
0000000100200011000100100120302010030100202103110220011121301101203203010130212230013020233301101131111212032102113013031223311
0000000100200011000100100120302010030100202103110220011121301101203203010130212230013020233301101131111212032102113013031223312
0000000100200011000100100120302010030100202103110220011121301101203203010130212230013020233301101131111212032102113013031223313
0000000100200011000100100120302010030100202103110220011121301101203203010130212230013020233301101131111212032102113013031223320
0000000100200011000100100120302010030100202103110220011121301101203203010130212230013020233301101131111212032102113013031223321
0000000100200011000100100120302010030100202103110220011121301101203203010130212230013020233301101131111212032102113013031223322
0000000100200011000100100120302010030100202103110220011121301101203203010130212230013020233301101131111212032102113013031223323
00000001002000110001001001203020100301002021031102200111213011012032030101302122300130202333011011311112120321021130130312233301
00000001002000110001001001203020100301002021031102200111213011012032030101302122300130202333011011311112120321021130130312233302
000000010020001100010010012030201003010020210311022001112130110120320301013021223001302023330110113111121203210211301303122333031
000000010020001100010010012030201003010020210311022001112130110120320301013021223001302023330110113111121203210211301303122333032
000000010020001100010010012030201003010020210311022001112130110120320301013021223001302023330110113111121203210211301303122333033
0000000100200011000100100120302010030100202103110220011121301101203203010130212230013020233301101131111212032102113013031223331
0000000100200011000100100120302010030100202103110220011121301101203203010130212230013020233301101131111212032102113013031223332
0000000100200011000100100120302010030100202103110220011121301101203203010130212230013020233301101131111212032102113013031223333
00000001002000110001001001203020100301002021031102200111213011012032030101302122300130202333011011311112120321021130130313
0000000100200011000100100120302010030100202103110220011121301101203203010130212230013020233301101131111212032102113020
0000000100200011000100100120302010030100202103110220011121301101203203010130212230013020233301101131111212032102113021
0000000100200011000100100120302010030100202103110220011121301101203203010130212230013020233301101131111212032102113022
0000000100200011000100100120302010030100202103110220011121301101203203010130212230013020233301101131111212032102113023
00000001002000110001001001203020100301002021031102200111213011012032030101302122300130202333011011311112120321021130301
00000001002000110001001001203020100301002021031102200111213011012032030101302122300130202333011011311112120321021130302
00000001002000110001001001203020100301002021031102200111213011012032030101302122300130202333011011311112120321021130303
00000001002000110001001001203020100301002021031102200111213011012032030101302122300130202333011011311112120321021130312
00000001002000110001001001203020100301002021031102200111213011012032030101302122300130202333011011311112120321021130313
00000001002000110001001001203020100301002021031102200111213011012032030101302122300130202333011011311112120321021130322
00000001002000110001001001203020100301002021031102200111213011012032030101302122300130202333011011311112120321021130323
0000000100200011000100100120302010030100202103110220011121301101203203010130212230013020233301101131111212032102113033
00000001002000110001001001203020100301002021031102200111213011012032030101302122300130202333011011311112120321021131
00000001002000110001001001203020100301002021031102200111213011012032030101302122300130202333011011311112120321021132
00000001002000110001001001203020100301002021031102200111213011012032030101302122300130202333011011311112120321021133
000000010020001100010010012030201003010020210311022001112130110120320301013021223001302023330110113111121203210212
000000010020001100010010012030201003010020210311022001112130110120320301013021223001302023330110113111121203210213
00000001002000110001001001203020100301002021031102200111213011012032030101302122300130202333011011311112120322
00000001002000110001001001203020100301002021031102200111213011012032030101302122300130202333011011311112120323
00000001002000110001001001203020100301002021031102200111213011012032030101302122300130202333011011311112121
00000001002000110001001001203020100301002021031102200111213011012032030101302122300130202333011011311112122
00000001002000110001001001203020100301002021031102200111213011012032030101302122300130202333011011311112123
00000001002000110001001001203020100301002021031102200111213011012032030101302122300130202333011011311113
000000010020001100010010012030201003010020210311022001112130110120320301013021223001302023330110113112
000000010020001100010010012030201003010020210311022001112130110120320301013021223001302023330110113113
000000010020001100010010012030201003010020210311022001112130110120320301013021223001302023330110113123
000000010020001100010010012030201003010020210311022001112130110120320301013021223001302023330110113131
000000010020001100010010012030201003010020210311022001112130110120320301013021223001302023330110113132
000000010020001100010010012030201003010020210311022001112130110120320301013021223001302023330110113133
0000000100200011000100100120302010030100202103110220011121301101203203010130212230013020233301102
0000000100200011000100100120302010030100202103110220011121301101203203010130212230013020233301103
0000000100200011000100100120302010030100202103110220011121301101203203010130212230013020233302
0000000100200011000100100120302010030100202103110220011121301101203203010130212230013020233303
00000001002000110001001001203020100301002021031102200111213011012032030101302122300130203
000000010020001100010010012030201003010020210311022001112130110120320301013021223001303
00000001002000110001001001203020100301002021031102200111213011012032030102
00000001002000110001001001203020100301002021031102200111213011012032030103
00000001002000110001001001203020100302
00000001002000110001001001203020100303
200100200003010011000100201003010020120
2001002000030100110001002010030100201213011011021022000312032030000110
200100200003010011000100201003010020121301101102102200031203203000011120
200100200003010011000100201003010020121301101102102200031203203000011121
2001002000030100110001002010030100201213011011021022000312032030000111223000
200100200003010011000100201003010020121301101102102200031203203000011122300120
200100200003010011000100201003010020121301101102102200031203203000011122300121
200100200003010011000100201003010020121301101102102200031203203000011122300122
20010020000301001100010020100301002012130110110210220003120320300001112230012330
20010020000301001100010020100301002012130110110210220003120320300001112230012331301013021
200100200003010011000100201003010020121301101102102200031203203000011122300123313010130220
200100200003010011000100201003010020121301101102102200031203203000011122300123313010130221
200100200003010011000100201003010020121301101102102200031203203000011122300123313010130222
200100200003010011000100201003010020121301101102102200031203203000011122300123313010130223
2001002000030100110001002010030100201213011011021022000312032030000111223001233130101302301032
2001002000030100110001002010030100201213011011021022000312032030000111223001233130101302301033111010
20010020000301001100010020100301002012130110110210220003120320300001112230012331301013023010331110111
20010020000301001100010020100301002012130110110210220003120320300001112230012331301013023010331110112
20010020000301001100010020100301002012130110110210220003120320300001112230012331301013023010331110113202
2001002000030100110001002010030100201213011011021022000312032030000111223001233130101302301033111011320330
200100200003010011000100201003010020121301101102102200031203203000011122300123313010130230103311101132033111202
200100200003010011000100201003010020121301101102102200031203203000011122300123313010130230103311101132033111203
20010020000301001100010020100301002012130110110210220003120320300001112230012331301013023010331110113203311121130102120
20010020000301001100010020100301002012130110110210220003120320300001112230012331301013023010331110113203311121130102121
2001002000030100110001002010030100201213011011021022000312032030000111223001233130101302301033111011320331112113010212230
2001002000030100110001002010030100201213011011021022000312032030000111223001233130101302301033111011320331112113010212231
20010020000301001100010020100301002012130110110210220003120320300001112230012331301013023010331110113203311121130102122322
20010020000301001100010020100301002012130110110210220003120320300001112230012331301013023010331110113203311121130102122323
200100200003010011000100201003010020121301101102102200031203203000011122300123313010130230103311101132033111211301021223311
200100200003010011000100201003010020121301101102102200031203203000011122300123313010130230103311101132033111211301021223312
20010020000301001100010020100301002012130110110210220003120320300001112230012331301013023010331110113203311121130102122331321
20010020000301001100010020100301002012130110110210220003120320300001112230012331301013023010331110113203311121130102122331322
2001002000030100110001002010030100201213011011021022000312032030000111223001233130101302301033111011320331112113010212233132331
2001002000030100110001002010030100201213011011021022000312032030000111223001233130101302301033111011320331112113010212233132332
2001002000030100110001002010030100201213011011021022000312032030000111223001233130101302301033111011320331112113010212233132333
2001002000030100110001002010030100201213011011021022000312032030000111223001233130101302301033111011320331112113010213
200100200003010011000100201003010020121301101102102200031203203000011122300123313010130230103311101132033111211301022130
200100200003010011000100201003010020121301101102102200031203203000011122300123313010130230103311101132033111211301022131
200100200003010011000100201003010020121301101102102200031203203000011122300123313010130230103311101132033111211301022132
200100200003010011000100201003010020121301101102102200031203203000011122300123313010130230103311101132033111211301022133
2001002000030100110001002010030100201213011011021022000312032030000111223001233130101302301033111011320331112113010222310
2001002000030100110001002010030100201213011011021022000312032030000111223001233130101302301033111011320331112113010222311
2001002000030100110001002010030100201213011011021022000312032030000111223001233130101302301033111011320331112113010222312
2001002000030100110001002010030100201213011011021022000312032030000111223001233130101302301033111011320331112113010222313
2001002000030100110001002010030100201213011011021022000312032030000111223001233130101302301033111011320331112113010222321
2001002000030100110001002010030100201213011011021022000312032030000111223001233130101302301033111011320331112113010222322
2001002000030100110001002010030100201213011011021022000312032030000111223001233130101302301033111011320331112113010222323
20010020000301001100010020100301002012130110110210220003120320300001112230012331301013023010331110113203311121130102223302
20010020000301001100010020100301002012130110110210220003120320300001112230012331301013023010331110113203311121130102223303
2001002000030100110001002010030100201213011011021022000312032030000111223001233130101302301033111011320331112113010222331
2001002000030100110001002010030100201213011011021022000312032030000111223001233130101302301033111011320331112113010222332
2001002000030100110001002010030100201213011011021022000312032030000111223001233130101302301033111011320331112113010222333
200100200003010011000100201003010020121301101102102200031203203000011122300123313010130230103311101132033111211301022311
200100200003010011000100201003010020121301101102102200031203203000011122300123313010130230103311101132033111211301022312
200100200003010011000100201003010020121301101102102200031203203000011122300123313010130230103311101132033111211301022313210
200100200003010011000100201003010020121301101102102200031203203000011122300123313010130230103311101132033111211301022313211
200100200003010011000100201003010020121301101102102200031203203000011122300123313010130230103311101132033111211301022313212
200100200003010011000100201003010020121301101102102200031203203000011122300123313010130230103311101132033111211301022313213
200100200003010011000100201003010020121301101102102200031203203000011122300123313010130230103311101132033111211301022313220
200100200003010011000100201003010020121301101102102200031203203000011122300123313010130230103311101132033111211301022313221
200100200003010011000100201003010020121301101102102200031203203000011122300123313010130230103311101132033111211301022313222
200100200003010011000100201003010020121301101102102200031203203000011122300123313010130230103311101132033111211301022313223
200100200003010011000100201003010020121301101102102200031203203000011122300123313010130230103311101132033111211301022313230
200100200003010011000100201003010020121301101102102200031203203000011122300123313010130230103311101132033111211301022313231
200100200003010011000100201003010020121301101102102200031203203000011122300123313010130230103311101132033111211301022313232
200100200003010011000100201003010020121301101102102200031203203000011122300123313010130230103311101132033111211301022313233
200100200003010011000100201003010020121301101102102200031203203000011122300123313010130230103311101132033111211301022313310
200100200003010011000100201003010020121301101102102200031203203000011122300123313010130230103311101132033111211301022313311
200100200003010011000100201003010020121301101102102200031203203000011122300123313010130230103311101132033111211301022313312
200100200003010011000100201003010020121301101102102200031203203000011122300123313010130230103311101132033111211301022313313
200100200003010011000100201003010020121301101102102200031203203000011122300123313010130230103311101132033111211301022313320
200100200003010011000100201003010020121301101102102200031203203000011122300123313010130230103311101132033111211301022313321
200100200003010011000100201003010020121301101102102200031203203000011122300123313010130230103311101132033111211301022313322
200100200003010011000100201003010020121301101102102200031203203000011122300123313010130230103311101132033111211301022313323
20010020000301001100010020100301002012130110110210220003120320300001112230012331301013023010331110113203311121130102231333012
20010020000301001100010020100301002012130110110210220003120320300001112230012331301013023010331110113203311121130102231333013
20010020000301001100010020100301002012130110110210220003120320300001112230012331301013023010331110113203311121130102231333020
20010020000301001100010020100301002012130110110210220003120320300001112230012331301013023010331110113203311121130102231333021
20010020000301001100010020100301002012130110110210220003120320300001112230012331301013023010331110113203311121130102231333022
20010020000301001100010020100301002012130110110210220003120320300001112230012331301013023010331110113203311121130102231333023
200100200003010011000100201003010020121301101102102200031203203000011122300123313010130230103311101132033111211301022313330303
20010020000301001100010020100301002012130110110210220003120320300001112230012331301013023010331110113203311121130102231333031
20010020000301001100010020100301002012130110110210220003120320300001112230012331301013023010331110113203311121130102231333032
20010020000301001100010020100301002012130110110210220003120320300001112230012331301013023010331110113203311121130102231333033
200100200003010011000100201003010020121301101102102200031203203000011122300123313010130230103311101132033111211301022313331
200100200003010011000100201003010020121301101102102200031203203000011122300123313010130230103311101132033111211301022313332
200100200003010011000100201003010020121301101102102200031203203000011122300123313010130230103311101132033111211301022313333
2001002000030100110001002010030100201213011011021022000312032030000111223001233130101302301033111011320331112113011
2001002000030100110001002010030100201213011011021022000312032030000111223001233130101302301033111011320331112113012
2001002000030100110001002010030100201213011011021022000312032030000111223001233130101302301033111011320331112113013
2001002000030100110001002010030100201213011011021022000312032030000111223001233130101302301033111011320331112113020
2001002000030100110001002010030100201213011011021022000312032030000111223001233130101302301033111011320331112113021
2001002000030100110001002010030100201213011011021022000312032030000111223001233130101302301033111011320331112113022
2001002000030100110001002010030100201213011011021022000312032030000111223001233130101302301033111011320331112113023
20010020000301001100010020100301002012130110110210220003120320300001112230012331301013023010331110113203311121130301
20010020000301001100010020100301002012130110110210220003120320300001112230012331301013023010331110113203311121130302
20010020000301001100010020100301002012130110110210220003120320300001112230012331301013023010331110113203311121130303
20010020000301001100010020100301002012130110110210220003120320300001112230012331301013023010331110113203311121130312
20010020000301001100010020100301002012130110110210220003120320300001112230012331301013023010331110113203311121130313
20010020000301001100010020100301002012130110110210220003120320300001112230012331301013023010331110113203311121130323
2001002000030100110001002010030100201213011011021022000312032030000111223001233130101302301033111011320331112113033
20010020000301001100010020100301002012130110110210220003120320300001112230012331301013023010331110113203311121131
20010020000301001100010020100301002012130110110210220003120320300001112230012331301013023010331110113203311121132
20010020000301001100010020100301002012130110110210220003120320300001112230012331301013023010331110113203311121133
20010020000301001100010020100301002012130110110210220003120320300001112230012331301013023010331110113203311122
20010020000301001100010020100301002012130110110210220003120320300001112230012331301013023010331110113203311123
200100200003010011000100201003010020121301101102102200031203203000011122300123313010130230103311101132033112
200100200003010011000100201003010020121301101102102200031203203000011122300123313010130230103311101132033113
2001002000030100110001002010030100201213011011021022000312032030000111223001233130101302301033111011320332
2001002000030100110001002010030100201213011011021022000312032030000111223001233130101302301033111011320333
2001002000030100110001002010030100201213011011021022000312032030000111223001233130101302301033111011321
2001002000030100110001002010030100201213011011021022000312032030000111223001233130101302301033111011322
2001002000030100110001002010030100201213011011021022000312032030000111223001233130101302301033111011323
200100200003010011000100201003010020121301101102102200031203203000011122300123313010130230103311102
200100200003010011000100201003010020121301101102102200031203203000011122300123313010130230103311103
2001002000030100110001002010030100201213011011021022000312032030000111223001233130101302301033112
2001002000030100110001002010030100201213011011021022000312032030000111223001233130101302301033113
200100200003010011000100201003010020121301101102102200031203203000011122300123313010130230103312
2001002000030100110001002010030100201213011011021022000312032030000111223001233130101302301033131
2001002000030100110001002010030100201213011011021022000312032030000111223001233130101302301033132
2001002000030100110001002010030100201213011011021022000312032030000111223001233130101302301033133
2001002000030100110001002010030100201213011011021022000312032030000111223001233130101302302
2001002000030100110001002010030100201213011011021022000312032030000111223001233130101302303
2001002000030100110001002010030100201213011011021022000312032030000111223001233130102
2001002000030100110001002010030100201213011011021022000312032030000111223001233130103
20010020000301001100010020100301002012130110110210220003120320300001112230012331302
20010020000301001100010020100301002012130110110210220003120320300001112230012331303
20010020000301001100010020100302
20010020000301001100010020100303
10001000001002001001102012030201003010030000021031102200110
1000100000100200100110201203020100301003000002103110220011120
100010000010020010011020120302010030100300000210311022001112130110120320
10001000001002001001102012030201003010030000021031102200111213011012032120
10001000001002001001102012030201003010030000021031102200111213011012032121
100010000010020010011020120302010030100300000210311022001112130110120321223000
1000100000100200100110201203020100301003000002103110220011121301101203212230013010130220
1000100000100200100110201203020100301003000002103110220011121301101203212230013010130221
1000100000100200100110201203020100301003000002103110220011121301101203212230013010130222
100010000010020010011020120302010030100300000210311022001112130110120321223001301013022330
100010000010020010011020120302010030100300000210311022001112130110120321223001301013022331
100010000010020010011020120302010030100300000210311022001112130110120321223001301013022332
1000100000100200100110201203020100301003000002103110220011121301101203212230013010130223330103
100010000010020010011020120302010030100300000210311022001112130110120321223001301013022333011010
1000100000100200100110201203020100301003000002103110220011121301101203212230013010130223330110111
1000100000100200100110201203020100301003000002103110220011121301101203212230013010130223330110112
1000100000100200100110201203020100301003000002103110220011121301101203212230013010130223330110113111120
1000100000100200100110201203020100301003000002103110220011121301101203212230013010130223330110113111121202
1000100000100200100110201203020100301003000002103110220011121301101203212230013010130223330110113111121203202
100010000010020010011020120302010030100300000210311022001112130110120321223001301013022333011011311112120320330
1000100000100200100110201203020100301003000002103110220011121301101203212230013010130223330110113111121203203313010211
1000100000100200100110201203020100301003000002103110220011121301101203212230013010130223330110113111121203203313010212230
1000100000100200100110201203020100301003000002103110220011121301101203212230013010130223330110113111121203203313010212231
10001000001002001001102012030201003010030000021031102200111213011012032122300130101302233301101131111212032033130102122321
10001000001002001001102012030201003010030000021031102200111213011012032122300130101302233301101131111212032033130102122322
10001000001002001001102012030201003010030000021031102200111213011012032122300130101302233301101131111212032033130102122323
100010000010020010011020120302010030100300000210311022001112130110120321223001301013022333011011311112120320331301021223311
100010000010020010011020120302010030100300000210311022001112130110120321223001301013022333011011311112120320331301021223312
10001000001002001001102012030201003010030000021031102200111213011012032122300130101302233301101131111212032033130102122331321
10001000001002001001102012030201003010030000021031102200111213011012032122300130101302233301101131111212032033130102122331322
1000100000100200100110201203020100301003000002103110220011121301101203212230013010130223330110113111121203203313010212233132331
1000100000100200100110201203020100301003000002103110220011121301101203212230013010130223330110113111121203203313010212233132332
1000100000100200100110201203020100301003000002103110220011121301101203212230013010130223330110113111121203203313010212233132333
1000100000100200100110201203020100301003000002103110220011121301101203212230013010130223330110113111121203203313010213
100010000010020010011020120302010030100300000210311022001112130110120321223001301013022333011011311112120320331301022130
100010000010020010011020120302010030100300000210311022001112130110120321223001301013022333011011311112120320331301022131
1000100000100200100110201203020100301003000002103110220011121301101203212230013010130223330110113111121203203313010221323
100010000010020010011020120302010030100300000210311022001112130110120321223001301013022333011011311112120320331301022133
1000100000100200100110201203020100301003000002103110220011121301101203212230013010130223330110113111121203203313010222311
1000100000100200100110201203020100301003000002103110220011121301101203212230013010130223330110113111121203203313010222312
1000100000100200100110201203020100301003000002103110220011121301101203212230013010130223330110113111121203203313010222313
1000100000100200100110201203020100301003000002103110220011121301101203212230013010130223330110113111121203203313010222320
1000100000100200100110201203020100301003000002103110220011121301101203212230013010130223330110113111121203203313010222321
1000100000100200100110201203020100301003000002103110220011121301101203212230013010130223330110113111121203203313010222322
1000100000100200100110201203020100301003000002103110220011121301101203212230013010130223330110113111121203203313010222323
10001000001002001001102012030201003010030000021031102200111213011012032122300130101302233301101131111212032033130102223302
10001000001002001001102012030201003010030000021031102200111213011012032122300130101302233301101131111212032033130102223303
1000100000100200100110201203020100301003000002103110220011121301101203212230013010130223330110113111121203203313010222331
1000100000100200100110201203020100301003000002103110220011121301101203212230013010130223330110113111121203203313010222332
1000100000100200100110201203020100301003000002103110220011121301101203212230013010130223330110113111121203203313010222333
100010000010020010011020120302010030100300000210311022001112130110120321223001301013022333011011311112120320331301022311
100010000010020010011020120302010030100300000210311022001112130110120321223001301013022333011011311112120320331301022312
100010000010020010011020120302010030100300000210311022001112130110120321223001301013022333011011311112120320331301022313210
100010000010020010011020120302010030100300000210311022001112130110120321223001301013022333011011311112120320331301022313211
100010000010020010011020120302010030100300000210311022001112130110120321223001301013022333011011311112120320331301022313212
100010000010020010011020120302010030100300000210311022001112130110120321223001301013022333011011311112120320331301022313213
100010000010020010011020120302010030100300000210311022001112130110120321223001301013022333011011311112120320331301022313220
100010000010020010011020120302010030100300000210311022001112130110120321223001301013022333011011311112120320331301022313221
100010000010020010011020120302010030100300000210311022001112130110120321223001301013022333011011311112120320331301022313222
100010000010020010011020120302010030100300000210311022001112130110120321223001301013022333011011311112120320331301022313223
100010000010020010011020120302010030100300000210311022001112130110120321223001301013022333011011311112120320331301022313230
100010000010020010011020120302010030100300000210311022001112130110120321223001301013022333011011311112120320331301022313231
100010000010020010011020120302010030100300000210311022001112130110120321223001301013022333011011311112120320331301022313232
100010000010020010011020120302010030100300000210311022001112130110120321223001301013022333011011311112120320331301022313233
100010000010020010011020120302010030100300000210311022001112130110120321223001301013022333011011311112120320331301022313310
100010000010020010011020120302010030100300000210311022001112130110120321223001301013022333011011311112120320331301022313311
100010000010020010011020120302010030100300000210311022001112130110120321223001301013022333011011311112120320331301022313312
100010000010020010011020120302010030100300000210311022001112130110120321223001301013022333011011311112120320331301022313313
100010000010020010011020120302010030100300000210311022001112130110120321223001301013022333011011311112120320331301022313320
100010000010020010011020120302010030100300000210311022001112130110120321223001301013022333011011311112120320331301022313321
100010000010020010011020120302010030100300000210311022001112130110120321223001301013022333011011311112120320331301022313322
100010000010020010011020120302010030100300000210311022001112130110120321223001301013022333011011311112120320331301022313323
10001000001002001001102012030201003010030000021031102200111213011012032122300130101302233301101131111212032033130102231333012
10001000001002001001102012030201003010030000021031102200111213011012032122300130101302233301101131111212032033130102231333013
10001000001002001001102012030201003010030000021031102200111213011012032122300130101302233301101131111212032033130102231333020
10001000001002001001102012030201003010030000021031102200111213011012032122300130101302233301101131111212032033130102231333021
10001000001002001001102012030201003010030000021031102200111213011012032122300130101302233301101131111212032033130102231333022
10001000001002001001102012030201003010030000021031102200111213011012032122300130101302233301101131111212032033130102231333023
100010000010020010011020120302010030100300000210311022001112130110120321223001301013022333011011311112120320331301022313330303
10001000001002001001102012030201003010030000021031102200111213011012032122300130101302233301101131111212032033130102231333031
10001000001002001001102012030201003010030000021031102200111213011012032122300130101302233301101131111212032033130102231333032
10001000001002001001102012030201003010030000021031102200111213011012032122300130101302233301101131111212032033130102231333033
100010000010020010011020120302010030100300000210311022001112130110120321223001301013022333011011311112120320331301022313331
100010000010020010011020120302010030100300000210311022001112130110120321223001301013022333011011311112120320331301022313332
100010000010020010011020120302010030100300000210311022001112130110120321223001301013022333011011311112120320331301022313333
1000100000100200100110201203020100301003000002103110220011121301101203212230013010130223330110113111121203203313011
1000100000100200100110201203020100301003000002103110220011121301101203212230013010130223330110113111121203203313012
1000100000100200100110201203020100301003000002103110220011121301101203212230013010130223330110113111121203203313013
1000100000100200100110201203020100301003000002103110220011121301101203212230013010130223330110113111121203203313020
1000100000100200100110201203020100301003000002103110220011121301101203212230013010130223330110113111121203203313021
1000100000100200100110201203020100301003000002103110220011121301101203212230013010130223330110113111121203203313022
1000100000100200100110201203020100301003000002103110220011121301101203212230013010130223330110113111121203203313023
10001000001002001001102012030201003010030000021031102200111213011012032122300130101302233301101131111212032033130301
10001000001002001001102012030201003010030000021031102200111213011012032122300130101302233301101131111212032033130302
10001000001002001001102012030201003010030000021031102200111213011012032122300130101302233301101131111212032033130303
10001000001002001001102012030201003010030000021031102200111213011012032122300130101302233301101131111212032033130312
10001000001002001001102012030201003010030000021031102200111213011012032122300130101302233301101131111212032033130313
10001000001002001001102012030201003010030000021031102200111213011012032122300130101302233301101131111212032033130322
10001000001002001001102012030201003010030000021031102200111213011012032122300130101302233301101131111212032033130323
1000100000100200100110201203020100301003000002103110220011121301101203212230013010130223330110113111121203203313033
10001000001002001001102012030201003010030000021031102200111213011012032122300130101302233301101131111212032033131
10001000001002001001102012030201003010030000021031102200111213011012032122300130101302233301101131111212032033132
10001000001002001001102012030201003010030000021031102200111213011012032122300130101302233301101131111212032033133
100010000010020010011020120302010030100300000210311022001112130110120321223001301013022333011011311112120320332
100010000010020010011020120302010030100300000210311022001112130110120321223001301013022333011011311112120320333
100010000010020010011020120302010030100300000210311022001112130110120321223001301013022333011011311112120321
100010000010020010011020120302010030100300000210311022001112130110120321223001301013022333011011311112120322
100010000010020010011020120302010030100300000210311022001112130110120321223001301013022333011011311112120323
100010000010020010011020120302010030100300000210311022001112130110120321223001301013022333011011311112121
100010000010020010011020120302010030100300000210311022001112130110120321223001301013022333011011311112122
100010000010020010011020120302010030100300000210311022001112130110120321223001301013022333011011311112123
100010000010020010011020120302010030100300000210311022001112130110120321223001301013022333011011311113
1000100000100200100110201203020100301003000002103110220011121301101203212230013010130223330110113112
1000100000100200100110201203020100301003000002103110220011121301101203212230013010130223330110113113
1000100000100200100110201203020100301003000002103110220011121301101203212230013010130223330110113123
1000100000100200100110201203020100301003000002103110220011121301101203212230013010130223330110113131
1000100000100200100110201203020100301003000002103110220011121301101203212230013010130223330110113132
1000100000100200100110201203020100301003000002103110220011121301101203212230013010130223330110113133
10001000001002001001102012030201003010030000021031102200111213011012032122300130101302233301102
10001000001002001001102012030201003010030000021031102200111213011012032122300130101302233301103
10001000001002001001102012030201003010030000021031102200111213011012032122300130101302233302
10001000001002001001102012030201003010030000021031102200111213011012032122300130101302233303
10001000001002001001102012030201003010030000021031102200111213011012032122300130102
10001000001002001001102012030201003010030000021031102200111213011012032122300130103
100010000010020010011020120302010030100300000210311022001112130110120321223001302
100010000010020010011020120302010030100300000210311022001112130110120321223001303
1000100000100200100110201203020100302
1000100000100200100110201203020100303
30000100000100200100110201203020100301011011021022000312032030000110
3000010000010020010011020120302010030101101102102200031203203000011120
30000100000100200100110201203020100301011011021022000312032030000111213020
30000100000100200100110201203020100301011011021022000312032030000111213021
300001000001002001001102012030201003010110110210220003120320300001112130223000
30000100000100200100110201203020100301011011021022000312032030000111213022300120
30000100000100200100110201203020100301011011021022000312032030000111213022300121
30000100000100200100110201203020100301011011021022000312032030000111213022300122
3000010000010020010011020120302010030101101102102200031203203000011121302230012330
3000010000010020010011020120302010030101101102102200031203203000011121302230012331301013021
30000100000100200100110201203020100301011011021022000312032030000111213022300123313010130223
300001000001002001001102012030201003010110110210220003120320300001112130223001233130101302301032
300001000001002001001102012030201003010110110210220003120320300001112130223001233130101302301033111010
3000010000010020010011020120302010030101101102102200031203203000011121302230012331301013023010331110111
3000010000010020010011020120302010030101101102102200031203203000011121302230012331301013023010331110112
3000010000010020010011020120302010030101101102102200031203203000011121302230012331301013023010331110113202
300001000001002001001102012030201003010110110210220003120320300001112130223001233130101302301033111011320330
30000100000100200100110201203020100301011011021022000312032030000111213022300123313010130230103311101132033111202
30000100000100200100110201203020100301011011021022000312032030000111213022300123313010130230103311101132033111203
3000010000010020010011020120302010030101101102102200031203203000011121302230012331301013023010331110113203311121130102120
3000010000010020010011020120302010030101101102102200031203203000011121302230012331301013023010331110113203311121130102121
300001000001002001001102012030201003010110110210220003120320300001112130223001233130101302301033111011320331112113010212230
300001000001002001001102012030201003010110110210220003120320300001112130223001233130101302301033111011320331112113010212231
3000010000010020010011020120302010030101101102102200031203203000011121302230012331301013023010331110113203311121130102122321
3000010000010020010011020120302010030101101102102200031203203000011121302230012331301013023010331110113203311121130102122322
3000010000010020010011020120302010030101101102102200031203203000011121302230012331301013023010331110113203311121130102122323
30000100000100200100110201203020100301011011021022000312032030000111213022300123313010130230103311101132033111211301021223311
30000100000100200100110201203020100301011011021022000312032030000111213022300123313010130230103311101132033111211301021223312
3000010000010020010011020120302010030101101102102200031203203000011121302230012331301013023010331110113203311121130102122331321
3000010000010020010011020120302010030101101102102200031203203000011121302230012331301013023010331110113203311121130102122331322
300001000001002001001102012030201003010110110210220003120320300001112130223001233130101302301033111011320331112113010212233132331
300001000001002001001102012030201003010110110210220003120320300001112130223001233130101302301033111011320331112113010212233132332
300001000001002001001102012030201003010110110210220003120320300001112130223001233130101302301033111011320331112113010212233132333
300001000001002001001102012030201003010110110210220003120320300001112130223001233130101302301033111011320331112113010213
30000100000100200100110201203020100301011011021022000312032030000111213022300123313010130230103311101132033111211301022130
30000100000100200100110201203020100301011011021022000312032030000111213022300123313010130230103311101132033111211301022131
30000100000100200100110201203020100301011011021022000312032030000111213022300123313010130230103311101132033111211301022132
30000100000100200100110201203020100301011011021022000312032030000111213022300123313010130230103311101132033111211301022133
300001000001002001001102012030201003010110110210220003120320300001112130223001233130101302301033111011320331112113010222310
300001000001002001001102012030201003010110110210220003120320300001112130223001233130101302301033111011320331112113010222311
300001000001002001001102012030201003010110110210220003120320300001112130223001233130101302301033111011320331112113010222312
300001000001002001001102012030201003010110110210220003120320300001112130223001233130101302301033111011320331112113010222313
300001000001002001001102012030201003010110110210220003120320300001112130223001233130101302301033111011320331112113010222320
300001000001002001001102012030201003010110110210220003120320300001112130223001233130101302301033111011320331112113010222321
300001000001002001001102012030201003010110110210220003120320300001112130223001233130101302301033111011320331112113010222322
300001000001002001001102012030201003010110110210220003120320300001112130223001233130101302301033111011320331112113010222323
300001000001002001001102012030201003010110110210220003120320300001112130223001233130101302301033111011320331112113010222331
300001000001002001001102012030201003010110110210220003120320300001112130223001233130101302301033111011320331112113010222332
300001000001002001001102012030201003010110110210220003120320300001112130223001233130101302301033111011320331112113010222333
30000100000100200100110201203020100301011011021022000312032030000111213022300123313010130230103311101132033111211301022311
30000100000100200100110201203020100301011011021022000312032030000111213022300123313010130230103311101132033111211301022312
300001000001002001001102012030201003010110110210220003120320300001112130223001233130101302301033111011320331112113010223132103
30000100000100200100110201203020100301011011021022000312032030000111213022300123313010130230103311101132033111211301022313211
30000100000100200100110201203020100301011011021022000312032030000111213022300123313010130230103311101132033111211301022313212
30000100000100200100110201203020100301011011021022000312032030000111213022300123313010130230103311101132033111211301022313213
30000100000100200100110201203020100301011011021022000312032030000111213022300123313010130230103311101132033111211301022313220
30000100000100200100110201203020100301011011021022000312032030000111213022300123313010130230103311101132033111211301022313221
30000100000100200100110201203020100301011011021022000312032030000111213022300123313010130230103311101132033111211301022313222
30000100000100200100110201203020100301011011021022000312032030000111213022300123313010130230103311101132033111211301022313223
30000100000100200100110201203020100301011011021022000312032030000111213022300123313010130230103311101132033111211301022313230
30000100000100200100110201203020100301011011021022000312032030000111213022300123313010130230103311101132033111211301022313231
30000100000100200100110201203020100301011011021022000312032030000111213022300123313010130230103311101132033111211301022313232
30000100000100200100110201203020100301011011021022000312032030000111213022300123313010130230103311101132033111211301022313233
30000100000100200100110201203020100301011011021022000312032030000111213022300123313010130230103311101132033111211301022313310
30000100000100200100110201203020100301011011021022000312032030000111213022300123313010130230103311101132033111211301022313311
30000100000100200100110201203020100301011011021022000312032030000111213022300123313010130230103311101132033111211301022313312
30000100000100200100110201203020100301011011021022000312032030000111213022300123313010130230103311101132033111211301022313313
30000100000100200100110201203020100301011011021022000312032030000111213022300123313010130230103311101132033111211301022313320
30000100000100200100110201203020100301011011021022000312032030000111213022300123313010130230103311101132033111211301022313321
30000100000100200100110201203020100301011011021022000312032030000111213022300123313010130230103311101132033111211301022313322
30000100000100200100110201203020100301011011021022000312032030000111213022300123313010130230103311101132033111211301022313323
3000010000010020010011020120302010030101101102102200031203203000011121302230012331301013023010331110113203311121130102231333012
3000010000010020010011020120302010030101101102102200031203203000011121302230012331301013023010331110113203311121130102231333013
3000010000010020010011020120302010030101101102102200031203203000011121302230012331301013023010331110113203311121130102231333020
3000010000010020010011020120302010030101101102102200031203203000011121302230012331301013023010331110113203311121130102231333021
3000010000010020010011020120302010030101101102102200031203203000011121302230012331301013023010331110113203311121130102231333022
3000010000010020010011020120302010030101101102102200031203203000011121302230012331301013023010331110113203311121130102231333023
30000100000100200100110201203020100301011011021022000312032030000111213022300123313010130230103311101132033111211301022313330303
3000010000010020010011020120302010030101101102102200031203203000011121302230012331301013023010331110113203311121130102231333031
3000010000010020010011020120302010030101101102102200031203203000011121302230012331301013023010331110113203311121130102231333032
3000010000010020010011020120302010030101101102102200031203203000011121302230012331301013023010331110113203311121130102231333033
30000100000100200100110201203020100301011011021022000312032030000111213022300123313010130230103311101132033111211301022313331
30000100000100200100110201203020100301011011021022000312032030000111213022300123313010130230103311101132033111211301022313332
30000100000100200100110201203020100301011011021022000312032030000111213022300123313010130230103311101132033111211301022313333
300001000001002001001102012030201003010110110210220003120320300001112130223001233130101302301033111011320331112113011
300001000001002001001102012030201003010110110210220003120320300001112130223001233130101302301033111011320331112113012
300001000001002001001102012030201003010110110210220003120320300001112130223001233130101302301033111011320331112113013
300001000001002001001102012030201003010110110210220003120320300001112130223001233130101302301033111011320331112113020
300001000001002001001102012030201003010110110210220003120320300001112130223001233130101302301033111011320331112113021
300001000001002001001102012030201003010110110210220003120320300001112130223001233130101302301033111011320331112113022
300001000001002001001102012030201003010110110210220003120320300001112130223001233130101302301033111011320331112113023
3000010000010020010011020120302010030101101102102200031203203000011121302230012331301013023010331110113203311121130301
3000010000010020010011020120302010030101101102102200031203203000011121302230012331301013023010331110113203311121130302
3000010000010020010011020120302010030101101102102200031203203000011121302230012331301013023010331110113203311121130303
3000010000010020010011020120302010030101101102102200031203203000011121302230012331301013023010331110113203311121130312
3000010000010020010011020120302010030101101102102200031203203000011121302230012331301013023010331110113203311121130313
3000010000010020010011020120302010030101101102102200031203203000011121302230012331301013023010331110113203311121130322
3000010000010020010011020120302010030101101102102200031203203000011121302230012331301013023010331110113203311121130323
300001000001002001001102012030201003010110110210220003120320300001112130223001233130101302301033111011320331112113033
3000010000010020010011020120302010030101101102102200031203203000011121302230012331301013023010331110113203311121131
3000010000010020010011020120302010030101101102102200031203203000011121302230012331301013023010331110113203311121132
3000010000010020010011020120302010030101101102102200031203203000011121302230012331301013023010331110113203311121133
3000010000010020010011020120302010030101101102102200031203203000011121302230012331301013023010331110113203311122
3000010000010020010011020120302010030101101102102200031203203000011121302230012331301013023010331110113203311123
30000100000100200100110201203020100301011011021022000312032030000111213022300123313010130230103311101132033112
30000100000100200100110201203020100301011011021022000312032030000111213022300123313010130230103311101132033113
300001000001002001001102012030201003010110110210220003120320300001112130223001233130101302301033111011320332
300001000001002001001102012030201003010110110210220003120320300001112130223001233130101302301033111011320333
300001000001002001001102012030201003010110110210220003120320300001112130223001233130101302301033111011321
300001000001002001001102012030201003010110110210220003120320300001112130223001233130101302301033111011322
300001000001002001001102012030201003010110110210220003120320300001112130223001233130101302301033111011323
30000100000100200100110201203020100301011011021022000312032030000111213022300123313010130230103311102
30000100000100200100110201203020100301011011021022000312032030000111213022300123313010130230103311103
300001000001002001001102012030201003010110110210220003120320300001112130223001233130101302301033112
300001000001002001001102012030201003010110110210220003120320300001112130223001233130101302301033113
30000100000100200100110201203020100301011011021022000312032030000111213022300123313010130230103312
300001000001002001001102012030201003010110110210220003120320300001112130223001233130101302301033131
300001000001002001001102012030201003010110110210220003120320300001112130223001233130101302301033132
300001000001002001001102012030201003010110110210220003120320300001112130223001233130101302301033133
300001000001002001001102012030201003010110110210220003120320300001112130223001233130101302302
300001000001002001001102012030201003010110110210220003120320300001112130223001233130101302303
300001000001002001001102012030201003010110110210220003120320300001112130223001233130102
300001000001002001001102012030201003010110110210220003120320300001112130223001233130103
3000010000010020010011020120302010030101101102102200031203203000011121302230012331302
3000010000010020010011020120302010030101101102102200031203203000011121302230012331303
30000100000100200100110201203020100302
30000100000100200100110201203020100303
