00000000010000102000301001000102001010202020
00000000010000102000301001000102001010202021011110
000000000100001020003010010001020010102020210111112101202013030100102020201
000000000100001020003010010001020010102020210111112101202013030100102020202111030301001011
00000000010000102000301001000102001010202021011111210120201303010010202020211103030100101220121102111203112030203010
000000000100001020003010010001020010102020210111112101202013030100102020202111030301001012201211021112031120302030110
00000000010000102000301001000102001010202021011111210120201303010010202020211103030100101220121102111203112030203011130
000000000100001020003010010001020010102020210111112101202013030100102020202111030301001012201211021112031120302030111310300212130
0000000001000010200030100100010200101020202101111121012020130301001020202021110303010010122012110211120311203020301113103002121311111203130
00000000010000102000301001000102001010202021011111210120201303010010202020211103030100101220121102111203112030203011131030021213111112031313030212221201230
00000000010000102000301001000102001010202021011111210120201303010010202020211103030100101220121102111203112030203011131030021213111112031313030212221201231
00000000010000102000301001000102001010202021011111210120201303010010202020211103030100101220121102111203112030203011131030021213111112031313030212221201232310
00000000010000102000301001000102001010202021011111210120201303010010202020211103030100101220121102111203112030203011131030021213111112031313030212221201232311
00000000010000102000301001000102001010202021011111210120201303010010202020211103030100101220121102111203112030203011131030021213111112031313030212221201232312
000000000100001020003010010001020010102020210111112101202013030100102020202111030301001012201211021112031120302030111310300212131111120313130302122212012323131313221312301202130321
0000000001000010200030100100010200101020202101111121012020130301001020202021110303010010122012110211120311203020301113103002121311111203131303021222120123231313132213123012021303220
0000000001000010200030100100010200101020202101111121012020130301001020202021110303010010122012110211120311203020301113103002121311111203131303021222120123231313132213123012021303221
000000000100001020003010010001020010102020210111112101202013030100102020202111030301001012201211021112031120302030111310300212131111120313130302122212012323131313221312301202130322232121
000000000100001020003010010001020010102020210111112101202013030100102020202111030301001012201211021112031120302030111310300212131111120313130302122212012323131313221312301202130322232122230321130
000000000100001020003010010001020010102020210111112101202013030100102020202111030301001012201211021112031120302030111310300212131111120313130302122212012323131313221312301202130322232122230321131
000000000100001020003010010001020010102020210111112101202013030100102020202111030301001012201211021112031120302030111310300212131111120313130302122212012323131313221312301202130322232122230321132
000000000100001020003010010001020010102020210111112101202013030100102020202111030301001012201211021112031120302030111310300212131111120313130302122212012323131313221312301202130322232122230321133122322222321231
0000000001000010200030100100010200101020202101111121012020130301001020202021110303010010122012110211120311203020301113103002121311111203131303021222120123231313132213123012021303222321222303211331223222223212320
0000000001000010200030100100010200101020202101111121012020130301001020202021110303010010122012110211120311203020301113103002121311111203131303021222120123231313132213123012021303222321222303211331223222223212321
0000000001000010200030100100010200101020202101111121012020130301001020202021110303010010122012110211120311203020301113103002121311111203131303021222120123231313132213123012021303222321222303211331223222223212322
00000000010000102000301001000102001010202021011111210120201303010010202020211103030100101220121102111203112030203011131030021213111112031313030212221201232313131322131230120213032223212223032113312232222232123231333033
000000000100001020003010010001020010102020210111112101202013030100102020202111030301001012201211021112031120302030111310300212131111120313130302122212012323131313221312301202130322232122230321133122322222321232313331331311
0000000001000010200030100100010200101020202101111121012020130301001020202021110303010010122012110211120311203020301113103002121311111203131303021222120123231313132213123012021303222321222303211331223222223212323133313313123332
0000000001000010200030100100010200101020202101111121012020130301001020202021110303010010122012110211120311203020301113103002121311111203131303021222120123231313132213123012021303222321222303211331223222223212323133313313123333232321
000000000100001020003010010001020010102020210111112101202013030100102020202111030301001012201211021112031120302030111310300212131111120313130302122212012323131313221312301202130322232122230321133122322222321232313331331312333323232220
000000000100001020003010010001020010102020210111112101202013030100102020202111030301001012201211021112031120302030111310300212131111120313130302122212012323131313221312301202130322232122230321133122322222321232313331331312333323232221
00000000010000102000301001000102001010202021011111210120201303010010202020211103030100101220121102111203112030203011131030021213111112031313030212221201232313131322131230120213032223212223032113312232222232123231333133131233332323222232
000000000100001020003010010001020010102020210111112101202013030100102020202111030301001012201211021112031120302030111310300212131111120313130302122212012323131313221312301202130322232122230321133122322222321232313331331312333323232222332
000000000100001020003010010001020010102020210111112101202013030100102020202111030301001012201211021112031120302030111310300212131111120313130302122212012323131313221312301202130322232122230321133122322222321232313331331312333323232222333
000000000100001020003010010001020010102020210111112101202013030100102020202111030301001012201211021112031120302030111310300212131111120313130302122212012323131313221312301202130322232122230321133122322222321232313331331312333323232223
0000000001000010200030100100010200101020202101111121012020130301001020202021110303010010122012110211120311203020301113103002121311111203131303021222120123231313132213123012021303222321222303211331223222223212323133313313123333232322302
0000000001000010200030100100010200101020202101111121012020130301001020202021110303010010122012110211120311203020301113103002121311111203131303021222120123231313132213123012021303222321222303211331223222223212323133313313123333232322303312
00000000010000102000301001000102001010202021011111210120201303010010202020211103030100101220121102111203112030203011131030021213111112031313030212221201232313131322131230120213032223212223032113312232222232123231333133131233332323223033133
0000000001000010200030100100010200101020202101111121012020130301001020202021110303010010122012110211120311203020301113103002121311111203131303021222120123231313132213123012021303222321222303211331223222223212323133313313123333232322303322
000000000100001020003010010001020010102020210111112101202013030100102020202111030301001012201211021112031120302030111310300212131111120313130302122212012323131313221312301202130322232122230321133122322222321232313331331312333323232230332332
000000000100001020003010010001020010102020210111112101202013030100102020202111030301001012201211021112031120302030111310300212131111120313130302122212012323131313221312301202130322232122230321133122322222321232313331331312333323232230332333
0000000001000010200030100100010200101020202101111121012020130301001020202021110303010010122012110211120311203020301113103002121311111203131303021222120123231313132213123012021303222321222303211331223222223212323133313313123333232322303331
0000000001000010200030100100010200101020202101111121012020130301001020202021110303010010122012110211120311203020301113103002121311111203131303021222120123231313132213123012021303222321222303211331223222223212323133313313123333232322303332
0000000001000010200030100100010200101020202101111121012020130301001020202021110303010010122012110211120311203020301113103002121311111203131303021222120123231313132213123012021303222321222303211331223222223212323133313313123333232322303333
000000000100001020003010010001020010102020210111112101202013030100102020202111030301001012201211021112031120302030111310300212131111120313130302122212012323131313221312301202130322232122230321133122322222321232313331331312333323232231
000000000100001020003010010001020010102020210111112101202013030100102020202111030301001012201211021112031120302030111310300212131111120313130302122212012323131313221312301202130322232122230321133122322222321232313331331312333323232232
000000000100001020003010010001020010102020210111112101202013030100102020202111030301001012201211021112031120302030111310300212131111120313130302122212012323131313221312301202130322232122230321133122322222321232313331331312333323232233
0000000001000010200030100100010200101020202101111121012020130301001020202021110303010010122012110211120311203020301113103002121311111203131303021222120123231313132213123012021303222321222303211331223222223212323133313313123333232323
00000000010000102000301001000102001010202021011111210120201303010010202020211103030100101220121102111203112030203011131030021213111112031313030212221201232313131322131230120213032223212223032113312232222232123231333133131233333
000000000100001020003010010001020010102020210111112101202013030100102020202111030301001012201211021112031120302030111310300212131111120313130302122212012323131313221312301202130322232122230321133122322222321232313331331313
0000000001000010200030100100010200101020202101111121012020130301001020202021110303010010122012110211120311203020301113103002121311111203131303021222120123231313132213123012021303222321222303211331223222223213
00000000010000102000301001000102001010202021011111210120201303010010202020211103030100101220121102111203112030203011131030021213111112031313030212221201232313131322131230120213032223212223032113312232222233
000000000100001020003010010001020010102020210111112101202013030100102020202111030301001012201211021112031120302030111310300212131111120313130302122212012323131313221312301202130322232122230321133123
000000000100001020003010010001020010102020210111112101202013030100102020202111030301001012201211021112031120302030111310300212131111120313130302122212012323131313221312301202130322232122230322
000000000100001020003010010001020010102020210111112101202013030100102020202111030301001012201211021112031120302030111310300212131111120313130302122212012323131313221312301202130322232122230323
000000000100001020003010010001020010102020210111112101202013030100102020202111030301001012201211021112031120302030111310300212131111120313130302122212012323131313221313
00000000010000102000301001000102001010202021011111210120201303010010202020211103030100101220121102111203112030203011131030021213111112031313030212221202
00000000010000102000301001000102001010202021011111210120201303010010202020211103030100101220121102111203112030203011131030021213111112031313030212221203
0000000001000010200030100100010200101020202101111121012020130301001020202021110303010010122012110211120311203020302
0000000001000010200030100100010200101020202101111121012020130301001020202021110303010010122012110211120311203020303
000000000100001020003010010001020010102020210111112101202013030100102020202111030301001012201211021112032
000000000100001020003010010001020010102020210111112101202013030100102020202111030301001012201211021112033
000000000100001020003010010001020010102020210111112101202013030100102020202111030301001012201211021113
00000000010000102000301001000102001010202021011111210120201303010010202020211103030100101220121103
000000000100001020003010010001020010102020210111112101202013030100102020202111030302
000000000100001020003010010001020010102020210111112101202013030100102020202111030303
000000000100001020003010010001020010102020210111112101203
0000000001000010200030100100010200101020202101111122
0000000001000010200030100100010200101020202101111123
000000000100001020003010010001020010102020210112
000000000100001020003010010001020010102020210113
0000000001000010200030100100010200101020202102
0000000001000010200030100100010200101020202103
200000100100001020003000110110010002000110
200000100100001020003000110110010002000111210120201301010202020
200000100100001020003000110110010002000111210120201301010202021
200000100100001020003000110110010002000111210120201301010202022010100210202111030220121102111203112030203010301001011
20000010010000102000300011011001000200011121012020130101020202201010021020211103022012110211120311203020301030100101230021213030110
200000100100001020003000110110010002000111210120201301010202022010100210202111030220121102111203112030203010301001012300212130301111120203121303030
20000010010000102000300011011001000200011121012020130101020202201010021020211103022012110211120311203020301030100101230021213030111112020312130303130
200000100100001020003000110110010002000111210120201301010202022010100210202111030220121102111203112030203010301001012300212130301111120203121303031312011
20000010010000102000300011011001000200011121012020130101020202201010021020211103022012110211120311203020301030100101230021213030111112020312130303131201221230
20000010010000102000300011011001000200011121012020130101020202201010021020211103022012110211120311203020301030100101230021213030111112020312130303131201221231
200000100100001020003000110110010002000111210120201301010202022010100210202111030220121102111203112030203010301001012300212130301111120203121303031312012212322130
20000010010000102000300011011001000200011121012020130101020202201010021020211103022012110211120311203020301030100101230021213030111112020312130303131201221232213130302310
20000010010000102000300011011001000200011121012020130101020202201010021020211103022012110211120311203020301030100101230021213030111112020312130303131201221232213130302311
20000010010000102000300011011001000200011121012020130101020202201010021020211103022012110211120311203020301030100101230021213030111112020312130303131201221232213130302312
200000100100001020003000110110010002000111210120201301010202022010100210202111030220121102111203112030203010301001012300212130301111120203121303031312012212322131303023131313221312
200000100100001020003000110110010002000111210120201301010202022010100210202111030220121102111203112030203010301001012300212130301111120203121303031312012212322131303023131313221313211
200000100100001020003000110110010002000111210120201301010202022010100210202111030220121102111203112030203010301001012300212130301111120203121303031312012212322131303023131313221313212121
200000100100001020003000110110010002000111210120201301010202022010100210202111030220121102111203112030203010301001012300212130301111120203121303031312012212322131303023131313221313212122220
200000100100001020003000110110010002000111210120201301010202022010100210202111030220121102111203112030203010301001012300212130301111120203121303031312012212322131303023131313221313212122221
20000010010000102000300011011001000200011121012020130101020202201010021020211103022012110211120311203020301030100101230021213030111112020312130303131201221232213130302313131322131321212222232223211
2000001001000010200030001101100100020001112101202013010102020220101002102021110302201211021112031120302030103010010123002121303011111202031213030313120122123221313030231313132213132121222223222321231
20000010010000102000300011011001000200011121012020130101020202201010021020211103022012110211120311203020301030100101230021213030111112020312130303131201221232213130302313131322131321212222232223212320
20000010010000102000300011011001000200011121012020130101020202201010021020211103022012110211120311203020301030100101230021213030111112020312130303131201221232213130302313131322131321212222232223212321
20000010010000102000300011011001000200011121012020130101020202201010021020211103022012110211120311203020301030100101230021213030111112020312130303131201221232213130302313131322131321212222232223212322
20000010010000102000300011011001000200011121012020130101020202201010021020211103022012110211120311203020301030100101230021213030111112020312130303131201221232213130302313131322131321212222232223212323033131
2000001001000010200030001101100100020001112101202013010102020220101002102021110302201211021112031120302030103010010123002121303011111202031213030313120122123221313030231313132213132121222223222321232303313231333033
200000100100001020003000110110010002000111210120201301010202022010100210202111030220121102111203112030203010301001012300212130301111120203121303031312012212322131303023131313221313212122222322232123230331323133312231331311
20000010010000102000300011011001000200011121012020130101020202201010021020211103022012110211120311203020301030100101230021213030111112020312130303131201221232213130302313131322131321212222232223212323033132313331223133131233222
200000100100001020003000110110010002000111210120201301010202022010100210202111030220121102111203112030203010301001012300212130301111120203121303031312012212322131303023131313221313212122222322232123230331323133312231331312332232321
20000010010000102000300011011001000200011121012020130101020202201010021020211103022012110211120311203020301030100101230021213030111112020312130303131201221232213130302313131322131321212222232223212323033132313331223133131233223232220
20000010010000102000300011011001000200011121012020130101020202201010021020211103022012110211120311203020301030100101230021213030111112020312130303131201221232213130302313131322131321212222232223212323033132313331223133131233223232221
2000001001000010200030001101100100020001112101202013010102020220101002102021110302201211021112031120302030103010010123002121303011111202031213030313120122123221313030231313132213132121222223222321232303313231333122313313123322323222232
20000010010000102000300011011001000200011121012020130101020202201010021020211103022012110211120311203020301030100101230021213030111112020312130303131201221232213130302313131322131321212222232223212323033132313331223133131233223232222332
200000100100001020003000110110010002000111210120201301010202022010100210202111030220121102111203112030203010301001012300212130301111120203121303031312012212322131303023131313221313212122222322232123230331323133312231331312332232322223332
2000001001000010200030001101100100020001112101202013010102020220101002102021110302201211021112031120302030103010010123002121303011111202031213030313120122123221313030231313132213132121222223222321232303313231333122313313123322323222233332
2000001001000010200030001101100100020001112101202013010102020220101002102021110302201211021112031120302030103010010123002121303011111202031213030313120122123221313030231313132213132121222223222321232303313231333122313313123322323222233333
20000010010000102000300011011001000200011121012020130101020202201010021020211103022012110211120311203020301030100101230021213030111112020312130303131201221232213130302313131322131321212222232223212323033132313331223133131233223232223
200000100100001020003000110110010002000111210120201301010202022010100210202111030220121102111203112030203010301001012300212130301111120203121303031312012212322131303023131313221313212122222322232123230331323133312231331312332232322302
2000001001000010200030001101100100020001112101202013010102020220101002102021110302201211021112031120302030103010010123002121303011111202031213030313120122123221313030231313132213132121222223222321232303313231333122313313123322323223033133
200000100100001020003000110110010002000111210120201301010202022010100210202111030220121102111203112030203010301001012300212130301111120203121303031312012212322131303023131313221313212122222322232123230331323133312231331312332232322303323
200000100100001020003000110110010002000111210120201301010202022010100210202111030220121102111203112030203010301001012300212130301111120203121303031312012212322131303023131313221313212122222322232123230331323133312231331312332232322303332
200000100100001020003000110110010002000111210120201301010202022010100210202111030220121102111203112030203010301001012300212130301111120203121303031312012212322131303023131313221313212122222322232123230331323133312231331312332232322303333
20000010010000102000300011011001000200011121012020130101020202201010021020211103022012110211120311203020301030100101230021213030111112020312130303131201221232213130302313131322131321212222232223212323033132313331223133131233223232231
20000010010000102000300011011001000200011121012020130101020202201010021020211103022012110211120311203020301030100101230021213030111112020312130303131201221232213130302313131322131321212222232223212323033132313331223133131233223232232
20000010010000102000300011011001000200011121012020130101020202201010021020211103022012110211120311203020301030100101230021213030111112020312130303131201221232213130302313131322131321212222232223212323033132313331223133131233223232233
2000001001000010200030001101100100020001112101202013010102020220101002102021110302201211021112031120302030103010010123002121303011111202031213030313120122123221313030231313132213132121222223222321232303313231333122313313123322323232
20000010010000102000300011011001000200011121012020130101020202201010021020211103022012110211120311203020301030100101230021213030111112020312130303131201221232213130302313131322131321212222232223212323033132313331223133131233223232333
200000100100001020003000110110010002000111210120201301010202022010100210202111030220121102111203112030203010301001012300212130301111120203121303031312012212322131303023131313221313212122222322232123230331323133312231331313
20000010010000102000300011011001000200011121012020130101020202201010021020211103022012110211120311203020301030100101230021213030111112020312130303131201221232213130302313131322131321212222232223212323033132313331233
200000100100001020003000110110010002000111210120201301010202022010100210202111030220121102111203112030203010301001012300212130301111120203121303031312012212322131303023131313221313212122222322232123230332
200000100100001020003000110110010002000111210120201301010202022010100210202111030220121102111203112030203010301001012300212130301111120203121303031312012212322131303023131313221313212122222322232123230333
20000010010000102000300011011001000200011121012020130101020202201010021020211103022012110211120311203020301030100101230021213030111112020312130303131201221232213130302313131322131321212222232223213
20000010010000102000300011011001000200011121012020130101020202201010021020211103022012110211120311203020301030100101230021213030111112020312130303131201221232213130302313131322131322
20000010010000102000300011011001000200011121012020130101020202201010021020211103022012110211120311203020301030100101230021213030111112020312130303131201221232213130302313131322131323
20000010010000102000300011011001000200011121012020130101020202201010021020211103022012110211120311203020301030100101230021213030111112020312130303131202
20000010010000102000300011011001000200011121012020130101020202201010021020211103022012110211120311203020301030100101230021213030111112020312130303131203
200000100100001020003000110110010002000111210120201301010202022010100210202111030220121102111203112030203010302
200000100100001020003000110110010002000111210120201301010202022010100210202111030220121102111203112030203010303
20000010010000102000300011011001000200011121012020130101020202201010021020211103022012110211120311203020302
20000010010000102000300011011001000200011121012020130101020202201010021020211103022012110211120311203020303
2000001001000010200030001101100100020001112101202013010102020220101002102021110302201211021112032
2000001001000010200030001101100100020001112101202013010102020220101002102021110302201211021112033
2000001001000010200030001101100100020001112101202013010102020220101002102021110302201211021113
200000100100001020003000110110010002000111210120201301010202022010100210202111030220121103
2000001001000010200030001101100100020001112101203
20000010010000102000300011011001000200011122
20000010010000102000300011011001000200011123
20000010010000102000300011012
20000010010000102000300011013
2000001001000010200030002
2000001001000010200030003
1000000000100001020003001020001001010011010110
1000000000100001020003001020001001010011010111011120201211102020201301010202020
1000000000100001020003001020001001010011010111011120201211102020201301010202021
10000000001000010200030010200010010100110101110111202012111020202013010102020221211112030203010220212031213030011
1000000000100001020003001020001001010011010111011120201211102020201301010202022121111203020301022021203121303001230110
100000000010000102000300102000100101001101011101112020121110202020130101020202212111120302030102202120312130300123011100102130302122212010303011120203121303030
10000000001000010200030010200010010100110101110111202012111020202013010102020221211112030203010220212031213030012301110010213030212221201030301112020312130303130
1000000000100001020003001020001001010011010111011120201211102020201301010202022121111203020301022021203121303001230111001021303021222120103030111202031213030313130
1000000000100001020003001020001001010011010111011120201211102020201301010202022121111203020301022021203121303001230111001021303021222120103030111202031213030313131
100000000010000102000300102000100101001101011101112020121110202020130101020202212111120302030102202120312130300123011100102130302122212010303011120203121303031313211
10000000001000010200030010200010010100110101110111202012111020202013010102020221211112030203010220212031213030012301110010213030212221201030301112020312130303131321230
10000000001000010200030010200010010100110101110111202012111020202013010102020221211112030203010220212031213030012301110010213030212221201030301112020312130303131321231
10000000001000010200030010200010010100110101110111202012111020202013010102020221211112030203010220212031213030012301110010213030212221201030301112020312130303131321232310
10000000001000010200030010200010010100110101110111202012111020202013010102020221211112030203010220212031213030012301110010213030212221201030301112020312130303131321232311
10000000001000010200030010200010010100110101110111202012111020202013010102020221211112030203010220212031213030012301110010213030212221201030301112020312130303131321232312
100000000010000102000300102000100101001101011101112020121110202020130101020202212111120302030102202120312130300123011100102130302122212010303011120203121303031313212323131313221312
100000000010000102000300102000100101001101011101112020121110202020130101020202212111120302030102202120312130300123011100102130302122212010303011120203121303031313212323131313221313211
100000000010000102000300102000100101001101011101112020121110202020130101020202212111120302030102202120312130300123011100102130302122212010303011120203121303031313212323131313221313212121
100000000010000102000300102000100101001101011101112020121110202020130101020202212111120302030102202120312130300123011100102130302122212010303011120203121303031313212323131313221313212122220
100000000010000102000300102000100101001101011101112020121110202020130101020202212111120302030102202120312130300123011100102130302122212010303011120203121303031313212323131313221313212122221
10000000001000010200030010200010010100110101110111202012111020202013010102020221211112030203010220212031213030012301110010213030212221201030301112020312130303131321232313131322131321212222232223211
1000000000100001020003001020001001010011010111011120201211102020201301010202022121111203020301022021203121303001230111001021303021222120103030111202031213030313132123231313132213132121222223222321231
10000000001000010200030010200010010100110101110111202012111020202013010102020221211112030203010220212031213030012301110010213030212221201030301112020312130303131321232313131322131321212222232223212320
10000000001000010200030010200010010100110101110111202012111020202013010102020221211112030203010220212031213030012301110010213030212221201030301112020312130303131321232313131322131321212222232223212321
10000000001000010200030010200010010100110101110111202012111020202013010102020221211112030203010220212031213030012301110010213030212221201030301112020312130303131321232313131322131321212222232223212322
10000000001000010200030010200010010100110101110111202012111020202013010102020221211112030203010220212031213030012301110010213030212221201030301112020312130303131321232313131322131321212222232223212323033131
1000000000100001020003001020001001010011010111011120201211102020201301010202022121111203020301022021203121303001230111001021303021222120103030111202031213030313132123231313132213132121222223222321232303313231333033
100000000010000102000300102000100101001101011101112020121110202020130101020202212111120302030102202120312130300123011100102130302122212010303011120203121303031313212323131313221313212122222322232123230331323133312231331311
10000000001000010200030010200010010100110101110111202012111020202013010102020221211112030203010220212031213030012301110010213030212221201030301112020312130303131321232313131322131321212222232223212323033132313331223133131233222
100000000010000102000300102000100101001101011101112020121110202020130101020202212111120302030102202120312130300123011100102130302122212010303011120203121303031313212323131313221313212122222322232123230331323133312231331312332232321
10000000001000010200030010200010010100110101110111202012111020202013010102020221211112030203010220212031213030012301110010213030212221201030301112020312130303131321232313131322131321212222232223212323033132313331223133131233223232220
10000000001000010200030010200010010100110101110111202012111020202013010102020221211112030203010220212031213030012301110010213030212221201030301112020312130303131321232313131322131321212222232223212323033132313331223133131233223232221
1000000000100001020003001020001001010011010111011120201211102020201301010202022121111203020301022021203121303001230111001021303021222120103030111202031213030313132123231313132213132121222223222321232303313231333122313313123322323222232
10000000001000010200030010200010010100110101110111202012111020202013010102020221211112030203010220212031213030012301110010213030212221201030301112020312130303131321232313131322131321212222232223212323033132313331223133131233223232222332
100000000010000102000300102000100101001101011101112020121110202020130101020202212111120302030102202120312130300123011100102130302122212010303011120203121303031313212323131313221313212122222322232123230331323133312231331312332232322223332
1000000000100001020003001020001001010011010111011120201211102020201301010202022121111203020301022021203121303001230111001021303021222120103030111202031213030313132123231313132213132121222223222321232303313231333122313313123322323222233332
1000000000100001020003001020001001010011010111011120201211102020201301010202022121111203020301022021203121303001230111001021303021222120103030111202031213030313132123231313132213132121222223222321232303313231333122313313123322323222233333
10000000001000010200030010200010010100110101110111202012111020202013010102020221211112030203010220212031213030012301110010213030212221201030301112020312130303131321232313131322131321212222232223212323033132313331223133131233223232223
100000000010000102000300102000100101001101011101112020121110202020130101020202212111120302030102202120312130300123011100102130302122212010303011120203121303031313212323131313221313212122222322232123230331323133312231331312332232322302
1000000000100001020003001020001001010011010111011120201211102020201301010202022121111203020301022021203121303001230111001021303021222120103030111202031213030313132123231313132213132121222223222321232303313231333122313313123322323223033133
100000000010000102000300102000100101001101011101112020121110202020130101020202212111120302030102202120312130300123011100102130302122212010303011120203121303031313212323131313221313212122222322232123230331323133312231331312332232322303323
100000000010000102000300102000100101001101011101112020121110202020130101020202212111120302030102202120312130300123011100102130302122212010303011120203121303031313212323131313221313212122222322232123230331323133312231331312332232322303332
100000000010000102000300102000100101001101011101112020121110202020130101020202212111120302030102202120312130300123011100102130302122212010303011120203121303031313212323131313221313212122222322232123230331323133312231331312332232322303333
10000000001000010200030010200010010100110101110111202012111020202013010102020221211112030203010220212031213030012301110010213030212221201030301112020312130303131321232313131322131321212222232223212323033132313331223133131233223232231
10000000001000010200030010200010010100110101110111202012111020202013010102020221211112030203010220212031213030012301110010213030212221201030301112020312130303131321232313131322131321212222232223212323033132313331223133131233223232232
10000000001000010200030010200010010100110101110111202012111020202013010102020221211112030203010220212031213030012301110010213030212221201030301112020312130303131321232313131322131321212222232223212323033132313331223133131233223232233
10000000001000010200030010200010010100110101110111202012111020202013010102020221211112030203010220212031213030012301110010213030212221201030301112020312130303131321232313131322131321212222232223212323033132313331223133131233223232333
100000000010000102000300102000100101001101011101112020121110202020130101020202212111120302030102202120312130300123011100102130302122212010303011120203121303031313212323131313221313212122222322232123230331323133312231331313
10000000001000010200030010200010010100110101110111202012111020202013010102020221211112030203010220212031213030012301110010213030212221201030301112020312130303131321232313131322131321212222232223212323033132313331233
100000000010000102000300102000100101001101011101112020121110202020130101020202212111120302030102202120312130300123011100102130302122212010303011120203121303031313212323131313221313212122222322232123230332
100000000010000102000300102000100101001101011101112020121110202020130101020202212111120302030102202120312130300123011100102130302122212010303011120203121303031313212323131313221313212122222322232123230333
10000000001000010200030010200010010100110101110111202012111020202013010102020221211112030203010220212031213030012301110010213030212221201030301112020312130303131321232313131322131321212222232223213
10000000001000010200030010200010010100110101110111202012111020202013010102020221211112030203010220212031213030012301110010213030212221201030301112020312130303131321232313131322131322
10000000001000010200030010200010010100110101110111202012111020202013010102020221211112030203010220212031213030012301110010213030212221201030301112020312130303131321232313131322131323
10000000001000010200030010200010010100110101110111202012111020202013010102020221211112030203010220212031213030012301110010213030212221201030302
10000000001000010200030010200010010100110101110111202012111020202013010102020221211112030203010220212031213030012301110010213030212221201030303
10000000001000010200030010200010010100110101110111202012111020202013010102020221211112030203010220212031213030012301110010213030212221202
10000000001000010200030010200010010100110101110111202012111020202013010102020221211112030203010220212031213030012301110010213030212221203
10000000001000010200030010200010010100110101110111202012111020202013010102020221211112030203010220212032
10000000001000010200030010200010010100110101110111202012111020202013010102020221211112030203010220212033
10000000001000010200030010200010010100110101110111202012111020202013010102020221211112030203010220213
100000000010000102000300102000100101001101011101112020121110202020130101020202212111120302030102203
1000000000100001020003001020001001010011010111011120201211102020201301010202022121111203020302
1000000000100001020003001020001001010011010111011120201211102020201301010202022121111203020303
100000000010000102000300102000100101001101011101112020122
100000000010000102000300102000100101001101011101112020123
10000000001000010200030010200010010100110101110111203
10000000001000010200030010200010010100110101110112
10000000001000010200030010200010010100110101110113
100000000010000102000300102000100101001101011102
100000000010000102000300102000100101001101011103
30000000010000102000300102000100100110
3000000001000010200030010200010010011101112020121021100101011102020201301010202020
3000000001000010200030010200010010011101112020121021100101011102020201301010202021
30000000010000102000300102000100100111011120201210211001010111020202013010102020221212031111203020301022021213030011
3000000001000010200030010200010010011101112020121021100101011102020201301010202022121203111120302030102202121303001230110
300000000100001020003001020001001001110111202012102110010101110202020130101020202212120311112030203010220212130300123011100102122212010303011120203121303030
30000000010000102000300102000100100111011120201210211001010111020202013010102020221212031111203020301022021213030012301110010212221201030301112020312130303130
3000000001000010200030010200010010011101112020121021100101011102020201301010202022121203111120302030102202121303001230111001021222120103030111202031213030313130
3000000001000010200030010200010010011101112020121021100101011102020201301010202022121203111120302030102202121303001230111001021222120103030111202031213030313131303121312
3000000001000010200030010200010010011101112020121021100101011102020201301010202022121203111120302030102202121303001230111001021222120103030111202031213030313131303121313211
3000000001000010200030010200010010011101112020121021100101011102020201301010202022121203111120302030102202121303001230111001021222120103030111202031213030313131303121313212121
3000000001000010200030010200010010011101112020121021100101011102020201301010202022121203111120302030102202121303001230111001021222120103030111202031213030313131303121313212122211
300000000100001020003001020001001001110111202012102110010101110202020130101020202212120311112030203010220212130300123011100102122212010303011120203121303031313130312131321212221230
300000000100001020003001020001001001110111202012102110010101110202020130101020202212120311112030203010220212130300123011100102122212010303011120203121303031313130312131321212221231
300000000100001020003001020001001001110111202012102110010101110202020130101020202212120311112030203010220212130300123011100102122212010303011120203121303031313130312131321212221232310
300000000100001020003001020001001001110111202012102110010101110202020130101020202212120311112030203010220212130300123011100102122212010303011120203121303031313130312131321212221232311
300000000100001020003001020001001001110111202012102110010101110202020130101020202212120311112030203010220212130300123011100102122212010303011120203121303031313130312131321212221232312
30000000010000102000300102000100100111011120201210211001010111020202013010102020221212031111203020301022021213030012301110010212221201030301112020312130303131313031213132121222123231313132223222223211
300000000100001020003001020001001001110111202012102110010101110202020130101020202212120311112030203010220212130300123011100102122212010303011120203121303031313130312131321212221232313131322232222232120
300000000100001020003001020001001001110111202012102110010101110202020130101020202212120311112030203010220212130300123011100102122212010303011120203121303031313130312131321212221232313131322232222232121
3000000001000010200030010200010010011101112020121021100101011102020201301010202022121203111120302030102202121303001230111001021222120103030111202031213030313131303121313212122212323131313222322222321223231
3000000001000010200030010200010010011101112020121021100101011102020201301010202022121203111120302030102202121303001230111001021222120103030111202031213030313131303121313212122212323131313222322222321223232231
30000000010000102000300102000100100111011120201210211001010111020202013010102020221212031111203020301022021213030012301110010212221201030301112020312130303131313031213132121222123231313132223222223212232322320
30000000010000102000300102000100100111011120201210211001010111020202013010102020221212031111203020301022021213030012301110010212221201030301112020312130303131313031213132121222123231313132223222223212232322321
30000000010000102000300102000100100111011120201210211001010111020202013010102020221212031111203020301022021213030012301110010212221201030301112020312130303131313031213132121222123231313132223222223212232322322
3000000001000010200030010200010010011101112020121021100101011102020201301010202022121203111120302030102202121303001230111001021222120103030111202031213030313131303121313212122212323131313222322222321223232232303313332
30000000010000102000300102000100100111011120201210211001010111020202013010102020221212031111203020301022021213030012301110010212221201030301112020312130303131313031213132121222123231313132223222223212232322323033133331333033
300000000100001020003001020001001001110111202012102110010101110202020130101020202212120311112030203010220212130300123011100102122212010303011120203121303031313130312131321212221232313131322232222232122323223230331333313331331311
300000000100001020003001020001001001110111202012102110010101110202020130101020202212120311112030203010220212130300123011100102122212010303011120203121303031313130312131321212221232313131322232222232122323223230331333313331331312
3000000001000010200030010200010010011101112020121021100101011102020201301010202022121203111120302030102202121303001230111001021222120103030111202031213030313131303121313212122212323131313222322222321223232232303313333133313313132321
300000000100001020003001020001001001110111202012102110010101110202020130101020202212120311112030203010220212130300123011100102122212010303011120203121303031313130312131321212221232313131322232222232122323223230331333313331331313232220
300000000100001020003001020001001001110111202012102110010101110202020130101020202212120311112030203010220212130300123011100102122212010303011120203121303031313130312131321212221232313131322232222232122323223230331333313331331313232221
30000000010000102000300102000100100111011120201210211001010111020202013010102020221212031111203020301022021213030012301110010212221201030301112020312130303131313031213132121222123231313132223222223212232322323033133331333133131323222232
300000000100001020003001020001001001110111202012102110010101110202020130101020202212120311112030203010220212130300123011100102122212010303011120203121303031313130312131321212221232313131322232222232122323223230331333313331331313232222332
300000000100001020003001020001001001110111202012102110010101110202020130101020202212120311112030203010220212130300123011100102122212010303011120203121303031313130312131321212221232313131322232222232122323223230331333313331331313232222333
300000000100001020003001020001001001110111202012102110010101110202020130101020202212120311112030203010220212130300123011100102122212010303011120203121303031313130312131321212221232313131322232222232122323223230331333313331331313232223
3000000001000010200030010200010010011101112020121021100101011102020201301010202022121203111120302030102202121303001230111001021222120103030111202031213030313131303121313212122212323131313222322222321223232232303313333133313313132322302
30000000010000102000300102000100100111011120201210211001010111020202013010102020221212031111203020301022021213030012301110010212221201030301112020312130303131313031213132121222123231313132223222223212232322323033133331333133131323223033133
3000000001000010200030010200010010011101112020121021100101011102020201301010202022121203111120302030102202121303001230111001021222120103030111202031213030313131303121313212122212323131313222322222321223232232303313333133313313132322303323
3000000001000010200030010200010010011101112020121021100101011102020201301010202022121203111120302030102202121303001230111001021222120103030111202031213030313131303121313212122212323131313222322222321223232232303313333133313313132322303332
3000000001000010200030010200010010011101112020121021100101011102020201301010202022121203111120302030102202121303001230111001021222120103030111202031213030313131303121313212122212323131313222322222321223232232303313333133313313132322303333
300000000100001020003001020001001001110111202012102110010101110202020130101020202212120311112030203010220212130300123011100102122212010303011120203121303031313130312131321212221232313131322232222232122323223230331333313331331313232231
300000000100001020003001020001001001110111202012102110010101110202020130101020202212120311112030203010220212130300123011100102122212010303011120203121303031313130312131321212221232313131322232222232122323223230331333313331331313232232
300000000100001020003001020001001001110111202012102110010101110202020130101020202212120311112030203010220212130300123011100102122212010303011120203121303031313130312131321212221232313131322232222232122323223230331333313331331313232233
30000000010000102000300102000100100111011120201210211001010111020202013010102020221212031111203020301022021213030012301110010212221201030301112020312130303131313031213132121222123231313132223222223212232322323033133331333133131323232323
3000000001000010200030010200010010011101112020121021100101011102020201301010202022121203111120302030102202121303001230111001021222120103030111202031213030313131303121313212122212323131313222322222321223232232303313333133313313132323233
30000000010000102000300102000100100111011120201210211001010111020202013010102020221212031111203020301022021213030012301110010212221201030301112020312130303131313031213132121222123231313132223222223212232322323033133331333133131323233
300000000100001020003001020001001001110111202012102110010101110202020130101020202212120311112030203010220212130300123011100102122212010303011120203121303031313130312131321212221232313131322232222232122323223230332
300000000100001020003001020001001001110111202012102110010101110202020130101020202212120311112030203010220212130300123011100102122212010303011120203121303031313130312131321212221232313131322232222232122323223230333
30000000010000102000300102000100100111011120201210211001010111020202013010102020221212031111203020301022021213030012301110010212221201030301112020312130303131313031213132121222123231313132223222223213
300000000100001020003001020001001001110111202012102110010101110202020130101020202212120311112030203010220212130300123011100102122212010303011120203121303031313130312131321212221232313131322232222233
3000000001000010200030010200010010011101112020121021100101011102020201301010202022121203111120302030102202121303001230111001021222120103030111202031213030313131303121313212122212323131313223
300000000100001020003001020001001001110111202012102110010101110202020130101020202212120311112030203010220212130300123011100102122212010303011120203121303031313130312131322
300000000100001020003001020001001001110111202012102110010101110202020130101020202212120311112030203010220212130300123011100102122212010303011120203121303031313130312131323
30000000010000102000300102000100100111011120201210211001010111020202013010102020221212031111203020301022021213030012301110010212221201030302
30000000010000102000300102000100100111011120201210211001010111020202013010102020221212031111203020301022021213030012301110010212221201030303
30000000010000102000300102000100100111011120201210211001010111020202013010102020221212031111203020301022021213030012301110010212221202
30000000010000102000300102000100100111011120201210211001010111020202013010102020221212031111203020301022021213030012301110010212221203
300000000100001020003001020001001001110111202012102110010101110202020130101020202212120311112030203010220213
3000000001000010200030010200010010011101112020121021100101011102020201301010202022121203111120302030102203
30000000010000102000300102000100100111011120201210211001010111020202013010102020221212031111203020302
30000000010000102000300102000100100111011120201210211001010111020202013010102020221212031111203020303
30000000010000102000300102000100100111011120201210211001010111020202013010102020221212032
30000000010000102000300102000100100111011120201210211001010111020202013010102020221212033
3000000001000010200030010200010010011101112020122
3000000001000010200030010200010010011101112020123
300000000100001020003001020001001001110111203
300000000100001020003001020001001001110112
300000000100001020003001020001001001110113
3000000001000010200030010200010010011102
3000000001000010200030010200010010011103
