0 6 5 2 15 10 19 8 15 2 5 3 9 4 15 18 0 16 11 5 4 16 1 18 11 1 16 5 5
0 6 5 2 15 10 19 8 15 2 5 3 9 4 15 18 0 16 11 5 4 16 1 18 11 1 16 18 1 7 7 15 3 15
0 6 5 2 15 10 19 8 15 2 5 3 9 4 15 18 0 16 11 5 4 16 1 18 11 1 16 18 1 7 7 15 3 6 12 17 7 0 8 16
0 6 5 2 15 10 19 8 15 2 5 3 9 4 15 18 0 16 11 5 4 16 1 18 11 1 16 18 1 7 7 15 3 6 12 17 7 0 8 18 14 17 12 9 13 13 17 7 9 19 8 4 12 13 17 10 12 13 0 11 4 14 16
0 6 5 2 15 10 19 8 15 2 5 3 9 4 15 18 0 16 11 5 4 16 1 18 11 1 16 18 1 7 7 15 3 6 12 17 7 0 8 18 14 17 12 9 13 13 17 7 9 19 8 4 12 13 17 10 12 13 0 11 4 14 8
0 6 5 2 15 10 19 8 15 2 5 3 9 4 15 18 0 16 11 5 4 16 1 18 11 1 16 18 1 7 7 15 3 6 12 17 7 0 8 18 14 17 12 9 13 13 17 7 9 19 8 4 12 13 17 10 12 13 0 11 4 14 11 8
0 6 5 2 15 10 19 8 15 2 5 3 9 4 15 18 0 16 11 5 4 16 1 18 11 1 16 18 1 7 7 15 3 6 12 17 7 0 8 18 14 17 12 9 13 13 17 7 9 19 8 4 12 13 17 10 9 0
0 6 5 2 15 10 19 8 15 2 5 3 9 4 15 18 0 16 11 5 4 16 1 18 11 1 16 18 1 7 7 15 3 6 12 17 7 0 8 18 14 17 12 9 13 13 17 7 9 19 8 4 12 13 17 10 6 15
0 6 5 2 15 10 19 8 15 2 5 3 9 4 15 18 0 16 11 5 4 16 1 18 11 1 16 18 1 7 7 15 3 6 12 17 7 0 8 18 14 17 12 9 13 13 17 7 9 19 8 4 12 13 17 10 6 16
0 6 5 2 15 10 19 8 15 2 5 3 9 4 15 18 0 16 11 5 4 16 1 18 11 1 16 18 1 7 7 15 3 6 12 17 7 0 8 18 14 17 12 9 13 13 17 7 9 19 11
0 6 5 2 15 10 19 8 15 2 5 3 9 4 15 18 0 16 11 5 4 16 1 18 11 1 16 18 1 7 7 15 3 6 12 17 7 0 8 18 14 17 12 9 13 13 17 7 9 19 14
0 6 5 2 15 10 19 8 15 2 5 3 9 4 15 18 0 16 11 5 4 16 1 18 11 1 16 18 1 7 7 15 3 9
0 6 5 2 15 10 19 8 15 2 5 3 9 4 15 18 0 16 11 5 4 16 1 18 11 1 16 18 1 12
0 6 5 2 15 10 19 8 15 2 18
0 6 5 2 15 10 19 8 15 2 0
