0000
010
0200
030
0010
0020
0030
0001
0002
0003
011
012
013
0210
0220
0230
0201
0202
0203
031
032
033
0011
0012
0013
0021
0022
0023
00310
00320
00330
0211
0212
0213
0221
0222
0223
0231
0232
0233
00311
00312
00313
00321
00322
00323
00331
00332
00333
100
110
12000
130
101
102
103
111
112
113
1210
1220
1230
12010
12020
120300
12001
12002
12003
131
132
133
1211
1212
1213
1221
1222
1223
1231
1232
1233
12011
12012
12013
12021
12022
12023
12031
120320
120330
120301
120302
120303
120321
120322
120323
120331
120332
120333
2000
2100
220
2300
2010
2020
2030
2001
2002
2003
2110
2120
2130
2101
2102
2103
221
222
223
2310
232
2330
2301
2302
2303
2011
2012
2013
2021
2022
2023
2031
2032
2033
2111
2112
2113
2121
2122
2123
2131
2132
2133
2311
2312
2313
2331
2332
2333
3000
310
3200
330
3010
3020
30300
3001
3002
3003
311
312
313
3210
3220
3230
3201
3202
3203
331
332
333
3011
3012
3013
3021
3022
3023
30310
30320
3033
30301
30302
30303
3211
3212
3213
3221
3222
3223
3231
3232
3233
30311
30312
30313
30321
30322
30323
