0,10,4,2,2,10,4,3,4,9,4,2,13,7,1,7,5,2,0,11,5,3,1,4
0,10,4,2,2,10,4,3,4,9,4,2,13,7,1,7,5,2,0,11,5,3,1,11,8,0,0,7,10,13,1,7,12,11,5,6,0
0,10,4,2,2,10,4,3,4,9,4,2,13,7,1,7,5,2,0,11,5,3,1,11,8,0,0,7,10,13,1,7,12,11,5,6,6,4
0,10,4,2,2,10,4,3,4,9,4,2,13,7,1,7,5,2,0,11,5,3,1,11,8,0,0,7,10,13,1,7,12,11,5,11,13,7
0,10,4,2,2,10,4,3,4,9,4,2,13,7,1,7,5,2,0,11,5,3,1,11,8,0,0,7,10,13,1,7,12,11,5,11,13,0
0,10,4,2,2,10,4,3,4,9,4,2,13,7,1,7,5,2,0,11,5,3,1,11,8,0,0,7,10,13,1,7,12,0
0,10,4,2,2,10,4,3,4,9,4,2,13,7,1,7,5,2,0,11,5,3,1,11,8,0,0,7,10,13,1,7,12,8,11
0,10,4,2,2,10,4,3,4,9,4,2,13,7,1,7,5,2,0,11,5,3,1,11,8,0,0,7,10,13,1,7,12,8,0
0,10,4,2,2,10,4,3,4,9,4,2,13,7,1,7,5,2,0,11,5,3,1,11,8,0,0,7,10,13,1,7,12,2
0,10,4,2,2,10,4,3,4,9,4,2,13,7,1,7,5,2,0,11,5,3,1,11,8,0,0,7,10,10
0,10,4,2,2,10,4,3,4,9,4,2,13,7,1,7,5,2,0,11,5,3,5
0,10,4,2,2,10,4,3,4,9,4,2,13,7,1,7,5,2,0,11,5,3,12
0,10,4,2,2,10,4,3,4,9,10
0,10,4,2,2,10,4,3,4,9,0
