000011000011000122121332121033321021001
0000110000110001221213321210333210210022132
0000110000110001221213321210333210210022133
00001100001100012212133212103332102100222
00001100001100012212133212103332102100223
000011000011000122121332121033321021003
000011000011000122121332121033321021011202
0000110000110001221213321210333210210112032
0000110000110001221213321210333210210112033
000011000011000122121332121033321021011213
00001100001100012212133212103332102101122
000011000011000122121332121033321021011233
0000110000110001221213321210333210210113
0000110000110001221213321210333210210123
