20000010100010100102020011112011030200010010102011100
200000101000101001020200111120110302000100101020111012130
200000101000101001020200111120110302000100101020111012131
200000101000101001020200111120110302000100101020111012132111202110
200000101000101001020200111120110302000100101020111012132111202111
20000010100010100102020011112011030200010010102011101213211120211221202021030302312203030
20000010100010100102020011112011030200010010102011101213211120211221202021030302312203031302
20000010100010100102020011112011030200010010102011101213211120211221202021030302312203031303230
200000101000101001020200111120110302000100101020111012132111202112212020210303023122030313032311
200000101000101001020200111120110302000100101020111012132111202112212020210303023122030313032312
20000010100010100102020011112011030200010010102011101213211120211221202021030302312203031303231332212212020
200000101000101001020200111120110302000100101020111012132111202112212020210303023122030313032313322122120213313
2000001010001010010202001111201103020001001010201110121321112021122120202103030231220303130323133221221202133213211
2000001010001010010202001111201103020001001010201110121321112021122120202103030231220303130323133221221202133213212
2000001010001010010202001111201103020001001010201110121321112021122120202103030231220303130323133221221202133213213
2000001010001010010202001111201103020001001010201110121321112021122120202103030231220303130323133221221202133213221
200000101000101001020200111120110302000100101020111012132111202112212020210303023122030313032313322122120213321322230
200000101000101001020200111120110302000100101020111012132111202112212020210303023122030313032313322122120213321322231
200000101000101001020200111120110302000100101020111012132111202112212020210303023122030313032313322122120213321322232
200000101000101001020200111120110302000100101020111012132111202112212020210303023122030313032313322122120213321322233
20000010100010100102020011112011030200010010102011101213211120211221202021030302312203031303231332212212021332132230
20000010100010100102020011112011030200010010102011101213211120211221202021030302312203031303231332212212021332132231
20000010100010100102020011112011030200010010102011101213211120211221202021030302312203031303231332212212021332132232
20000010100010100102020011112011030200010010102011101213211120211221202021030302312203031303231332212212021332132233
20000010100010100102020011112011030200010010102011101213211120211221202021030302312203031303231332212212021332133
20000010100010100102020011112011030200010010102011101213211120211221202021030302312203031303231332212212021332222
20000010100010100102020011112011030200010010102011101213211120211221202021030302312203031303231332212212021332223
20000010100010100102020011112011030200010010102011101213211120211221202021030302312203031303231332212212021332231
200000101000101001020200111120110302000100101020111012132111202112212020210303023122030313032313322122120213322323
2000001010001010010202001111201103020001001010201110121321112021122120202103030231220303130323133221221202133223330
2000001010001010010202001111201103020001001010201110121321112021122120202103030231220303130323133221221202133223331
2000001010001010010202001111201103020001001010201110121321112021122120202103030231220303130323133221221202133223332
2000001010001010010202001111201103020001001010201110121321112021122120202103030231220303130323133221221202133223333
2000001010001010010202001111201103020001001010201110121321112021122120202103030231220303130323133221221202133231
2000001010001010010202001111201103020001001010201110121321112021122120202103030231220303130323133221221202133232
2000001010001010010202001111201103020001001010201110121321112021122120202103030231220303130323133221221202133233
20000010100010100102020011112011030200010010102011101213211120211221202021030302312203031303231332212212022
20000010100010100102020011112011030200010010102011101213211120211221202021030302312203031303231332212212023
20000010100010100102020011112011030200010010102011101213211120211221202021030302312203031303231332212212030
20000010100010100102020011112011030200010010102011101213211120211221202021030302312203031303231332212212031
20000010100010100102020011112011030200010010102011101213211120211221202021030302312203031303231332212212032
20000010100010100102020011112011030200010010102011101213211120211221202021030302312203031303231332212212033
20000010100010100102020011112011030200010010102011101213211120211221202021030302312203031303231332212213
200000101000101001020200111120110302000100101020111012132111202112212020210303023122030313032313322123
2000001010001010010202001111201103020001001010201110121321112021122120202103031
2000001010001010010202001111201103020001001010201110121321112021122120202103032
2000001010001010010202001111201103020001001010201110121321112021122120202103033
2000001010001010010202001111201103020001001010201110121321112021122120203
200000101000101001020200111120110302000100101020111012132111202112213
200000101000101001020200111120110302000100101020111012132111203
200000101000101001020200111120110302000100101020111012133
2000001010001010010202001111201103020001001010201110122
2000001010001010010202001111201103020001001010201110123
20000010100010100102020011112011030200010010102012
20000010100010100102020011112011030200010010102013
2000001010001010010202001111201103020002
2000001010001010010202001111201103020003
2000001010001010010202001111201103021
2000001010001010010202001111201103022
2000001010001010010202001111201103023
20000010100010100102020011113
2000001010001010010202001112
2000001010001010010202001113
20000010100010100103
2000001010002
2000001010003
000100100000102000010010102010110302011100
000100100000102000010010102010110302011101011112020203012130
000100100000102000010010102010110302011101011112020203012131
000100100000102000010010102010110302011101011112020203012132111202110
000100100000102000010010102010110302011101011112020203012132111202111
00010010000010200001001010201011030201110101111202020301213211120211221202021030
0001001000001020000100101020101103020111010111120202030121321112021122120202103122030231322122120302
00010010000010200001001010201011030201110101111202020301213211120211221202021031220302313221221203030
0001001000001020000100101020101103020111010111120202030121321112021122120202103122030231322122120303130
0001001000001020000100101020101103020111010111120202030121321112021122120202103122030231322122120303131323033321311
0001001000001020000100101020101103020111010111120202030121321112021122120202103122030231322122120303131323033321312
0001001000001020000100101020101103020111010111120202030121321112021122120202103122030231322122120303131323033321313
00010010000010200001001010201011030201110101111202020301213211120211221202021031220302313221221203031313230333213211
00010010000010200001001010201011030201110101111202020301213211120211221202021031220302313221221203031313230333213212
00010010000010200001001010201011030201110101111202020301213211120211221202021031220302313221221203031313230333213213
00010010000010200001001010201011030201110101111202020301213211120211221202021031220302313221221203031313230333213220
00010010000010200001001010201011030201110101111202020301213211120211221202021031220302313221221203031313230333213221
0001001000001020000100101020101103020111010111120202030121321112021122120202103122030231322122120303131323033321322230
0001001000001020000100101020101103020111010111120202030121321112021122120202103122030231322122120303131323033321322231
0001001000001020000100101020101103020111010111120202030121321112021122120202103122030231322122120303131323033321322232
0001001000001020000100101020101103020111010111120202030121321112021122120202103122030231322122120303131323033321322233
000100100000102000010010102010110302011101011112020203012132111202112212020210312203023132212212030313132303332132230
000100100000102000010010102010110302011101011112020203012132111202112212020210312203023132212212030313132303332132231
000100100000102000010010102010110302011101011112020203012132111202112212020210312203023132212212030313132303332132232
000100100000102000010010102010110302011101011112020203012132111202112212020210312203023132212212030313132303332132233
000100100000102000010010102010110302011101011112020203012132111202112212020210312203023132212212030313132303332133
000100100000102000010010102010110302011101011112020203012132111202112212020210312203023132212212030313132303332222
000100100000102000010010102010110302011101011112020203012132111202112212020210312203023132212212030313132303332223
0001001000001020000100101020101103020111010111120202030121321112021122120202103122030231322122120303131323033322323
00010010000010200001001010201011030201110101111202020301213211120211221202021031220302313221221203031313230333223330
00010010000010200001001010201011030201110101111202020301213211120211221202021031220302313221221203031313230333223331
00010010000010200001001010201011030201110101111202020301213211120211221202021031220302313221221203031313230333223332
00010010000010200001001010201011030201110101111202020301213211120211221202021031220302313221221203031313230333223333
00010010000010200001001010201011030201110101111202020301213211120211221202021031220302313221221203031313230333231
00010010000010200001001010201011030201110101111202020301213211120211221202021031220302313221221203031313230333232
00010010000010200001001010201011030201110101111202020301213211120211221202021031220302313221221203031313230333233
000100100000102000010010102010110302011101011112020203012132111202112212020210312203023132212212031
000100100000102000010010102010110302011101011112020203012132111202112212020210312203023132212212032
000100100000102000010010102010110302011101011112020203012132111202112212020210312203023132212212033
000100100000102000010010102010110302011101011112020203012132111202112212020210312203023132212213
0001001000001020000100101020101103020111010111120202030121321112021122120202103122030231322123
0001001000001020000100101020101103020111010111120202030121321112021122120203
000100100000102000010010102010110302011101011112020203012132111202112213
000100100000102000010010102010110302011101011112020203012132111203
000100100000102000010010102010110302011101011112020203012133
0001001000001020000100101020101103020111010111120202030122
0001001000001020000100101020101103020111010111120202030123
0001001000001020000100101020101103020111010111120202031
0001001000001020000100101020101103020111010111120202032
0001001000001020000100101020101103020111010111120202033
00010010000010200001001010201011030201110101111202021
00010010000010200001001010201011030201110101111202022
00010010000010200001001010201011030201110101111202023
000100100000102000010010102010110302011101011113
000100100000102000010010102010110302011101011121
000100100000102000010010102010110302011101011122
000100100000102000010010102010110302011101011123
00010010000010200001001010201011030201110101113
00010010000010200001001010201011030201110102
00010010000010200001001010201011030201110103
000100100000102000010010102010110302012
000100100000102000010010102010110302013
000100100000103
0002
0003
100010001101000010202001030200010010102011100
1000100011010000102020010302000100101020111010111120303012130
1000100011010000102020010302000100101020111010111120303012131
1000100011010000102020010302000100101020111010111120303012132111202110
1000100011010000102020010302000100101020111010111120303012132111202111
100010001101000010202001030200010010102011101011112030301213211120211221202021130231220302
1000100011010000102020010302000100101020111010111120303012132111202112212020211302312203030
1000100011010000102020010302000100101020111010111120303012132111202112212020211302312203031
100010001101000010202001030200010010102011101011112030301213211120211221202021130231220303230
1000100011010000102020010302000100101020111010111120303012132111202112212020211302312203032311
1000100011010000102020010302000100101020111010111120303012132111202112212020211302312203032312
100010001101000010202001030200010010102011101011112030301213211120211221202021130231220303231332212212020
1000100011010000102020010302000100101020111010111120303012132111202112212020211302312203032313322122120213313
10001000110100001020200103020001001010201110101111203030121321112021122120202113023122030323133221221202133213212
10001000110100001020200103020001001010201110101111203030121321112021122120202113023122030323133221221202133213213
10001000110100001020200103020001001010201110101111203030121321112021122120202113023122030323133221221202133213220
10001000110100001020200103020001001010201110101111203030121321112021122120202113023122030323133221221202133213221
1000100011010000102020010302000100101020111010111120303012132111202112212020211302312203032313322122120213321322230
1000100011010000102020010302000100101020111010111120303012132111202112212020211302312203032313322122120213321322231
1000100011010000102020010302000100101020111010111120303012132111202112212020211302312203032313322122120213321322232
1000100011010000102020010302000100101020111010111120303012132111202112212020211302312203032313322122120213321322233
100010001101000010202001030200010010102011101011112030301213211120211221202021130231220303231332212212021332132230
100010001101000010202001030200010010102011101011112030301213211120211221202021130231220303231332212212021332132231
100010001101000010202001030200010010102011101011112030301213211120211221202021130231220303231332212212021332132232
100010001101000010202001030200010010102011101011112030301213211120211221202021130231220303231332212212021332132233
100010001101000010202001030200010010102011101011112030301213211120211221202021130231220303231332212212021332133
100010001101000010202001030200010010102011101011112030301213211120211221202021130231220303231332212212021332222
100010001101000010202001030200010010102011101011112030301213211120211221202021130231220303231332212212021332223
100010001101000010202001030200010010102011101011112030301213211120211221202021130231220303231332212212021332231
1000100011010000102020010302000100101020111010111120303012132111202112212020211302312203032313322122120213322323
10001000110100001020200103020001001010201110101111203030121321112021122120202113023122030323133221221202133223330
10001000110100001020200103020001001010201110101111203030121321112021122120202113023122030323133221221202133223331
10001000110100001020200103020001001010201110101111203030121321112021122120202113023122030323133221221202133223332
10001000110100001020200103020001001010201110101111203030121321112021122120202113023122030323133221221202133223333
10001000110100001020200103020001001010201110101111203030121321112021122120202113023122030323133221221202133231
10001000110100001020200103020001001010201110101111203030121321112021122120202113023122030323133221221202133232
10001000110100001020200103020001001010201110101111203030121321112021122120202113023122030323133221221202133233
100010001101000010202001030200010010102011101011112030301213211120211221202021130231220303231332212212022
100010001101000010202001030200010010102011101011112030301213211120211221202021130231220303231332212212023
1000100011010000102020010302000100101020111010111120303012132111202112212020211302312203032313322122120303
100010001101000010202001030200010010102011101011112030301213211120211221202021130231220303231332212212031
100010001101000010202001030200010010102011101011112030301213211120211221202021130231220303231332212212032
100010001101000010202001030200010010102011101011112030301213211120211221202021130231220303231332212212033
100010001101000010202001030200010010102011101011112030301213211120211221202021130231220303231332212213
1000100011010000102020010302000100101020111010111120303012132111202112212020211302312203032313322123
10001000110100001020200103020001001010201110101111203030121321112021122120203
1000100011010000102020010302000100101020111010111120303012132111202112213
1000100011010000102020010302000100101020111010111120303012132111203
1000100011010000102020010302000100101020111010111120303012133
10001000110100001020200103020001001010201110101111203030122
10001000110100001020200103020001001010201110101111203030123
10001000110100001020200103020001001010201110101111203031
10001000110100001020200103020001001010201110101111203032
10001000110100001020200103020001001010201110101111203033
100010001101000010202001030200010010102011101011113
100010001101000010202001030200010010102011101011121
100010001101000010202001030200010010102011101011122
100010001101000010202001030200010010102011101011123
10001000110100001020200103020001001010201110101113
10001000110100001020200103020001001010201110102
10001000110100001020200103020001001010201110103
100010001101000010202001030200010010102012
100010001101000010202001030200010010102013
10001000110100001020200103020002
10001000110100001020200103020003
1000100011010000103
300010001101000010202001030200010010102011100
3000100011010000102020010302000100101020111010111120303012130
3000100011010000102020010302000100101020111010111120303012131
3000100011010000102020010302000100101020111010111120303012132111202110
3000100011010000102020010302000100101020111010111120303012132111202111
3000100011010000102020010302000100101020111010111120303012132111202112212020210
300010001101000010202001030200010010102011101011112030301213211120211221202021130231220302
3000100011010000102020010302000100101020111010111120303012132111202112212020211302312203030
3000100011010000102020010302000100101020111010111120303012132111202112212020211302312203031
300010001101000010202001030200010010102011101011112030301213211120211221202021130231220303230
3000100011010000102020010302000100101020111010111120303012132111202112212020211302312203032311
3000100011010000102020010302000100101020111010111120303012132111202112212020211302312203032312
300010001101000010202001030200010010102011101011112030301213211120211221202021130231220303231332212212020
3000100011010000102020010302000100101020111010111120303012132111202112212020211302312203032313322122120213313
30001000110100001020200103020001001010201110101111203030121321112021122120202113023122030323133221221202133213212
30001000110100001020200103020001001010201110101111203030121321112021122120202113023122030323133221221202133213213
30001000110100001020200103020001001010201110101111203030121321112021122120202113023122030323133221221202133213220
30001000110100001020200103020001001010201110101111203030121321112021122120202113023122030323133221221202133213221
3000100011010000102020010302000100101020111010111120303012132111202112212020211302312203032313322122120213321322231
3000100011010000102020010302000100101020111010111120303012132111202112212020211302312203032313322122120213321322232
3000100011010000102020010302000100101020111010111120303012132111202112212020211302312203032313322122120213321322233
300010001101000010202001030200010010102011101011112030301213211120211221202021130231220303231332212212021332132230
300010001101000010202001030200010010102011101011112030301213211120211221202021130231220303231332212212021332132231
300010001101000010202001030200010010102011101011112030301213211120211221202021130231220303231332212212021332132232
300010001101000010202001030200010010102011101011112030301213211120211221202021130231220303231332212212021332132233
300010001101000010202001030200010010102011101011112030301213211120211221202021130231220303231332212212021332133
300010001101000010202001030200010010102011101011112030301213211120211221202021130231220303231332212212021332222
300010001101000010202001030200010010102011101011112030301213211120211221202021130231220303231332212212021332223
300010001101000010202001030200010010102011101011112030301213211120211221202021130231220303231332212212021332231
3000100011010000102020010302000100101020111010111120303012132111202112212020211302312203032313322122120213322323
30001000110100001020200103020001001010201110101111203030121321112021122120202113023122030323133221221202133223330
30001000110100001020200103020001001010201110101111203030121321112021122120202113023122030323133221221202133223331
30001000110100001020200103020001001010201110101111203030121321112021122120202113023122030323133221221202133223332
30001000110100001020200103020001001010201110101111203030121321112021122120202113023122030323133221221202133223333
30001000110100001020200103020001001010201110101111203030121321112021122120202113023122030323133221221202133231
30001000110100001020200103020001001010201110101111203030121321112021122120202113023122030323133221221202133232
30001000110100001020200103020001001010201110101111203030121321112021122120202113023122030323133221221202133233
300010001101000010202001030200010010102011101011112030301213211120211221202021130231220303231332212212022
300010001101000010202001030200010010102011101011112030301213211120211221202021130231220303231332212212023
3000100011010000102020010302000100101020111010111120303012132111202112212020211302312203032313322122120303
300010001101000010202001030200010010102011101011112030301213211120211221202021130231220303231332212212031
300010001101000010202001030200010010102011101011112030301213211120211221202021130231220303231332212212032
300010001101000010202001030200010010102011101011112030301213211120211221202021130231220303231332212212033
300010001101000010202001030200010010102011101011112030301213211120211221202021130231220303231332212213
3000100011010000102020010302000100101020111010111120303012132111202112212020211302312203032313322123
30001000110100001020200103020001001010201110101111203030121321112021122120203
3000100011010000102020010302000100101020111010111120303012132111202112213
3000100011010000102020010302000100101020111010111120303012132111203
3000100011010000102020010302000100101020111010111120303012133
30001000110100001020200103020001001010201110101111203030122
30001000110100001020200103020001001010201110101111203030123
30001000110100001020200103020001001010201110101111203031
30001000110100001020200103020001001010201110101111203032
30001000110100001020200103020001001010201110101111203033
300010001101000010202001030200010010102011101011113
300010001101000010202001030200010010102011101011121
300010001101000010202001030200010010102011101011122
300010001101000010202001030200010010102011101011123
30001000110100001020200103020001001010201110101113
30001000110100001020200103020001001010201110102
30001000110100001020200103020001001010201110103
300010001101000010202001030200010010102012
300010001101000010202001030200010010102013
30001000110100001020200103020002
30001000110100001020200103020003
3000100011010000103
