00000
010000
020
030000
0010
0020
0030
00010
0002000
00030
00001
00002
00003
0110
0120
013000
01010
0102000
01030
010010
010020
010030
010001
010002
010003
021
022
023
03100
0320
0330
03010
03020
03030
030010
030020
030030
0300010
0300020
0300030
0011
0012
0013
0021
0022
0023
0031
0032
0033
00011
00012
00013
000210
000220
000230
0002010
0002020
0002030
0002001
0002002
0002003
00031
00032
00033
0111
0112
0113
0121
0122
0123
013100
01320
01330
013010
013020
013030
013001
013002
013003
01011
01012
01013
010210
010220
010230
0102010
0102020
0102030
0102001
0102002
0102003
01031
01032
01033
010011
010012
010013
010021
010022
010023
010031
010032
010033
03110
03120
03130
03101
03102
03103
0321
0322
0323
0331
0332
0333
03011
03012
03013
03021
03022
03023
03031
03032
03033
030011
030012
030013
030021
030022
030023
030031
030032
030033
0300011
0300012
0300013
0300021
0300022
0300023
0300031
0300032
0300033
000211
000212
000213
000221
000222
000223
000231
000232
000233
0002011
0002012
0002013
0002021
0002022
0002023
0002031
0002032
0002033
013110
013120
013130
013101
013102
013103
01321
01322
01323
01331
01332
01333
013011
013012
013013
013021
013022
013023
013031
013032
013033
010211
010212
010213
010221
010222
010223
010231
010232
010233
0102011
0102012
0102013
0102021
0102022
0102023
0102031
0102032
0102033
03111
03112
03113
03121
03122
03123
03131
03132
03133
013111
013112
013113
013121
013122
013123
013131
013132
013133
20000
210000
220
2300000
2010
2020
2030
20010
2002000
20030
20001
20002
20003
2110
2120
213000
21010
2102000
21030
210010
210020
210030
210001
210002
210003
221
222
223
23100
2320
2330
23010
23020
23030
230010
230020
230030
2300010
230002
2300030
2300001
2300002
2300003
2011
2012
2013
2021
2022
2023
2031
2032
2033
20011
20012
20013
200210
200220
200230
2002010
2002020
2002030
2002001
2002002
2002003
20031
20032
20033
2111
2112
2113
2121
2122
2123
213100
21320
21330
213010
213020
213030
213001
213002
213003
21011
21012
21013
210210
210220
210230
2102010
2102020
2102030
2102001
2102002
2102003
21031
21032
21033
210011
210012
210013
210021
210022
210023
210031
210032
210033
23110
23120
23130
23101
23102
23103
2321
2322
2323
2331
2332
2333
23011
23012
23013
23021
23022
23023
23031
23032
23033
230011
230012
230013
230021
230022
230023
230031
230032
230033
2300011
2300012
2300013
2300031
2300032
2300033
200211
200212
200213
200221
200222
200223
200231
200232
200233
2002011
2002012
2002013
2002021
2002022
2002023
2002031
2002032
2002033
213110
213120
213130
213101
213102
213103
21321
21322
21323
21331
21332
21333
213011
213012
213013
213021
213022
213023
213031
213032
213033
210211
210212
210213
210221
210222
210223
210231
210232
210233
2102011
2102012
2102013
2102021
2102022
2102023
2102031
2102032
2102033
23111
23112
23113
23121
23122
23123
23131
23132
23133
213111
213112
213113
213121
213122
213123
213131
213132
213133
100000
11
120
13000
1010000
1020
10300
10010
10020
10030
100010
10002000
100030
100001
100002
100003
121
122
123
1310
13200
1330
13010
1302000
13030
13001
13002
13003
10110
10120
101300
101010
101020
101030
1010010
1010020
1010030
1010001
1010002
1010003
1021
1022
1023
103100
10320
10330
10301
10302
10303
10011
10012
10013
10021
10022
10023
10031
10032
10033
100011
100012
100013
1000210
1000220
1000230
10002010
10002020
10002030
10002001
10002002
10002003
100031
100032
100033
1311
1312
1313
13210
13220
13230
13201
13202
13203
1331
1332
1333
13011
13012
13013
1302100
130220
130230
1302010
1302020
1302030
1302001
1302002
1302003
13031
13032
13033
10111
10112
10113
10121
10122
10123
101310
101320
101330
101301
101302
101303
101011
101012
101013
101021
101022
101023
101031
101032
101033
1010011
1010012
1010013
1010021
1010022
1010023
1010031
1010032
1010033
103110
103120
103130
103101
103102
103103
10321
10322
10323
10331
10332
10333
1000211
1000212
1000213
1000221
1000222
1000223
1000231
1000232
1000233
10002011
10002012
10002013
10002021
10002022
10002023
10002031
10002032
10002033
13211
13212
13213
13221
13222
13223
13231
13232
13233
1302110
1302120
1302130
1302101
1302102
1302103
130221
130222
130223
130231
130232
130233
1302011
1302012
1302013
1302021
1302022
1302023
1302031
1302032
1302033
101311
101312
101313
101321
101322
101323
101331
101332
101333
103111
103112
103113
103121
103122
103123
103131
103132
103133
1302111
1302112
1302113
1302121
1302122
1302123
1302131
1302132
1302133
30000000
310
3200000
330
3010
302000
30300
30010
30020
3003
300010
300020
300030
3000010
3000020
3000030
30000010
3000002000
30000030
30000001
30000002
30000003
311
312
313
3210
3220
3230
320100
32020
32030
320010
320020
320030
3200010
3200020
3200030
3200001
3200002
3200003
331
332
333
3011
3012
3013
302100
30220
30230
302010
302020
302030
302001
302002
302003
303100
30320
30330
30301
30302
30303
30011
30012
30013
30021
30022
30023
300011
300012
300013
300021
300022
300023
300031
300032
300033
3000011
3000012
3000013
3000021
3000022
3000023
3000031
3000032
3000033
30000011
30000012
30000013
300000210
300000220
300000230
3000002010
3000002020
3000002030
3000002001
3000002002
3000002003
30000031
30000032
30000033
3211
3212
3213
3221
3222
3223
3231
3232
3233
320110
320120
320130
320101
320102
320103
32021
32022
32023
32031
32032
32033
320011
320012
320013
320021
320022
320023
320031
320032
320033
3200011
3200012
3200013
3200021
3200022
3200023
3200031
3200032
3200033
302110
302120
302130
302101
302102
302103
30221
30222
30223
30231
30232
30233
302011
302012
302013
302021
302022
302023
302031
302032
302033
303110
303120
303130
303101
303102
303103
30321
30322
30323
30331
30332
30333
300000211
300000212
300000213
300000221
300000222
300000223
300000231
300000232
300000233
3000002011
3000002012
3000002013
3000002021
3000002022
3000002023
3000002031
3000002032
3000002033
320111
320112
320113
320121
320122
320123
320131
320132
320133
302111
302112
302113
302121
302122
302123
302131
302132
302133
303111
303112
303113
303121
303122
303123
303131
303132
303133
