00000100001000010101020200020001000103020110010201020102011100
000001000010000101010202000200010001030201100102010201020111011211130303020103010
00000100001000010101020200020001000103020110010201020102011101121113030302010301110211203020
000001000010000101010202000200010001030201100102010201020111011211130303020103011102112030212030
0000010000100001010102020002000100010302011001020102010201110112111303030201030111021120302120313030
0000010000100001010102020002000100010302011001020102010201110112111303030201030111021120302120313031221311121013130202121101
00000100001000010101020200020001000103020110010201020102011101121113030302010301110211203021203130312213111210131302021211021111
00000100001000010101020200020001000103020110010201020102011101121113030302010301110211203021203130312213111210131302021211021112202020
00000100001000010101020200020001000103020110010201020102011101121113030302010301110211203021203130312213111210131302021211021112202021
0000010000100001010102020002000100010302011001020102010201110112111303030201030111021120302120313031221311121013130202121102111220202220
0000010000100001010102020002000100010302011001020102010201110112111303030201030111021120302120313031221311121013130202121102111220202221
000001000010000101010202000200010001030201100102010201020111011211130303020103011102112030212031303122131112101313020212110211122020222230321030
000001000010000101010202000200010001030201100102010201020111011211130303020103011102112030212031303122131112101313020212110211122020222230321031
000001000010000101010202000200010001030201100102010201020111011211130303020103011102112030212031303122131112101313020212110211122020222230321032
0000010000100001010102020002000100010302011001020102010201110112111303030201030111021120302120313031221311121013130202121102111220202222303210331
00000100001000010101020200020001000103020110010201020102011101121113030302010301110211203021203130312213111210131302021211021112202022223032103322030
00000100001000010101020200020001000103020110010201020102011101121113030302010301110211203021203130312213111210131302021211021112202022223032103322031
0000010000100001010102020002000100010302011001020102010201110112111303030201030111021120302120313031221311121013130202121102111220202222303210332203231
0000010000100001010102020002000100010302011001020102010201110112111303030201030111021120302120313031221311121013130202121102111220202222303210332203232
0000010000100001010102020002000100010302011001020102010201110112111303030201030111021120302120313031221311121013130202121102111220202222303210332203233312023
0000010000100001010102020002000100010302011001020102010201110112111303030201030111021120302120313031221311121013130202121102111220202222303210332203233312030
0000010000100001010102020002000100010302011001020102010201110112111303030201030111021120302120313031221311121013130202121102111220202222303210332203233312031
00000100001000010101020200020001000103020110010201020102011101121113030302010301110211203021203130312213111210131302021211021112202022223032103322032333120322230
00000100001000010101020200020001000103020110010201020102011101121113030302010301110211203021203130312213111210131302021211021112202022223032103322032333120322231
0000010000100001010102020002000100010302011001020102010201110112111303030201030111021120302120313031221311121013130202121102111220202222303210332203233312032223230
0000010000100001010102020002000100010302011001020102010201110112111303030201030111021120302120313031221311121013130202121102111220202222303210332203233312032223231
000001000010000101010202000200010001030201100102010201020111011211130303020103011102112030212031303122131112101313020212110211122020222230321033220323331203222323232
000001000010000101010202000200010001030201100102010201020111011211130303020103011102112030212031303122131112101313020212110211122020222230321033220323331203222323233323
0000010000100001010102020002000100010302011001020102010201110112111303030201030111021120302120313031221311121013130202121102111220202222303210332203233312032223232333313
00000100001000010101020200020001000103020110010201020102011101121113030302010301110211203021203130312213111210131302021211021112202022223032103322032333120322232323333212
00000100001000010101020200020001000103020110010201020102011101121113030302010301110211203021203130312213111210131302021211021112202022223032103322032333120322232323333213
00000100001000010101020200020001000103020110010201020102011101121113030302010301110211203021203130312213111210131302021211021112202022223032103322032333120322232323333222
00000100001000010101020200020001000103020110010201020102011101121113030302010301110211203021203130312213111210131302021211021112202022223032103322032333120322232323333223
0000010000100001010102020002000100010302011001020102010201110112111303030201030111021120302120313031221311121013130202121102111220202222303210332203233312032223232333323
000001000010000101010202000200010001030201100102010201020111011211130303020103011102112030212031303122131112101313020212110211122020222230321033220323331203222323233333
000001000010000101010202000200010001030201100102010201020111011211130303020103011102112030212031303122131112101313020212110211122020222230321033220323331203222323312
000001000010000101010202000200010001030201100102010201020111011211130303020103011102112030212031303122131112101313020212110211122020222230321033220323331203222323313
0000010000100001010102020002000100010302011001020102010201110112111303030201030111021120302120313031221311121013130202121102111220202222303210332203233312032223233221121212
0000010000100001010102020002000100010302011001020102010201110112111303030201030111021120302120313031221311121013130202121102111220202222303210332203233312032223233221121213
0000010000100001010102020002000100010302011001020102010201110112111303030201030111021120302120313031221311121013130202121102111220202222303210332203233312032223233221121222213
00000100001000010101020200020001000103020110010201020102011101121113030302010301110211203021203130312213111210131302021211021112202022223032103322032333120322232332211212222233
000001000010000101010202000200010001030201100102010201020111011211130303020103011102112030212031303122131112101313020212110211122020222230321033220323331203222323322112122223
0000010000100001010102020002000100010302011001020102010201110112111303030201030111021120302120313031221311121013130202121102111220202222303210332203233312032223233221121223
0000010000100001010102020002000100010302011001020102010201110112111303030201030111021120302120313031221311121013130202121102111220202222303210332203233312032223233221121230
0000010000100001010102020002000100010302011001020102010201110112111303030201030111021120302120313031221311121013130202121102111220202222303210332203233312032223233221121231
0000010000100001010102020002000100010302011001020102010201110112111303030201030111021120302120313031221311121013130202121102111220202222303210332203233312032223233221121232
0000010000100001010102020002000100010302011001020102010201110112111303030201030111021120302120313031221311121013130202121102111220202222303210332203233312032223233221121233
000001000010000101010202000200010001030201100102010201020111011211130303020103011102112030212031303122131112101313020212110211122020222230321033220323331203222323322112130
000001000010000101010202000200010001030201100102010201020111011211130303020103011102112030212031303122131112101313020212110211122020222230321033220323331203222323322112131
000001000010000101010202000200010001030201100102010201020111011211130303020103011102112030212031303122131112101313020212110211122020222230321033220323331203222323322112132
000001000010000101010202000200010001030201100102010201020111011211130303020103011102112030212031303122131112101313020212110211122020222230321033220323331203222323322112133
000001000010000101010202000200010001030201100102010201020111011211130303020103011102112030212031303122131112101313020212110211122020222230321033220323331203222323323
0000010000100001010102020002000100010302011001020102010201110112111303030201030111021120302120313031221311121013130202121102111220202222303210332203233312032223233313
000001000010000101010202000200010001030201100102010201020111011211130303020103011102112030212031303122131112101313020212110211122020222230321033220323331203222323332
000001000010000101010202000200010001030201100102010201020111011211130303020103011102112030212031303122131112101313020212110211122020222230321033220323331203222323333
000001000010000101010202000200010001030201100102010201020111011211130303020103011102112030212031303122131112101313020212110211122020222230321033220323331203223
0000010000100001010102020002000100010302011001020102010201110112111303030201030111021120302120313031221311121013130202121102111220202222303210332203233312033
000001000010000101010202000200010001030201100102010201020111011211130303020103011102112030212031303122131112101313020212110211122020222230321033220332
000001000010000101010202000200010001030201100102010201020111011211130303020103011102112030212031303122131112101313020212110211122020222230321033220333
0000010000100001010102020002000100010302011001020102010201110112111303030201030111021120302120313031221311121013130202121102111220203
0000010000100001010102020002000100010302011001020102010201110112111303030201030111021120302120313031221311121013130202121102112
0000010000100001010102020002000100010302011001020102010201110112111303030201030111021120302120313031221311121013130202121102113
000001000010000101010202000200010001030201100102010201020111011211130303020103011102112030212031303122131112101313020213
0000010000100001010102020002000100010302011001020102010201110112111303030201030111021120302120313031221311121013130203
000001000010000101010202000200010001030201100102010201020111011211130303020103011102112030212031303122131112101313021
000001000010000101010202000200010001030201100102010201020111011211130303020103011102112030212031303122131112101313022
000001000010000101010202000200010001030201100102010201020111011211130303020103011102112030212031303122131112101313023
0000010000100001010102020002000100010302011001020102010201110112111303030201030111021120302120313031221311121013131
0000010000100001010102020002000100010302011001020102010201110112111303030201030111021120302120313031221311121013132
0000010000100001010102020002000100010302011001020102010201110112111303030201030111021120302120313031221311121013133
00000100001000010101020200020001000103020110010201020102011101121113030302010301110211203021203130312213111210132
00000100001000010101020200020001000103020110010201020102011101121113030302010301110211203021203130312213111210133
0000010000100001010102020002000100010302011001020102010201110112111303030201030111021120302120313031221311122
0000010000100001010102020002000100010302011001020102010201110112111303030201030111021120302120313031221311123
00000100001000010101020200020001000103020110010201020102011101121113030302010301110211203021203130312213112
00000100001000010101020200020001000103020110010201020102011101121113030302010301110211203021203130312213113
0000010000100001010102020002000100010302011001020102010201110112111303030201030111021121
0000010000100001010102020002000100010302011001020102010201110112111303030201030111021122
0000010000100001010102020002000100010302011001020102010201110112111303030201030111021123
000001000010000101010202000200010001030201100102010201020111011211130303020103011103
00000100001000010101020200020001000103020110010201020102011101121113030302010301111
00000100001000010101020200020001000103020110010201020102011101121113030302010301112
00000100001000010101020200020001000103020110010201020102011101121113030302010301113
00000100001000010101020200020001000103020110010201020102011102
00000100001000010101020200020001000103020110010201020102011103
00000100001000010101020200020001000103020110010201020102012
00000100001000010101020200020001000103020110010201020102013
0000010000100001010102020002000100010302011001020103
000001000010000101010202000200010001030201100102011
000001000010000101010202000200010001030201100102012
000001000010000101010202000200010001030201100102013
0000010000100001010102020003
000001000010000101010202001
000001000010000101010202002
000001000010000101010202003
200001000001000010001010101010202000200020111003020110010201021111221231102112020103010303020
2000010000010000100010101010102020002000201110030201100102010211112212311021120201030103030212030
20000100000100001000101010101020200020002011100302011001020102111122123110211202010301030302120313030
200001000001000010001010101010202000200020111003020110010201021111221231102112020103010303021203130313030
2000010000010000100010101010102020002000201110030201100102010211112212311021120201030103030212031303130313020111210211
20000100000100001000101010101020200020002011100302011001020102111122123110211202010301030302120313031303130201112102121101
200001000001000010001010101010202000200020111003020110010201021111221231102112020103010303021203130313031302011121021211021111
200001000001000010001010101010202000200020111003020110010201021111221231102112020103010303021203130313031302011121021211021112202020
200001000001000010001010101010202000200020111003020110010201021111221231102112020103010303021203130313031302011121021211021112202021
20000100000100001000101010101020200020002011100302011001020102111122123110211202010301030302120313031303130201112102121102111220202220
20000100000100001000101010101020200020002011100302011001020102111122123110211202010301030302120313031303130201112102121102111220202221
2000010000010000100010101010102020002000201110030201100102010211112212311021120201030103030212031303130313020111210212110211122020222230321030
2000010000010000100010101010102020002000201110030201100102010211112212311021120201030103030212031303130313020111210212110211122020222230321031
2000010000010000100010101010102020002000201110030201100102010211112212311021120201030103030212031303130313020111210212110211122020222230321032
20000100000100001000101010101020200020002011100302011001020102111122123110211202010301030302120313031303130201112102121102111220202222303210331
200001000001000010001010101010202000200020111003020110010201021111221231102112020103010303021203130313031302011121021211021112202022223032103322030
2000010000010000100010101010102020002000201110030201100102010211112212311021120201030103030212031303130313020111210212110211122020222230321033220313132
2000010000010000100010101010102020002000201110030201100102010211112212311021120201030103030212031303130313020111210212110211122020222230321033220313133312023
2000010000010000100010101010102020002000201110030201100102010211112212311021120201030103030212031303130313020111210212110211122020222230321033220313133312030
2000010000010000100010101010102020002000201110030201100102010211112212311021120201030103030212031303130313020111210212110211122020222230321033220313133312031
20000100000100001000101010101020200020002011100302011001020102111122123110211202010301030302120313031303130201112102121102111220202222303210332203131333120322230
20000100000100001000101010101020200020002011100302011001020102111122123110211202010301030302120313031303130201112102121102111220202222303210332203131333120322231
2000010000010000100010101010102020002000201110030201100102010211112212311021120201030103030212031303130313020111210212110211122020222230321033220313133312032223230
2000010000010000100010101010102020002000201110030201100102010211112212311021120201030103030212031303130313020111210212110211122020222230321033220313133312032223231
200001000001000010001010101010202000200020111003020110010201021111221231102112020103010303021203130313031302011121021211021112202022223032103322031313331203222323232
200001000001000010001010101010202000200020111003020110010201021111221231102112020103010303021203130313031302011121021211021112202022223032103322031313331203222323233323
2000010000010000100010101010102020002000201110030201100102010211112212311021120201030103030212031303130313020111210212110211122020222230321033220313133312032223232333313
20000100000100001000101010101020200020002011100302011001020102111122123110211202010301030302120313031303130201112102121102111220202222303210332203131333120322232323333212
20000100000100001000101010101020200020002011100302011001020102111122123110211202010301030302120313031303130201112102121102111220202222303210332203131333120322232323333213
20000100000100001000101010101020200020002011100302011001020102111122123110211202010301030302120313031303130201112102121102111220202222303210332203131333120322232323333222
20000100000100001000101010101020200020002011100302011001020102111122123110211202010301030302120313031303130201112102121102111220202222303210332203131333120322232323333223
20000100000100001000101010101020200020002011100302011001020102111122123110211202010301030302120313031303130201112102121102111220202222303210332203131333120322232323333232
20000100000100001000101010101020200020002011100302011001020102111122123110211202010301030302120313031303130201112102121102111220202222303210332203131333120322232323333233
200001000001000010001010101010202000200020111003020110010201021111221231102112020103010303021203130313031302011121021211021112202022223032103322031313331203222323233333
200001000001000010001010101010202000200020111003020110010201021111221231102112020103010303021203130313031302011121021211021112202022223032103322031313331203222323312
200001000001000010001010101010202000200020111003020110010201021111221231102112020103010303021203130313031302011121021211021112202022223032103322031313331203222323313
2000010000010000100010101010102020002000201110030201100102010211112212311021120201030103030212031303130313020111210212110211122020222230321033220313133312032223233221121212
2000010000010000100010101010102020002000201110030201100102010211112212311021120201030103030212031303130313020111210212110211122020222230321033220313133312032223233221121213
2000010000010000100010101010102020002000201110030201100102010211112212311021120201030103030212031303130313020111210212110211122020222230321033220313133312032223233221121222213
20000100000100001000101010101020200020002011100302011001020102111122123110211202010301030302120313031303130201112102121102111220202222303210332203131333120322232332211212222233
200001000001000010001010101010202000200020111003020110010201021111221231102112020103010303021203130313031302011121021211021112202022223032103322031313331203222323322112122223
2000010000010000100010101010102020002000201110030201100102010211112212311021120201030103030212031303130313020111210212110211122020222230321033220313133312032223233221121223
2000010000010000100010101010102020002000201110030201100102010211112212311021120201030103030212031303130313020111210212110211122020222230321033220313133312032223233221121230
2000010000010000100010101010102020002000201110030201100102010211112212311021120201030103030212031303130313020111210212110211122020222230321033220313133312032223233221121231
2000010000010000100010101010102020002000201110030201100102010211112212311021120201030103030212031303130313020111210212110211122020222230321033220313133312032223233221121232
2000010000010000100010101010102020002000201110030201100102010211112212311021120201030103030212031303130313020111210212110211122020222230321033220313133312032223233221121233
200001000001000010001010101010202000200020111003020110010201021111221231102112020103010303021203130313031302011121021211021112202022223032103322031313331203222323322112130
200001000001000010001010101010202000200020111003020110010201021111221231102112020103010303021203130313031302011121021211021112202022223032103322031313331203222323322112131
200001000001000010001010101010202000200020111003020110010201021111221231102112020103010303021203130313031302011121021211021112202022223032103322031313331203222323322112132
200001000001000010001010101010202000200020111003020110010201021111221231102112020103010303021203130313031302011121021211021112202022223032103322031313331203222323322112133
200001000001000010001010101010202000200020111003020110010201021111221231102112020103010303021203130313031302011121021211021112202022223032103322031313331203222323323
2000010000010000100010101010102020002000201110030201100102010211112212311021120201030103030212031303130313020111210212110211122020222230321033220313133312032223233313
200001000001000010001010101010202000200020111003020110010201021111221231102112020103010303021203130313031302011121021211021112202022223032103322031313331203222323332
200001000001000010001010101010202000200020111003020110010201021111221231102112020103010303021203130313031302011121021211021112202022223032103322031313331203222323333
200001000001000010001010101010202000200020111003020110010201021111221231102112020103010303021203130313031302011121021211021112202022223032103322031313331203223
2000010000010000100010101010102020002000201110030201100102010211112212311021120201030103030212031303130313020111210212110211122020222230321033220313133312033
20000100000100001000101010101020200020002011100302011001020102111122123110211202010301030302120313031303130201112102121102111220202222303210332203132
20000100000100001000101010101020200020002011100302011001020102111122123110211202010301030302120313031303130201112102121102111220202222303210332203133
200001000001000010001010101010202000200020111003020110010201021111221231102112020103010303021203130313031302011121021211021112202022223032103322032
200001000001000010001010101010202000200020111003020110010201021111221231102112020103010303021203130313031302011121021211021112202022223032103322033
20000100000100001000101010101020200020002011100302011001020102111122123110211202010301030302120313031303130201112102121102111220203
20000100000100001000101010101020200020002011100302011001020102111122123110211202010301030302120313031303130201112102121102112
20000100000100001000101010101020200020002011100302011001020102111122123110211202010301030302120313031303130201112102121102113
2000010000010000100010101010102020002000201110030201100102010211112212311021120201030103030212031303130313020111210213
20000100000100001000101010101020200020002011100302011001020102111122123110211202010301030302120313031303130201112103
200001000001000010001010101010202000200020111003020110010201021111221231102112020103010303021203130313031302011122
200001000001000010001010101010202000200020111003020110010201021111221231102112020103010303021203130313031302011123
2000010000010000100010101010102020002000201110030201100102010211112212311021120201030103030212031303130313020112
2000010000010000100010101010102020002000201110030201100102010211112212311021120201030103030212031303130313020113
2000010000010000100010101010102020002000201110030201100102010211112212311021120201030103030212031303130313021
2000010000010000100010101010102020002000201110030201100102010211112212311021120201030103030212031303130313022
2000010000010000100010101010102020002000201110030201100102010211112212311021120201030103030212031303130313023
20000100000100001000101010101020200020002011100302011001020102111122123110211202010301030302120313031303131
20000100000100001000101010101020200020002011100302011001020102111122123110211202010301030302120313031303132
20000100000100001000101010101020200020002011100302011001020102111122123110211202010301030302120313031303133
2000010000010000100010101010102020002000201110030201100102010211112212311021121
2000010000010000100010101010102020002000201110030201100102010211112212311021122
2000010000010000100010101010102020002000201110030201100102010211112212311021123
200001000001000010001010101010202000200020111003020110010201021111221231103
20000100000100001000101010101020200020002011100302011001020102111122123111
20000100000100001000101010101020200020002011100302011001020102111122123112
20000100000100001000101010101020200020002011100302011001020102111122123113
20000100000100001000101010101020200020002011100302011001020103
2000010000010000100010101010102020002000201110030201100102011
2000010000010000100010101010102020002000201110030201100102012
2000010000010000100010101010102020002000201110030201100102013
20000100000100001000101010101020200020002011101
20000100000100001000101010101020200020002011102
20000100000100001000101010101020200020002011103
20000100000100001000101010101020200020002012
20000100000100001000101010101020200020002013
2000010000010000100010101010102020003
200001000001000010001010101010202001
200001000001000010001010101010202002
200001000001000010001010101010202003
100000100001000010101120101000102020002000201110030201100102010211130303020103010
10000010000100001010112010100010202000200020111003020110010201021113030302010301110211203020
100000100001000010101120101000102020002000201110030201100102010211130303020103011102112030212030
1000001000010000101011201010001020200020002011100302011001020102111303030201030111021120302120313030
1000001000010000101011201010001020200020002011100302011001020102111303030201030111021120302120313031221311121013130202121101
10000010000100001010112010100010202000200020111003020110010201021113030302010301110211203021203130312213111210131302021211021111
10000010000100001010112010100010202000200020111003020110010201021113030302010301110211203021203130312213111210131302021211021112202020
10000010000100001010112010100010202000200020111003020110010201021113030302010301110211203021203130312213111210131302021211021112202021
1000001000010000101011201010001020200020002011100302011001020102111303030201030111021120302120313031221311121013130202121102111220202220
1000001000010000101011201010001020200020002011100302011001020102111303030201030111021120302120313031221311121013130202121102111220202221
100000100001000010101120101000102020002000201110030201100102010211130303020103011102112030212031303122131112101313020212110211122020222230321030
100000100001000010101120101000102020002000201110030201100102010211130303020103011102112030212031303122131112101313020212110211122020222230321031
100000100001000010101120101000102020002000201110030201100102010211130303020103011102112030212031303122131112101313020212110211122020222230321032
1000001000010000101011201010001020200020002011100302011001020102111303030201030111021120302120313031221311121013130202121102111220202222303210331
10000010000100001010112010100010202000200020111003020110010201021113030302010301110211203021203130312213111210131302021211021112202022223032103322030
10000010000100001010112010100010202000200020111003020110010201021113030302010301110211203021203130312213111210131302021211021112202022223032103322031
1000001000010000101011201010001020200020002011100302011001020102111303030201030111021120302120313031221311121013130202121102111220202222303210332203231
1000001000010000101011201010001020200020002011100302011001020102111303030201030111021120302120313031221311121013130202121102111220202222303210332203232
1000001000010000101011201010001020200020002011100302011001020102111303030201030111021120302120313031221311121013130202121102111220202222303210332203233312023
1000001000010000101011201010001020200020002011100302011001020102111303030201030111021120302120313031221311121013130202121102111220202222303210332203233312030
1000001000010000101011201010001020200020002011100302011001020102111303030201030111021120302120313031221311121013130202121102111220202222303210332203233312031
10000010000100001010112010100010202000200020111003020110010201021113030302010301110211203021203130312213111210131302021211021112202022223032103322032333120322230
10000010000100001010112010100010202000200020111003020110010201021113030302010301110211203021203130312213111210131302021211021112202022223032103322032333120322231
1000001000010000101011201010001020200020002011100302011001020102111303030201030111021120302120313031221311121013130202121102111220202222303210332203233312032223230
1000001000010000101011201010001020200020002011100302011001020102111303030201030111021120302120313031221311121013130202121102111220202222303210332203233312032223231
100000100001000010101120101000102020002000201110030201100102010211130303020103011102112030212031303122131112101313020212110211122020222230321033220323331203222323232
100000100001000010101120101000102020002000201110030201100102010211130303020103011102112030212031303122131112101313020212110211122020222230321033220323331203222323233323
1000001000010000101011201010001020200020002011100302011001020102111303030201030111021120302120313031221311121013130202121102111220202222303210332203233312032223232333313
10000010000100001010112010100010202000200020111003020110010201021113030302010301110211203021203130312213111210131302021211021112202022223032103322032333120322232323333212
10000010000100001010112010100010202000200020111003020110010201021113030302010301110211203021203130312213111210131302021211021112202022223032103322032333120322232323333213
10000010000100001010112010100010202000200020111003020110010201021113030302010301110211203021203130312213111210131302021211021112202022223032103322032333120322232323333222
10000010000100001010112010100010202000200020111003020110010201021113030302010301110211203021203130312213111210131302021211021112202022223032103322032333120322232323333223
1000001000010000101011201010001020200020002011100302011001020102111303030201030111021120302120313031221311121013130202121102111220202222303210332203233312032223232333323
100000100001000010101120101000102020002000201110030201100102010211130303020103011102112030212031303122131112101313020212110211122020222230321033220323331203222323233333
100000100001000010101120101000102020002000201110030201100102010211130303020103011102112030212031303122131112101313020212110211122020222230321033220323331203222323312
100000100001000010101120101000102020002000201110030201100102010211130303020103011102112030212031303122131112101313020212110211122020222230321033220323331203222323313
1000001000010000101011201010001020200020002011100302011001020102111303030201030111021120302120313031221311121013130202121102111220202222303210332203233312032223233221121212
1000001000010000101011201010001020200020002011100302011001020102111303030201030111021120302120313031221311121013130202121102111220202222303210332203233312032223233221121213
1000001000010000101011201010001020200020002011100302011001020102111303030201030111021120302120313031221311121013130202121102111220202222303210332203233312032223233221121222213
10000010000100001010112010100010202000200020111003020110010201021113030302010301110211203021203130312213111210131302021211021112202022223032103322032333120322232332211212222233
100000100001000010101120101000102020002000201110030201100102010211130303020103011102112030212031303122131112101313020212110211122020222230321033220323331203222323322112122223
1000001000010000101011201010001020200020002011100302011001020102111303030201030111021120302120313031221311121013130202121102111220202222303210332203233312032223233221121223
1000001000010000101011201010001020200020002011100302011001020102111303030201030111021120302120313031221311121013130202121102111220202222303210332203233312032223233221121230
1000001000010000101011201010001020200020002011100302011001020102111303030201030111021120302120313031221311121013130202121102111220202222303210332203233312032223233221121231
1000001000010000101011201010001020200020002011100302011001020102111303030201030111021120302120313031221311121013130202121102111220202222303210332203233312032223233221121232
1000001000010000101011201010001020200020002011100302011001020102111303030201030111021120302120313031221311121013130202121102111220202222303210332203233312032223233221121233
100000100001000010101120101000102020002000201110030201100102010211130303020103011102112030212031303122131112101313020212110211122020222230321033220323331203222323322112130
100000100001000010101120101000102020002000201110030201100102010211130303020103011102112030212031303122131112101313020212110211122020222230321033220323331203222323322112131
100000100001000010101120101000102020002000201110030201100102010211130303020103011102112030212031303122131112101313020212110211122020222230321033220323331203222323322112132
100000100001000010101120101000102020002000201110030201100102010211130303020103011102112030212031303122131112101313020212110211122020222230321033220323331203222323322112133
100000100001000010101120101000102020002000201110030201100102010211130303020103011102112030212031303122131112101313020212110211122020222230321033220323331203222323323
1000001000010000101011201010001020200020002011100302011001020102111303030201030111021120302120313031221311121013130202121102111220202222303210332203233312032223233313
100000100001000010101120101000102020002000201110030201100102010211130303020103011102112030212031303122131112101313020212110211122020222230321033220323331203222323332
100000100001000010101120101000102020002000201110030201100102010211130303020103011102112030212031303122131112101313020212110211122020222230321033220323331203222323333
100000100001000010101120101000102020002000201110030201100102010211130303020103011102112030212031303122131112101313020212110211122020222230321033220323331203223
1000001000010000101011201010001020200020002011100302011001020102111303030201030111021120302120313031221311121013130202121102111220202222303210332203233312033
100000100001000010101120101000102020002000201110030201100102010211130303020103011102112030212031303122131112101313020212110211122020222230321033220332
100000100001000010101120101000102020002000201110030201100102010211130303020103011102112030212031303122131112101313020212110211122020222230321033220333
1000001000010000101011201010001020200020002011100302011001020102111303030201030111021120302120313031221311121013130202121102111220203
1000001000010000101011201010001020200020002011100302011001020102111303030201030111021120302120313031221311121013130202121102112
1000001000010000101011201010001020200020002011100302011001020102111303030201030111021120302120313031221311121013130202121102113
100000100001000010101120101000102020002000201110030201100102010211130303020103011102112030212031303122131112101313020213
1000001000010000101011201010001020200020002011100302011001020102111303030201030111021120302120313031221311121013130203
100000100001000010101120101000102020002000201110030201100102010211130303020103011102112030212031303122131112101313021
100000100001000010101120101000102020002000201110030201100102010211130303020103011102112030212031303122131112101313022
100000100001000010101120101000102020002000201110030201100102010211130303020103011102112030212031303122131112101313023
1000001000010000101011201010001020200020002011100302011001020102111303030201030111021120302120313031221311121013131
1000001000010000101011201010001020200020002011100302011001020102111303030201030111021120302120313031221311121013132
1000001000010000101011201010001020200020002011100302011001020102111303030201030111021120302120313031221311121013133
10000010000100001010112010100010202000200020111003020110010201021113030302010301110211203021203130312213111210132
10000010000100001010112010100010202000200020111003020110010201021113030302010301110211203021203130312213111210133
1000001000010000101011201010001020200020002011100302011001020102111303030201030111021120302120313031221311122
1000001000010000101011201010001020200020002011100302011001020102111303030201030111021120302120313031221311123
10000010000100001010112010100010202000200020111003020110010201021113030302010301110211203021203130312213112
10000010000100001010112010100010202000200020111003020110010201021113030302010301110211203021203130312213113
1000001000010000101011201010001020200020002011100302011001020102111303030201030111021121
1000001000010000101011201010001020200020002011100302011001020102111303030201030111021122
1000001000010000101011201010001020200020002011100302011001020102111303030201030111021123
100000100001000010101120101000102020002000201110030201100102010211130303020103011103
10000010000100001010112010100010202000200020111003020110010201021113030302010301111
10000010000100001010112010100010202000200020111003020110010201021113030302010301112
10000010000100001010112010100010202000200020111003020110010201021113030302010301113
1000001000010000101011201010001020200020002011100302011001020103
100000100001000010101120101000102020002000201110030201100102011
100000100001000010101120101000102020002000201110030201100102012
100000100001000010101120101000102020002000201110030201100102013
1000001000010000101011201010001020200020002011101
1000001000010000101011201010001020200020002011102
1000001000010000101011201010001020200020002011103
1000001000010000101011201010001020200020002012
1000001000010000101011201010001020200020002013
100000100001000010101120101000102020003
10000010000100001010112010100010202001
10000010000100001010112010100010202002
10000010000100001010112010100010202003
300000001001020002000000100010101010102020102010201110030201100303020103010
30000000100102000200000010001010101010202010201020111003020110030302010301110211203020
300000001001020002000000100010101010102020102010201110030201100303020103011102112030212030
3000000010010200020000001000101010101020201020102011100302011003030201030111021120302120313030
300000001001020002000000100010101010102020102010201110030201100303020103011102112030212031303111211221311121013130202121101
3000000010010200020000001000101010101020201020102011100302011003030201030111021120302120313031112112213111210131302021211021111
3000000010010200020000001000101010101020201020102011100302011003030201030111021120302120313031112112213111210131302021211021112202020
3000000010010200020000001000101010101020201020102011100302011003030201030111021120302120313031112112213111210131302021211021112202021
300000001001020002000000100010101010102020102010201110030201100303020103011102112030212031303111211221311121013130202121102111220202220
300000001001020002000000100010101010102020102010201110030201100303020103011102112030212031303111211221311121013130202121102111220202221
30000000100102000200000010001010101010202010201020111003020110030302010301110211203021203130311121122131112101313020212110211122020222230321030
30000000100102000200000010001010101010202010201020111003020110030302010301110211203021203130311121122131112101313020212110211122020222230321031
30000000100102000200000010001010101010202010201020111003020110030302010301110211203021203130311121122131112101313020212110211122020222230321032
300000001001020002000000100010101010102020102010201110030201100303020103011102112030212031303111211221311121013130202121102111220202222303210331
3000000010010200020000001000101010101020201020102011100302011003030201030111021120302120313031112112213111210131302021211021112202022223032103322030
3000000010010200020000001000101010101020201020102011100302011003030201030111021120302120313031112112213111210131302021211021112202022223032103322031322230
3000000010010200020000001000101010101020201020102011100302011003030201030111021120302120313031112112213111210131302021211021112202022223032103322031322231
300000001001020002000000100010101010102020102010201110030201100303020103011102112030212031303111211221311121013130202121102111220202222303210332203132223230
300000001001020002000000100010101010102020102010201110030201100303020103011102112030212031303111211221311121013130202121102111220202222303210332203132223231
30000000100102000200000010001010101010202010201020111003020110030302010301110211203021203130311121122131112101313020212110211122020222230321033220313222323232
30000000100102000200000010001010101010202010201020111003020110030302010301110211203021203130311121122131112101313020212110211122020222230321033220313222323233312023323
300000001001020002000000100010101010102020102010201110030201100303020103011102112030212031303111211221311121013130202121102111220202222303210332203132223232333120233313
3000000010010200020000001000101010101020201020102011100302011003030201030111021120302120313031112112213111210131302021211021112202022223032103322031322232323331202333212
3000000010010200020000001000101010101020201020102011100302011003030201030111021120302120313031112112213111210131302021211021112202022223032103322031322232323331202333213
3000000010010200020000001000101010101020201020102011100302011003030201030111021120302120313031112112213111210131302021211021112202022223032103322031322232323331202333222
3000000010010200020000001000101010101020201020102011100302011003030201030111021120302120313031112112213111210131302021211021112202022223032103322031322232323331202333223
3000000010010200020000001000101010101020201020102011100302011003030201030111021120302120313031112112213111210131302021211021112202022223032103322031322232323331202333231
3000000010010200020000001000101010101020201020102011100302011003030201030111021120302120313031112112213111210131302021211021112202022223032103322031322232323331202333232
3000000010010200020000001000101010101020201020102011100302011003030201030111021120302120313031112112213111210131302021211021112202022223032103322031322232323331202333233
30000000100102000200000010001010101010202010201020111003020110030302010301110211203021203130311121122131112101313020212110211122020222230321033220313222323233312023333
30000000100102000200000010001010101010202010201020111003020110030302010301110211203021203130311121122131112101313020212110211122020222230321033220313222323233312030
30000000100102000200000010001010101010202010201020111003020110030302010301110211203021203130311121122131112101313020212110211122020222230321033220313222323233312031
30000000100102000200000010001010101010202010201020111003020110030302010301110211203021203130311121122131112101313020212110211122020222230321033220313222323233312032
3000000010010200020000001000101010101020201020102011100302011003030201030111021120302120313031112112213111210131302021211021112202022223032103322031322232323331203312
3000000010010200020000001000101010101020201020102011100302011003030201030111021120302120313031112112213111210131302021211021112202022223032103322031322232323331203313
30000000100102000200000010001010101010202010201020111003020110030302010301110211203021203130311121122131112101313020212110211122020222230321033220313222323233312033221121212
30000000100102000200000010001010101010202010201020111003020110030302010301110211203021203130311121122131112101313020212110211122020222230321033220313222323233312033221121213
3000000010010200020000001000101010101020201020102011100302011003030201030111021120302120313031112112213111210131302021211021112202022223032103322031322232323331203322112122221333130
3000000010010200020000001000101010101020201020102011100302011003030201030111021120302120313031112112213111210131302021211021112202022223032103322031322232323331203322112122221333131
300000001001020002000000100010101010102020102010201110030201100303020103011102112030212031303111211221311121013130202121102111220202222303210332203132223232333120332211212222133313233
3000000010010200020000001000101010101020201020102011100302011003030201030111021120302120313031112112213111210131302021211021112202022223032103322031322232323331203322112122221333133
30000000100102000200000010001010101010202010201020111003020110030302010301110211203021203130311121122131112101313020212110211122020222230321033220313222323233312033221121222213332
30000000100102000200000010001010101010202010201020111003020110030302010301110211203021203130311121122131112101313020212110211122020222230321033220313222323233312033221121222213333
3000000010010200020000001000101010101020201020102011100302011003030201030111021120302120313031112112213111210131302021211021112202022223032103322031322232323331203322112122222
3000000010010200020000001000101010101020201020102011100302011003030201030111021120302120313031112112213111210131302021211021112202022223032103322031322232323331203322112122223
30000000100102000200000010001010101010202010201020111003020110030302010301110211203021203130311121122131112101313020212110211122020222230321033220313222323233312033221121223
30000000100102000200000010001010101010202010201020111003020110030302010301110211203021203130311121122131112101313020212110211122020222230321033220313222323233312033221121230
30000000100102000200000010001010101010202010201020111003020110030302010301110211203021203130311121122131112101313020212110211122020222230321033220313222323233312033221121231
30000000100102000200000010001010101010202010201020111003020110030302010301110211203021203130311121122131112101313020212110211122020222230321033220313222323233312033221121232
30000000100102000200000010001010101010202010201020111003020110030302010301110211203021203130311121122131112101313020212110211122020222230321033220313222323233312033221121233
300000001001020002000000100010101010102020102010201110030201100303020103011102112030212031303111211221311121013130202121102111220202222303210332203132223232333120332211213
3000000010010200020000001000101010101020201020102011100302011003030201030111021120302120313031112112213111210131302021211021112202022223032103322031322232323331203323
30000000100102000200000010001010101010202010201020111003020110030302010301110211203021203130311121122131112101313020212110211122020222230321033220313223
300000001001020002000000100010101010102020102010201110030201100303020103011102112030212031303111211221311121013130202121102111220202222303210332203133
30000000100102000200000010001010101010202010201020111003020110030302010301110211203021203130311121122131112101313020212110211122020222230321033220323
3000000010010200020000001000101010101020201020102011100302011003030201030111021120302120313031112112213111210131302021211021112202022223032103322033
300000001001020002000000100010101010102020102010201110030201100303020103011102112030212031303111211221311121013130202121102111220203
300000001001020002000000100010101010102020102010201110030201100303020103011102112030212031303111211221311121013130202121102112
300000001001020002000000100010101010102020102010201110030201100303020103011102112030212031303111211221311121013130202121102113
30000000100102000200000010001010101010202010201020111003020110030302010301110211203021203130311121122131112101313020213
300000001001020002000000100010101010102020102010201110030201100303020103011102112030212031303111211221311121013130203
30000000100102000200000010001010101010202010201020111003020110030302010301110211203021203130311121122131112101313021
30000000100102000200000010001010101010202010201020111003020110030302010301110211203021203130311121122131112101313022
30000000100102000200000010001010101010202010201020111003020110030302010301110211203021203130311121122131112101313023
300000001001020002000000100010101010102020102010201110030201100303020103011102112030212031303111211221311121013131
300000001001020002000000100010101010102020102010201110030201100303020103011102112030212031303111211221311121013132
300000001001020002000000100010101010102020102010201110030201100303020103011102112030212031303111211221311121013133
3000000010010200020000001000101010101020201020102011100302011003030201030111021120302120313031112112213111210132
3000000010010200020000001000101010101020201020102011100302011003030201030111021120302120313031112112213111210133
300000001001020002000000100010101010102020102010201110030201100303020103011102112030212031303111211221311122
300000001001020002000000100010101010102020102010201110030201100303020103011102112030212031303111211221311123
3000000010010200020000001000101010101020201020102011100302011003030201030111021120302120313031112112213112
3000000010010200020000001000101010101020201020102011100302011003030201030111021120302120313031112112213113
3000000010010200020000001000101010101020201020102011100302011003030201030111021121
3000000010010200020000001000101010101020201020102011100302011003030201030111021122
3000000010010200020000001000101010101020201020102011100302011003030201030111021123
300000001001020002000000100010101010102020102010201110030201100303020103011103
30000000100102000200000010001010101010202010201020111003020110030302010301111
30000000100102000200000010001010101010202010201020111003020110030302010301112
30000000100102000200000010001010101010202010201020111003020110030302010301113
3000000010010200020000001000101010101020201020102011101
3000000010010200020000001000101010101020201020102011102
3000000010010200020000001000101010101020201020102011103
3000000010010200020000001000101010101020201020102012
3000000010010200020000001000101010101020201020102013
300000001001020002000000100010101010102020103
30000000100102000200000010001010101010202011
30000000100102000200000010001010101010202012
30000000100102000200000010001010101010202013
300000001001020003
30000000100102001
30000000100102002
30000000100102003
