200102000000100010100001003001000020101110300
200102000000100010100001003001000020101110301201302021020112010
200102000000100010100001003001000020101110301201302021020112011
20010200000010001010000100300100002010111030120130202102011201220
2001020000001000101000010030010000201011103012013020210201120122112100
200102000000100010100001003001000020101110301201302021020112012211210131030220
200102000000100010100001003001000020101110301201302021020112012211210131030221120321
20010200000010001010000100300100002010111030120130202102011201221121013103022112032230021222
200102000000100010100001003001000020101110301201302021020112012211210131030221120322300212233011210230
2001020000001000101000010030010000201011103012013020210201120122112101310302211203223002122330112102310
2001020000001000101000010030010000201011103012013020210201120122112101310302211203223002122330112102311
2001020000001000101000010030010000201011103012013020210201120122112101310302211203223002122330112102312
20010200000010001010000100300100002010111030120130202102011201221121013103022112032230021223301121023131
200102000000100010100001003001000020101110301201302021020112012211210131030221120322300212233011210231320330
2001020000001000101000010030010000201011103012013020210201120122112101310302211203223002122330112102313203310
2001020000001000101000010030010000201011103012013020210201120122112101310302211203223002122330112102313203311
2001020000001000101000010030010000201011103012013020210201120122112101310302211203223002122330112102313203312
2001020000001000101000010030010000201011103012013020210201120122112101310302211203223002122330112102313203313
20010200000010001010000100300100002010111030120130202102011201221121013103022112032230021223301121023132033203
20010200000010001010000100300100002010111030120130202102011201221121013103022112032230021223301121023132033213130
20010200000010001010000100300100002010111030120130202102011201221121013103022112032230021223301121023132033213131
20010200000010001010000100300100002010111030120130202102011201221121013103022112032230021223301121023132033213132
20010200000010001010000100300100002010111030120130202102011201221121013103022112032230021223301121023132033213133
2001020000001000101000010030010000201011103012013020210201120122112101310302211203223002122330112102313203321321
20010200000010001010000100300100002010111030120130202102011201221121013103022112032230021223301121023132033213221
200102000000100010100001003001000020101110301201302021020112012211210131030221120322300212233011210231320332132222
2001020000001000101000010030010000201011103012013020210201120122112101310302211203223002122330112102313203321322232302202
2001020000001000101000010030010000201011103012013020210201120122112101310302211203223002122330112102313203321322232302203
2001020000001000101000010030010000201011103012013020210201120122112101310302211203223002122330112102313203321322232302213
200102000000100010100001003001000020101110301201302021020112012211210131030221120322300212233011210231320332132223230222011
200102000000100010100001003001000020101110301201302021020112012211210131030221120322300212233011210231320332132223230222012
2001020000001000101000010030010000201011103012013020210201120122112101310302211203223002122330112102313203321322232302220131033
20010200000010001010000100300100002010111030120130202102011201221121013103022112032230021223301121023132033213222323022201311301
20010200000010001010000100300100002010111030120130202102011201221121013103022112032230021223301121023132033213222323022201311302
20010200000010001010000100300100002010111030120130202102011201221121013103022112032230021223301121023132033213222323022201311303
20010200000010001010000100300100002010111030120130202102011201221121013103022112032230021223301121023132033213222323022201311310233203200
20010200000010001010000100300100002010111030120130202102011201221121013103022112032230021223301121023132033213222323022201311310233203201
20010200000010001010000100300100002010111030120130202102011201221121013103022112032230021223301121023132033213222323022201311310233203202
20010200000010001010000100300100002010111030120130202102011201221121013103022112032230021223301121023132033213222323022201311310233203203
20010200000010001010000100300100002010111030120130202102011201221121013103022112032230021223301121023132033213222323022201311310233203210
20010200000010001010000100300100002010111030120130202102011201221121013103022112032230021223301121023132033213222323022201311310233203211
2001020000001000101000010030010000201011103012013020210201120122112101310302211203223002122330112102313203321322232302220131131023320321230
2001020000001000101000010030010000201011103012013020210201120122112101310302211203223002122330112102313203321322232302220131131023320321231
2001020000001000101000010030010000201011103012013020210201120122112101310302211203223002122330112102313203321322232302220131131023320321232
2001020000001000101000010030010000201011103012013020210201120122112101310302211203223002122330112102313203321322232302220131131023320321233
2001020000001000101000010030010000201011103012013020210201120122112101310302211203223002122330112102313203321322232302220131131023320321330
2001020000001000101000010030010000201011103012013020210201120122112101310302211203223002122330112102313203321322232302220131131023320321331
2001020000001000101000010030010000201011103012013020210201120122112101310302211203223002122330112102313203321322232302220131131023320321332
2001020000001000101000010030010000201011103012013020210201120122112101310302211203223002122330112102313203321322232302220131131023320321333
2001020000001000101000010030010000201011103012013020210201120122112101310302211203223002122330112102313203321322232302220131131023320322020
20010200000010001010000100300100002010111030120130202102011201221121013103022112032230021223301121023132033213222323022201311310233203220212
20010200000010001010000100300100002010111030120130202102011201221121013103022112032230021223301121023132033213222323022201311310233203220213
20010200000010001010000100300100002010111030120130202102011201221121013103022112032230021223301121023132033213222323022201311310233203220221
20010200000010001010000100300100002010111030120130202102011201221121013103022112032230021223301121023132033213222323022201311310233203220222303
200102000000100010100001003001000020101110301201302021020112012211210131030221120322300212233011210231320332132223230222013113102332032202223130
200102000000100010100001003001000020101110301201302021020112012211210131030221120322300212233011210231320332132223230222013113102332032202223131
200102000000100010100001003001000020101110301201302021020112012211210131030221120322300212233011210231320332132223230222013113102332032202223132
2001020000001000101000010030010000201011103012013020210201120122112101310302211203223002122330112102313203321322232302220131131023320322022231333
20010200000010001010000100300100002010111030120130202102011201221121013103022112032230021223301121023132033213222323022201311310233203220222323
2001020000001000101000010030010000201011103012013020210201120122112101310302211203223002122330112102313203321322232302220131131023320322022233
2001020000001000101000010030010000201011103012013020210201120122112101310302211203223002122330112102313203321322232302220131131023320322023
20010200000010001010000100300100002010111030120130202102011201221121013103022112032230021223301121023132033213222323022201311310233203220301110
20010200000010001010000100300100002010111030120130202102011201221121013103022112032230021223301121023132033213222323022201311310233203220301111
20010200000010001010000100300100002010111030120130202102011201221121013103022112032230021223301121023132033213222323022201311310233203220301112
20010200000010001010000100300100002010111030120130202102011201221121013103022112032230021223301121023132033213222323022201311310233203220301113
20010200000010001010000100300100002010111030120130202102011201221121013103022112032230021223301121023132033213222323022201311310233203220301120
20010200000010001010000100300100002010111030120130202102011201221121013103022112032230021223301121023132033213222323022201311310233203220301121
20010200000010001010000100300100002010111030120130202102011201221121013103022112032230021223301121023132033213222323022201311310233203220301122
20010200000010001010000100300100002010111030120130202102011201221121013103022112032230021223301121023132033213222323022201311310233203220301123
20010200000010001010000100300100002010111030120130202102011201221121013103022112032230021223301121023132033213222323022201311310233203220301130
20010200000010001010000100300100002010111030120130202102011201221121013103022112032230021223301121023132033213222323022201311310233203220301131
20010200000010001010000100300100002010111030120130202102011201221121013103022112032230021223301121023132033213222323022201311310233203220301132
200102000000100010100001003001000020101110301201302021020112012211210131030221120322300212233011210231320332132223230222013113102332032203011333
20010200000010001010000100300100002010111030120130202102011201221121013103022112032230021223301121023132033213222323022201311310233203220301230
20010200000010001010000100300100002010111030120130202102011201221121013103022112032230021223301121023132033213222323022201311310233203220301231
20010200000010001010000100300100002010111030120130202102011201221121013103022112032230021223301121023132033213222323022201311310233203220301232
20010200000010001010000100300100002010111030120130202102011201221121013103022112032230021223301121023132033213222323022201311310233203220301233
200102000000100010100001003001000020101110301201302021020112012211210131030221120322300212233011210231320332132223230222013113102332032203013
200102000000100010100001003001000020101110301201302021020112012211210131030221120322300212233011210231320332132223230222013113102332032203021
200102000000100010100001003001000020101110301201302021020112012211210131030221120322300212233011210231320332132223230222013113102332032203022
200102000000100010100001003001000020101110301201302021020112012211210131030221120322300212233011210231320332132223230222013113102332032203023
200102000000100010100001003001000020101110301201302021020112012211210131030221120322300212233011210231320332132223230222013113102332032203031
200102000000100010100001003001000020101110301201302021020112012211210131030221120322300212233011210231320332132223230222013113102332032203032
200102000000100010100001003001000020101110301201302021020112012211210131030221120322300212233011210231320332132223230222013113102332032203033
20010200000010001010000100300100002010111030120130202102011201221121013103022112032230021223301121023132033213222323022201311310233203220311
20010200000010001010000100300100002010111030120130202102011201221121013103022112032230021223301121023132033213222323022201311310233203220312
20010200000010001010000100300100002010111030120130202102011201221121013103022112032230021223301121023132033213222323022201311310233203220313
20010200000010001010000100300100002010111030120130202102011201221121013103022112032230021223301121023132033213222323022201311310233203220323
20010200000010001010000100300100002010111030120130202102011201221121013103022112032230021223301121023132033213222323022201311310233203220331
20010200000010001010000100300100002010111030120130202102011201221121013103022112032230021223301121023132033213222323022201311310233203220332
20010200000010001010000100300100002010111030120130202102011201221121013103022112032230021223301121023132033213222323022201311310233203220333
20010200000010001010000100300100002010111030120130202102011201221121013103022112032230021223301121023132033213222323022201311310233203221
20010200000010001010000100300100002010111030120130202102011201221121013103022112032230021223301121023132033213222323022201311310233203222
20010200000010001010000100300100002010111030120130202102011201221121013103022112032230021223301121023132033213222323022201311310233203223
200102000000100010100001003001000020101110301201302021020112012211210131030221120322300212233011210231320332132223230222013113103
2001020000001000101000010030010000201011103012013020210201120122112101310302211203223002122330112102313203321322232302220230
2001020000001000101000010030010000201011103012013020210201120122112101310302211203223002122330112102313203321322232302220231
2001020000001000101000010030010000201011103012013020210201120122112101310302211203223002122330112102313203321322232302220232
2001020000001000101000010030010000201011103012013020210201120122112101310302211203223002122330112102313203321322232302220233
20010200000010001010000100300100002010111030120130202102011201221121013103022112032230021223301121023132033213222323022203
20010200000010001010000100300100002010111030120130202102011201221121013103022112032230021223301121023132033213222323022210
20010200000010001010000100300100002010111030120130202102011201221121013103022112032230021223301121023132033213222323022211
20010200000010001010000100300100002010111030120130202102011201221121013103022112032230021223301121023132033213222323022212
20010200000010001010000100300100002010111030120130202102011201221121013103022112032230021223301121023132033213222323022213
20010200000010001010000100300100002010111030120130202102011201221121013103022112032230021223301121023132033213222323022220
20010200000010001010000100300100002010111030120130202102011201221121013103022112032230021223301121023132033213222323022221
20010200000010001010000100300100002010111030120130202102011201221121013103022112032230021223301121023132033213222323022222
20010200000010001010000100300100002010111030120130202102011201221121013103022112032230021223301121023132033213222323022223
20010200000010001010000100300100002010111030120130202102011201221121013103022112032230021223301121023132033213222323022230
20010200000010001010000100300100002010111030120130202102011201221121013103022112032230021223301121023132033213222323022231
20010200000010001010000100300100002010111030120130202102011201221121013103022112032230021223301121023132033213222323022232
20010200000010001010000100300100002010111030120130202102011201221121013103022112032230021223301121023132033213222323022233
20010200000010001010000100300100002010111030120130202102011201221121013103022112032231
20010200000010001010000100300100002010111030120130202102011201221121013103022112032232
20010200000010001010000100300100002010111030120130202102011201221121013103022112032233
200102000000100010100001003001000020101110301201302021020112012211210131030222
200102000000100010100001003001000020101110301201302021020112012211210131030223
200102000000100010100001003001000020101110301201302021020112012211211
200102000000100010100001003001000020101110301201302021020112012211212
200102000000100010100001003001000020101110301201302021020112012211213
20010200000010001010000100300100002010111030120130202102011202
20010200000010001010000100300100002010111030120130202102011203
20010200000010001010000100300100002010111030120130202102011211
20010200000010001010000100300100002010111030120130202102011212
20010200000010001010000100300100002010111030120130202102011213
2001020000001000101000010030010000201011103012013020210201122
2001020000001000101000010030010000201011103012013020210201123
2001020000001000101000010030010000201011103012013020210202
2001020000001000101000010030010000201011103012013020210203
200102000000100010100001003001000020101111
200102000000100010100001003001000020101112
200102000000100010100001003001000020101113
200102000000100010101
200102000000100010102
200102000000100010103
20010201
20010202
20010203
000000100001000102001000101000020101110300
000000100001000102001000101000020101110301201302021020112010
000000100001000102001000101000020101110301201302021020112011
0000001000010001020010001010000201011103012013020210201120122030110200
0000001000010001020010001010000201011103012013020210201120122030110201121022030310
00000010000100010200100010100002010111030120130202102011201220301102011210220303111210
00000010000100010200100010100002010111030120130202102011201220301102011210220303111211
0000001000010001020010001010000201011103012013020210201120122030110201121022030311121230
000000100001000102001000101000020101110301201302021020112012203011020112102203031112123131
00000010000100010200100010100002010111030120130202102011201220301102011210220303111212313202
0000001000010001020010001010000201011103012013020210201120122030110201121022030311121231320330
00000010000100010200100010100002010111030120130202102011201220301102011210220303111212313203310
00000010000100010200100010100002010111030120130202102011201220301102011210220303111212313203311320
00000010000100010200100010100002010111030120130202102011201220301102011210220303111212313203311321
0000001000010001020010001010000201011103012013020210201120122030110201121022030311121231320331132230021221
0000001000010001020010001010000201011103012013020210201120122030110201121022030311121231320331132230021222
00000010000100010200100010100002010111030120130202102011201220301102011210220303111212313203311322300212233011210
000000100001000102001000101000020101110301201302021020112012203011020112102203031112123132033113223002122330112112
000000100001000102001000101000020101110301201302021020112012203011020112102203031112123132033113223002122330112113
0000001000010001020010001010000201011103012013020210201120122030110201121022030311121231320331132230021223301121203
0000001000010001020010001010000201011103012013020210201120122030110201121022030311121231320331132230021223301121213130
0000001000010001020010001010000201011103012013020210201120122030110201121022030311121231320331132230021223301121213131
0000001000010001020010001010000201011103012013020210201120122030110201121022030311121231320331132230021223301121213132
0000001000010001020010001010000201011103012013020210201120122030110201121022030311121231320331132230021223301121213133
0000001000010001020010001010000201011103012013020210201120122030110201121022030311121231320331132230021223301121213221
00000010000100010200100010100002010111030120130202102011201220301102011210220303111212313203311322300212233011212132222
000000100001000102001000101000020101110301201302021020112012203011020112102203031112123132033113223002122330112121322232302202
000000100001000102001000101000020101110301201302021020112012203011020112102203031112123132033113223002122330112121322232302203
000000100001000102001000101000020101110301201302021020112012203011020112102203031112123132033113223002122330112121322232302213
000000100001000102001000101000020101110301201302021020112012203011020112102203031112123132033113223002122330112121322232302220131033
0000001000010001020010001010000201011103012013020210201120122030110201121022030311121231320331132230021223301121213222323022201311301
0000001000010001020010001010000201011103012013020210201120122030110201121022030311121231320331132230021223301121213222323022201311302
0000001000010001020010001010000201011103012013020210201120122030110201121022030311121231320331132230021223301121213222323022201311303
00000010000100010200100010100002010111030120130202102011201220301102011210220303111212313203311322300212233011212132223230222013113110
00000010000100010200100010100002010111030120130202102011201220301102011210220303111212313203311322300212233011212132223230222013113111
00000010000100010200100010100002010111030120130202102011201220301102011210220303111212313203311322300212233011212132223230222013113112
00000010000100010200100010100002010111030120130202102011201220301102011210220303111212313203311322300212233011212132223230222013113113
00000010000100010200100010100002010111030120130202102011201220301102011210220303111212313203311322300212233011212132223230222013113120
00000010000100010200100010100002010111030120130202102011201220301102011210220303111212313203311322300212233011212132223230222013113121
00000010000100010200100010100002010111030120130202102011201220301102011210220303111212313203311322300212233011212132223230222013113122
000000100001000102001000101000020101110301201302021020112012203011020112102203031112123132033113223002122330112121322232302220131131232
000000100001000102001000101000020101110301201302021020112012203011020112102203031112123132033113223002122330112121322232302220131131233203200
000000100001000102001000101000020101110301201302021020112012203011020112102203031112123132033113223002122330112121322232302220131131233203201
000000100001000102001000101000020101110301201302021020112012203011020112102203031112123132033113223002122330112121322232302220131131233203202
000000100001000102001000101000020101110301201302021020112012203011020112102203031112123132033113223002122330112121322232302220131131233203203
000000100001000102001000101000020101110301201302021020112012203011020112102203031112123132033113223002122330112121322232302220131131233203210
000000100001000102001000101000020101110301201302021020112012203011020112102203031112123132033113223002122330112121322232302220131131233203211
00000010000100010200100010100002010111030120130202102011201220301102011210220303111212313203311322300212233011212132223230222013113123320321230
00000010000100010200100010100002010111030120130202102011201220301102011210220303111212313203311322300212233011212132223230222013113123320321231
00000010000100010200100010100002010111030120130202102011201220301102011210220303111212313203311322300212233011212132223230222013113123320321232
00000010000100010200100010100002010111030120130202102011201220301102011210220303111212313203311322300212233011212132223230222013113123320321233
00000010000100010200100010100002010111030120130202102011201220301102011210220303111212313203311322300212233011212132223230222013113123320321330
00000010000100010200100010100002010111030120130202102011201220301102011210220303111212313203311322300212233011212132223230222013113123320321331
000000100001000102001000101000020101110301201302021020112012203011020112102203031112123132033113223002122330112121322232302220131131233203213323
00000010000100010200100010100002010111030120130202102011201220301102011210220303111212313203311322300212233011212132223230222013113123320321333
00000010000100010200100010100002010111030120130202102011201220301102011210220303111212313203311322300212233011212132223230222013113123320322020
000000100001000102001000101000020101110301201302021020112012203011020112102203031112123132033113223002122330112121322232302220131131233203220212
000000100001000102001000101000020101110301201302021020112012203011020112102203031112123132033113223002122330112121322232302220131131233203220213
000000100001000102001000101000020101110301201302021020112012203011020112102203031112123132033113223002122330112121322232302220131131233203220221
000000100001000102001000101000020101110301201302021020112012203011020112102203031112123132033113223002122330112121322232302220131131233203220222303
0000001000010001020010001010000201011103012013020210201120122030110201121022030311121231320331132230021223301121213222323022201311312332032202223130
0000001000010001020010001010000201011103012013020210201120122030110201121022030311121231320331132230021223301121213222323022201311312332032202223131
0000001000010001020010001010000201011103012013020210201120122030110201121022030311121231320331132230021223301121213222323022201311312332032202223132
00000010000100010200100010100002010111030120130202102011201220301102011210220303111212313203311322300212233011212132223230222013113123320322022231333
000000100001000102001000101000020101110301201302021020112012203011020112102203031112123132033113223002122330112121322232302220131131233203220222323
00000010000100010200100010100002010111030120130202102011201220301102011210220303111212313203311322300212233011212132223230222013113123320322022233
00000010000100010200100010100002010111030120130202102011201220301102011210220303111212313203311322300212233011212132223230222013113123320322023
0000001000010001020010001010000201011103012013020210201120122030110201121022030311121231320331132230021223301121213222323022201311312332032203021
0000001000010001020010001010000201011103012013020210201120122030110201121022030311121231320331132230021223301121213222323022201311312332032203022
00000010000100010200100010100002010111030120130202102011201220301102011210220303111212313203311322300212233011212132223230222013113123320322030230
00000010000100010200100010100002010111030120130202102011201220301102011210220303111212313203311322300212233011212132223230222013113123320322030231
00000010000100010200100010100002010111030120130202102011201220301102011210220303111212313203311322300212233011212132223230222013113123320322030232
000000100001000102001000101000020101110301201302021020112012203011020112102203031112123132033113223002122330112121322232302220131131233203220302333
0000001000010001020010001010000201011103012013020210201120122030110201121022030311121231320331132230021223301121213222323022201311312332032203031
0000001000010001020010001010000201011103012013020210201120122030110201121022030311121231320331132230021223301121213222323022201311312332032203032
0000001000010001020010001010000201011103012013020210201120122030110201121022030311121231320331132230021223301121213222323022201311312332032203033
000000100001000102001000101000020101110301201302021020112012203011020112102203031112123132033113223002122330112121322232302220131131233203220312
000000100001000102001000101000020101110301201302021020112012203011020112102203031112123132033113223002122330112121322232302220131131233203220313
000000100001000102001000101000020101110301201302021020112012203011020112102203031112123132033113223002122330112121322232302220131131233203220323
000000100001000102001000101000020101110301201302021020112012203011020112102203031112123132033113223002122330112121322232302220131131233203220331
000000100001000102001000101000020101110301201302021020112012203011020112102203031112123132033113223002122330112121322232302220131131233203220332
000000100001000102001000101000020101110301201302021020112012203011020112102203031112123132033113223002122330112121322232302220131131233203220333
000000100001000102001000101000020101110301201302021020112012203011020112102203031112123132033113223002122330112121322232302220131131233203221230
0000001000010001020010001010000201011103012013020210201120122030110201121022030311121231320331132230021223301121213222323022201311312332032212313
000000100001000102001000101000020101110301201302021020112012203011020112102203031112123132033113223002122330112121322232302220131131233203221232
000000100001000102001000101000020101110301201302021020112012203011020112102203031112123132033113223002122330112121322232302220131131233203221233
0000001000010001020010001010000201011103012013020210201120122030110201121022030311121231320331132230021223301121213222323022201311312332032213
000000100001000102001000101000020101110301201302021020112012203011020112102203031112123132033113223002122330112121322232302220131131233203222
000000100001000102001000101000020101110301201302021020112012203011020112102203031112123132033113223002122330112121322232302220131131233203223
000000100001000102001000101000020101110301201302021020112012203011020112102203031112123132033113223002122330112121322232302220230
000000100001000102001000101000020101110301201302021020112012203011020112102203031112123132033113223002122330112121322232302220231
000000100001000102001000101000020101110301201302021020112012203011020112102203031112123132033113223002122330112121322232302220232
000000100001000102001000101000020101110301201302021020112012203011020112102203031112123132033113223002122330112121322232302220233
0000001000010001020010001010000201011103012013020210201120122030110201121022030311121231320331132230021223301121213222323022203
0000001000010001020010001010000201011103012013020210201120122030110201121022030311121231320331132230021223301121213222323022210
0000001000010001020010001010000201011103012013020210201120122030110201121022030311121231320331132230021223301121213222323022211
0000001000010001020010001010000201011103012013020210201120122030110201121022030311121231320331132230021223301121213222323022212
0000001000010001020010001010000201011103012013020210201120122030110201121022030311121231320331132230021223301121213222323022213
0000001000010001020010001010000201011103012013020210201120122030110201121022030311121231320331132230021223301121213222323022220
0000001000010001020010001010000201011103012013020210201120122030110201121022030311121231320331132230021223301121213222323022221
0000001000010001020010001010000201011103012013020210201120122030110201121022030311121231320331132230021223301121213222323022222
0000001000010001020010001010000201011103012013020210201120122030110201121022030311121231320331132230021223301121213222323022223
0000001000010001020010001010000201011103012013020210201120122030110201121022030311121231320331132230021223301121213222323022230
0000001000010001020010001010000201011103012013020210201120122030110201121022030311121231320331132230021223301121213222323022231
0000001000010001020010001010000201011103012013020210201120122030110201121022030311121231320331132230021223301121213222323022232
0000001000010001020010001010000201011103012013020210201120122030110201121022030311121231320331132230021223301121213222323022233
0000001000010001020010001010000201011103012013020210201120122030110201121022030311121231320331132231
0000001000010001020010001010000201011103012013020210201120122030110201121022030311121231320331132232
0000001000010001020010001010000201011103012013020210201120122030110201121022030311121231320331132233
00000010000100010200100010100002010111030120130202102011201220301102011210221
00000010000100010200100010100002010111030120130202102011201220301102011210222
00000010000100010200100010100002010111030120130202102011201220301102011210223
00000010000100010200100010100002010111030120130202102011201220301102011211
00000010000100010200100010100002010111030120130202102011201220301102011212
00000010000100010200100010100002010111030120130202102011201220301102011213
00000010000100010200100010100002010111030120130202102011201220301103
00000010000100010200100010100002010111030120130202102011202
00000010000100010200100010100002010111030120130202102011203
00000010000100010200100010100002010111030120130202102011211
00000010000100010200100010100002010111030120130202102011212
00000010000100010200100010100002010111030120130202102011213
0000001000010001020010001010000201011103012013020210201122
0000001000010001020010001010000201011103012013020210201123
0000001000010001020010001010000201011103012013020210202
0000001000010001020010001010000201011103012013020210203
000000100001000102001000101000020101111
000000100001000102001000101000020101112
000000100001000102001000101000020101113
00000010000100010200100010101
00000010000100010200100010102
00000010000100010200100010103
00000010000100010201
00000010000100010202
00000010000100010203
1000000100010200100010100011102010200300
100000010001020010001010001110201020030120130300300100021020112010
100000010001020010001010001110201020030120130300300100021020112011
10000001000102001000101000111020102003012013030030010002102011201220
1000000100010200100010100011102010200301201303003001000210201120122112101311120220
100000010001020010001010001110201020030120130300300100021020112012211210131112022130
100000010001020010001010001110201020030120130300300100021020112012211210131112022131
10000001000102001000101000111020102003012013030030010002102011201221121013111202213230320
10000001000102001000101000111020102003012013030030010002102011201221121013111202213230321
1000000100010200100010100011102010200301201303003001000210201120122112101311120221323032230021222
100000010001020010001010001110201020030120130300300100021020112012211210131112022132303223002122330112102
10000001000102001000101000111020102003012013030030010002102011201221121013111202213230322300212233011210310
10000001000102001000101000111020102003012013030030010002102011201221121013111202213230322300212233011210311
10000001000102001000101000111020102003012013030030010002102011201221121013111202213230322300212233011210312
1000000100010200100010100011102010200301201303003001000210201120122112101311120221323032230021223301121031320
10000001000102001000101000111020102003012013030030010002102011201221121013111202213230322300212233011210313210
10000001000102001000101000111020102003012013030030010002102011201221121013111202213230322300212233011210313211
10000001000102001000101000111020102003012013030030010002102011201221121013111202213230322300212233011210313212
10000001000102001000101000111020102003012013030030010002102011201221121013111202213230322300212233011210313213
10000001000102001000101000111020102003012013030030010002102011201221121013111202213230322300212233011210313220330
10000001000102001000101000111020102003012013030030010002102011201221121013111202213230322300212233011210313220331
10000001000102001000101000111020102003012013030030010002102011201221121013111202213230322300212233011210313220332131
100000010001020010001010001110201020030120130300300100021020112012211210131112022132303223002122330112103132203321321
100000010001020010001010001110201020030120130300300100021020112012211210131112022132303223002122330112103132203321322302202
100000010001020010001010001110201020030120130300300100021020112012211210131112022132303223002122330112103132203321322302203
100000010001020010001010001110201020030120130300300100021020112012211210131112022132303223002122330112103132203321322302213
10000001000102001000101000111020102003012013030030010002102011201221121013111202213230322300212233011210313220332132230222011
100000010001020010001010001110201020030120130300300100021020112012211210131112022132303223002122330112103132203321322302220122
1000000100010200100010100011102010200301201303003001000210201120122112101311120221323032230021223301121031322033213223022201231
1000000100010200100010100011102010200301201303003001000210201120122112101311120221323032230021223301121031322033213223022201232
1000000100010200100010100011102010200301201303003001000210201120122112101311120221323032230021223301121031322033213223022201233310333
1000000100010200100010100011102010200301201303003001000210201120122112101311120221323032230021223301121031322033213223022201233311301
1000000100010200100010100011102010200301201303003001000210201120122112101311120221323032230021223301121031322033213223022201233311302
1000000100010200100010100011102010200301201303003001000210201120122112101311120221323032230021223301121031322033213223022201233311303
100000010001020010001010001110201020030120130300300100021020112012211210131112022132303223002122330112103132203321322302220123331131023
10000001000102001000101000111020102003012013030030010002102011201221121013111202213230322300212233011210313220332132230222012333113103
10000001000102001000101000111020102003012013030030010002102011201221121013111202213230322300212233011210313220332132230222012333113110
10000001000102001000101000111020102003012013030030010002102011201221121013111202213230322300212233011210313220332132230222012333113111
10000001000102001000101000111020102003012013030030010002102011201221121013111202213230322300212233011210313220332132230222012333113112
10000001000102001000101000111020102003012013030030010002102011201221121013111202213230322300212233011210313220332132230222012333113113
10000001000102001000101000111020102003012013030030010002102011201221121013111202213230322300212233011210313220332132230222012333113120
10000001000102001000101000111020102003012013030030010002102011201221121013111202213230322300212233011210313220332132230222012333113121
10000001000102001000101000111020102003012013030030010002102011201221121013111202213230322300212233011210313220332132230222012333113122
10000001000102001000101000111020102003012013030030010002102011201221121013111202213230322300212233011210313220332132230222012333113123
10000001000102001000101000111020102003012013030030010002102011201221121013111202213230322300212233011210313220332132230222012333113130
10000001000102001000101000111020102003012013030030010002102011201221121013111202213230322300212233011210313220332132230222012333113131
10000001000102001000101000111020102003012013030030010002102011201221121013111202213230322300212233011210313220332132230222012333113132
10000001000102001000101000111020102003012013030030010002102011201221121013111202213230322300212233011210313220332132230222012333113133203200
10000001000102001000101000111020102003012013030030010002102011201221121013111202213230322300212233011210313220332132230222012333113133203201
10000001000102001000101000111020102003012013030030010002102011201221121013111202213230322300212233011210313220332132230222012333113133203202
10000001000102001000101000111020102003012013030030010002102011201221121013111202213230322300212233011210313220332132230222012333113133203203
10000001000102001000101000111020102003012013030030010002102011201221121013111202213230322300212233011210313220332132230222012333113133203210
10000001000102001000101000111020102003012013030030010002102011201221121013111202213230322300212233011210313220332132230222012333113133203211
1000000100010200100010100011102010200301201303003001000210201120122112101311120221323032230021223301121031322033213223022201233311313320321230
1000000100010200100010100011102010200301201303003001000210201120122112101311120221323032230021223301121031322033213223022201233311313320321231
1000000100010200100010100011102010200301201303003001000210201120122112101311120221323032230021223301121031322033213223022201233311313320321232
1000000100010200100010100011102010200301201303003001000210201120122112101311120221323032230021223301121031322033213223022201233311313320321233
1000000100010200100010100011102010200301201303003001000210201120122112101311120221323032230021223301121031322033213223022201233311313320321330
1000000100010200100010100011102010200301201303003001000210201120122112101311120221323032230021223301121031322033213223022201233311313320321331
1000000100010200100010100011102010200301201303003001000210201120122112101311120221323032230021223301121031322033213223022201233311313320321332
1000000100010200100010100011102010200301201303003001000210201120122112101311120221323032230021223301121031322033213223022201233311313320321333
1000000100010200100010100011102010200301201303003001000210201120122112101311120221323032230021223301121031322033213223022201233311313320322020
10000001000102001000101000111020102003012013030030010002102011201221121013111202213230322300212233011210313220332132230222012333113133203220212
10000001000102001000101000111020102003012013030030010002102011201221121013111202213230322300212233011210313220332132230222012333113133203220213
10000001000102001000101000111020102003012013030030010002102011201221121013111202213230322300212233011210313220332132230222012333113133203220221
10000001000102001000101000111020102003012013030030010002102011201221121013111202213230322300212233011210313220332132230222012333113133203220222303
100000010001020010001010001110201020030120130300300100021020112012211210131112022132303223002122330112103132203321322302220123331131332032202223130
100000010001020010001010001110201020030120130300300100021020112012211210131112022132303223002122330112103132203321322302220123331131332032202223131
100000010001020010001010001110201020030120130300300100021020112012211210131112022132303223002122330112103132203321322302220123331131332032202223132
100000010001020010001010001110201020030120130300300100021020112012211210131112022132303223002122330112103132203321322302220123331131332032202223133
10000001000102001000101000111020102003012013030030010002102011201221121013111202213230322300212233011210313220332132230222012333113133203220222323
1000000100010200100010100011102010200301201303003001000210201120122112101311120221323032230021223301121031322033213223022201233311313320322022233
1000000100010200100010100011102010200301201303003001000210201120122112101311120221323032230021223301121031322033213223022201233311313320322023
100000010001020010001010001110201020030120130300300100021020112012211210131112022132303223002122330112103132203321322302220123331131332032203011
10000001000102001000101000111020102003012013030030010002102011201221121013111202213230322300212233011210313220332132230222012333113133203220301230
10000001000102001000101000111020102003012013030030010002102011201221121013111202213230322300212233011210313220332132230222012333113133203220301231
10000001000102001000101000111020102003012013030030010002102011201221121013111202213230322300212233011210313220332132230222012333113133203220301232
10000001000102001000101000111020102003012013030030010002102011201221121013111202213230322300212233011210313220332132230222012333113133203220301233
100000010001020010001010001110201020030120130300300100021020112012211210131112022132303223002122330112103132203321322302220123331131332032203013
100000010001020010001010001110201020030120130300300100021020112012211210131112022132303223002122330112103132203321322302220123331131332032203021
100000010001020010001010001110201020030120130300300100021020112012211210131112022132303223002122330112103132203321322302220123331131332032203022
100000010001020010001010001110201020030120130300300100021020112012211210131112022132303223002122330112103132203321322302220123331131332032203023
100000010001020010001010001110201020030120130300300100021020112012211210131112022132303223002122330112103132203321322302220123331131332032203031
100000010001020010001010001110201020030120130300300100021020112012211210131112022132303223002122330112103132203321322302220123331131332032203032
1000000100010200100010100011102010200301201303003001000210201120122112101311120221323032230021223301121031322033213223022201233311313320322030333
10000001000102001000101000111020102003012013030030010002102011201221121013111202213230322300212233011210313220332132230222012333113133203220312
10000001000102001000101000111020102003012013030030010002102011201221121013111202213230322300212233011210313220332132230222012333113133203220313
10000001000102001000101000111020102003012013030030010002102011201221121013111202213230322300212233011210313220332132230222012333113133203220323
10000001000102001000101000111020102003012013030030010002102011201221121013111202213230322300212233011210313220332132230222012333113133203220331
10000001000102001000101000111020102003012013030030010002102011201221121013111202213230322300212233011210313220332132230222012333113133203220332
10000001000102001000101000111020102003012013030030010002102011201221121013111202213230322300212233011210313220332132230222012333113133203220333
10000001000102001000101000111020102003012013030030010002102011201221121013111202213230322300212233011210313220332132230222012333113133203221
10000001000102001000101000111020102003012013030030010002102011201221121013111202213230322300212233011210313220332132230222012333113133203222
10000001000102001000101000111020102003012013030030010002102011201221121013111202213230322300212233011210313220332132230222012333113133203223
10000001000102001000101000111020102003012013030030010002102011201221121013111202213230322300212233011210313220332132230222013
100000010001020010001010001110201020030120130300300100021020112012211210131112022132303223002122330112103132203321322302220230
100000010001020010001010001110201020030120130300300100021020112012211210131112022132303223002122330112103132203321322302220231
100000010001020010001010001110201020030120130300300100021020112012211210131112022132303223002122330112103132203321322302220232
100000010001020010001010001110201020030120130300300100021020112012211210131112022132303223002122330112103132203321322302220233
1000000100010200100010100011102010200301201303003001000210201120122112101311120221323032230021223301121031322033213223022203
1000000100010200100010100011102010200301201303003001000210201120122112101311120221323032230021223301121031322033213223022210
1000000100010200100010100011102010200301201303003001000210201120122112101311120221323032230021223301121031322033213223022211
1000000100010200100010100011102010200301201303003001000210201120122112101311120221323032230021223301121031322033213223022212
1000000100010200100010100011102010200301201303003001000210201120122112101311120221323032230021223301121031322033213223022213
1000000100010200100010100011102010200301201303003001000210201120122112101311120221323032230021223301121031322033213223022220
1000000100010200100010100011102010200301201303003001000210201120122112101311120221323032230021223301121031322033213223022221
1000000100010200100010100011102010200301201303003001000210201120122112101311120221323032230021223301121031322033213223022222
1000000100010200100010100011102010200301201303003001000210201120122112101311120221323032230021223301121031322033213223022223
1000000100010200100010100011102010200301201303003001000210201120122112101311120221323032230021223301121031322033213223022230
1000000100010200100010100011102010200301201303003001000210201120122112101311120221323032230021223301121031322033213223022231
1000000100010200100010100011102010200301201303003001000210201120122112101311120221323032230021223301121031322033213223022232
1000000100010200100010100011102010200301201303003001000210201120122112101311120221323032230021223301121031322033213223022233
1000000100010200100010100011102010200301201303003001000210201120122112101311120221323032231
1000000100010200100010100011102010200301201303003001000210201120122112101311120221323032232
1000000100010200100010100011102010200301201303003001000210201120122112101311120221323032233
1000000100010200100010100011102010200301201303003001000210201120122112101311120222
1000000100010200100010100011102010200301201303003001000210201120122112101311120223
100000010001020010001010001110201020030120130300300100021020112012211211
100000010001020010001010001110201020030120130300300100021020112012211212
100000010001020010001010001110201020030120130300300100021020112012211213
10000001000102001000101000111020102003012013030030010002102011202
10000001000102001000101000111020102003012013030030010002102011203
10000001000102001000101000111020102003012013030030010002102011211
10000001000102001000101000111020102003012013030030010002102011212
10000001000102001000101000111020102003012013030030010002102011213
1000000100010200100010100011102010200301201303003001000210201122
1000000100010200100010100011102010200301201303003001000210201123
1000000100010200100010100011102010200301201303003001000210202
1000000100010200100010100011102010200301201303003001000210203
100000010001020010001010001111
100000010001020010001010001112
100000010001020010001010001113
1000000100010200100010101
1000000100010200100010102
1000000100010200100010103
1000000100010201
1000000100010202
1000000100010203
30000100000000100010200101020020101110300
30000100000000100010200101020020101110301210200130202112010
30000100000000100010200101020020101110301210200130202112011
3000010000000010001020010102002010111030121020013020211201220300100122112100
300001000000001000102001010200201011103012102001302021120122030010012211210131030220
300001000000001000102001010200201011103012102001302021120122030010012211210131030221120320
300001000000001000102001010200201011103012102001302021120122030010012211210131030221120321
3000010000000010001020010102002010111030121020013020211201220300100122112101310302211203223011210230
30000100000000100010200101020020101110301210200130202112012203001001221121013103022112032230112102310
30000100000000100010200101020020101110301210200130202112012203001001221121013103022112032230112102311
30000100000000100010200101020020101110301210200130202112012203001001221121013103022112032230112102312
300001000000001000102001010200201011103012102001302021120122030010012211210131030221120322301121023131
3000010000000010001020010102002010111030121020013020211201220300100122112101310302211203223011210231320330
30000100000000100010200101020020101110301210200130202112012203001001221121013103022112032230112102313203310
30000100000000100010200101020020101110301210200130202112012203001001221121013103022112032230112102313203311
30000100000000100010200101020020101110301210200130202112012203001001221121013103022112032230112102313203312
300001000000001000102001010200201011103012102001302021120122030010012211210131030221120322301121023132033133103130
300001000000001000102001010200201011103012102001302021120122030010012211210131030221120322301121023132033133103131
300001000000001000102001010200201011103012102001302021120122030010012211210131030221120322301121023132033133103132
300001000000001000102001010200201011103012102001302021120122030010012211210131030221120322301121023132033133103133
30000100000000100010200101020020101110301210200130202112012203001001221121013103022112032230112102313203313310321
300001000000001000102001010200201011103012102001302021120122030010012211210131030221120322301121023132033133103221
30000100000000100010200101020020101110301210200130202112012203001001221121013103022112032230112102313203313310322203
300001000000001000102001010200201011103012102001302021120122030010012211210131030221120322301121023132033133103222133
30000100000000100010200101020020101110301210200130202112012203001001221121013103022112032230112102313203313310322222
30000100000000100010200101020020101110301210200130202112012203001001221121013103022112032230112102313203313310322223
30000100000000100010200101020020101110301210200130202112012203001001221121013103022112032230112102313203313310322232302202
30000100000000100010200101020020101110301210200130202112012203001001221121013103022112032230112102313203313310322232302203
30000100000000100010200101020020101110301210200130202112012203001001221121013103022112032230112102313203313310322232302213
3000010000000010001020010102002010111030121020013020211201220300100122112101310302211203223011210231320331331032223230222011
3000010000000010001020010102002010111030121020013020211201220300100122112101310302211203223011210231320331331032223230222012
300001000000001000102001010200201011103012102001302021120122030010012211210131030221120322301121023132033133103222323022201311301
300001000000001000102001010200201011103012102001302021120122030010012211210131030221120322301121023132033133103222323022201311302
300001000000001000102001010200201011103012102001302021120122030010012211210131030221120322301121023132033133103222323022201311303
300001000000001000102001010200201011103012102001302021120122030010012211210131030221120322301121023132033133103222323022201311310232
300001000000001000102001010200201011103012102001302021120122030010012211210131030221120322301121023132033133103222323022201311310233203200
300001000000001000102001010200201011103012102001302021120122030010012211210131030221120322301121023132033133103222323022201311310233203201
300001000000001000102001010200201011103012102001302021120122030010012211210131030221120322301121023132033133103222323022201311310233203202
300001000000001000102001010200201011103012102001302021120122030010012211210131030221120322301121023132033133103222323022201311310233203203
300001000000001000102001010200201011103012102001302021120122030010012211210131030221120322301121023132033133103222323022201311310233203210
300001000000001000102001010200201011103012102001302021120122030010012211210131030221120322301121023132033133103222323022201311310233203211
30000100000000100010200101020020101110301210200130202112012203001001221121013103022112032230112102313203313310322232302220131131023320321230
30000100000000100010200101020020101110301210200130202112012203001001221121013103022112032230112102313203313310322232302220131131023320321231
30000100000000100010200101020020101110301210200130202112012203001001221121013103022112032230112102313203313310322232302220131131023320321232
30000100000000100010200101020020101110301210200130202112012203001001221121013103022112032230112102313203313310322232302220131131023320321233
30000100000000100010200101020020101110301210200130202112012203001001221121013103022112032230112102313203313310322232302220131131023320321330
30000100000000100010200101020020101110301210200130202112012203001001221121013103022112032230112102313203313310322232302220131131023320321331
30000100000000100010200101020020101110301210200130202112012203001001221121013103022112032230112102313203313310322232302220131131023320321332
30000100000000100010200101020020101110301210200130202112012203001001221121013103022112032230112102313203313310322232302220131131023320321333
30000100000000100010200101020020101110301210200130202112012203001001221121013103022112032230112102313203313310322232302220131131023320322020
300001000000001000102001010200201011103012102001302021120122030010012211210131030221120322301121023132033133103222323022201311310233203220212
300001000000001000102001010200201011103012102001302021120122030010012211210131030221120322301121023132033133103222323022201311310233203220213
300001000000001000102001010200201011103012102001302021120122030010012211210131030221120322301121023132033133103222323022201311310233203220221
300001000000001000102001010200201011103012102001302021120122030010012211210131030221120322301121023132033133103222323022201311310233203220222303
3000010000000010001020010102002010111030121020013020211201220300100122112101310302211203223011210231320331331032223230222013113102332032202223130
3000010000000010001020010102002010111030121020013020211201220300100122112101310302211203223011210231320331331032223230222013113102332032202223131
3000010000000010001020010102002010111030121020013020211201220300100122112101310302211203223011210231320331331032223230222013113102332032202223132
30000100000000100010200101020020101110301210200130202112012203001001221121013103022112032230112102313203313310322232302220131131023320322022231333
300001000000001000102001010200201011103012102001302021120122030010012211210131030221120322301121023132033133103222323022201311310233203220222323
30000100000000100010200101020020101110301210200130202112012203001001221121013103022112032230112102313203313310322232302220131131023320322022233
30000100000000100010200101020020101110301210200130202112012203001001221121013103022112032230112102313203313310322232302220131131023320322023
300001000000001000102001010200201011103012102001302021120122030010012211210131030221120322301121023132033133103222323022201311310233203220301110
300001000000001000102001010200201011103012102001302021120122030010012211210131030221120322301121023132033133103222323022201311310233203220301111
300001000000001000102001010200201011103012102001302021120122030010012211210131030221120322301121023132033133103222323022201311310233203220301112
300001000000001000102001010200201011103012102001302021120122030010012211210131030221120322301121023132033133103222323022201311310233203220301113
300001000000001000102001010200201011103012102001302021120122030010012211210131030221120322301121023132033133103222323022201311310233203220301120
300001000000001000102001010200201011103012102001302021120122030010012211210131030221120322301121023132033133103222323022201311310233203220301121
300001000000001000102001010200201011103012102001302021120122030010012211210131030221120322301121023132033133103222323022201311310233203220301122
300001000000001000102001010200201011103012102001302021120122030010012211210131030221120322301121023132033133103222323022201311310233203220301123
300001000000001000102001010200201011103012102001302021120122030010012211210131030221120322301121023132033133103222323022201311310233203220301130
300001000000001000102001010200201011103012102001302021120122030010012211210131030221120322301121023132033133103222323022201311310233203220301131
300001000000001000102001010200201011103012102001302021120122030010012211210131030221120322301121023132033133103222323022201311310233203220301132
3000010000000010001020010102002010111030121020013020211201220300100122112101310302211203223011210231320331331032223230222013113102332032203011333
300001000000001000102001010200201011103012102001302021120122030010012211210131030221120322301121023132033133103222323022201311310233203220301230
300001000000001000102001010200201011103012102001302021120122030010012211210131030221120322301121023132033133103222323022201311310233203220301231
300001000000001000102001010200201011103012102001302021120122030010012211210131030221120322301121023132033133103222323022201311310233203220301232
300001000000001000102001010200201011103012102001302021120122030010012211210131030221120322301121023132033133103222323022201311310233203220301233
3000010000000010001020010102002010111030121020013020211201220300100122112101310302211203223011210231320331331032223230222013113102332032203013
3000010000000010001020010102002010111030121020013020211201220300100122112101310302211203223011210231320331331032223230222013113102332032203021
3000010000000010001020010102002010111030121020013020211201220300100122112101310302211203223011210231320331331032223230222013113102332032203022
3000010000000010001020010102002010111030121020013020211201220300100122112101310302211203223011210231320331331032223230222013113102332032203023
3000010000000010001020010102002010111030121020013020211201220300100122112101310302211203223011210231320331331032223230222013113102332032203031
3000010000000010001020010102002010111030121020013020211201220300100122112101310302211203223011210231320331331032223230222013113102332032203032
3000010000000010001020010102002010111030121020013020211201220300100122112101310302211203223011210231320331331032223230222013113102332032203033
300001000000001000102001010200201011103012102001302021120122030010012211210131030221120322301121023132033133103222323022201311310233203220311
300001000000001000102001010200201011103012102001302021120122030010012211210131030221120322301121023132033133103222323022201311310233203220312
300001000000001000102001010200201011103012102001302021120122030010012211210131030221120322301121023132033133103222323022201311310233203220313
300001000000001000102001010200201011103012102001302021120122030010012211210131030221120322301121023132033133103222323022201311310233203220323
300001000000001000102001010200201011103012102001302021120122030010012211210131030221120322301121023132033133103222323022201311310233203220332
300001000000001000102001010200201011103012102001302021120122030010012211210131030221120322301121023132033133103222323022201311310233203220333
300001000000001000102001010200201011103012102001302021120122030010012211210131030221120322301121023132033133103222323022201311310233203221
300001000000001000102001010200201011103012102001302021120122030010012211210131030221120322301121023132033133103222323022201311310233203222
300001000000001000102001010200201011103012102001302021120122030010012211210131030221120322301121023132033133103222323022201311310233203223
3000010000000010001020010102002010111030121020013020211201220300100122112101310302211203223011210231320331331032223230222013113103
30000100000000100010200101020020101110301210200130202112012203001001221121013103022112032230112102313203313310322232302220230
30000100000000100010200101020020101110301210200130202112012203001001221121013103022112032230112102313203313310322232302220231
30000100000000100010200101020020101110301210200130202112012203001001221121013103022112032230112102313203313310322232302220232
30000100000000100010200101020020101110301210200130202112012203001001221121013103022112032230112102313203313310322232302220233
300001000000001000102001010200201011103012102001302021120122030010012211210131030221120322301121023132033133103222323022203
300001000000001000102001010200201011103012102001302021120122030010012211210131030221120322301121023132033133103222323022210
300001000000001000102001010200201011103012102001302021120122030010012211210131030221120322301121023132033133103222323022211
300001000000001000102001010200201011103012102001302021120122030010012211210131030221120322301121023132033133103222323022212
300001000000001000102001010200201011103012102001302021120122030010012211210131030221120322301121023132033133103222323022213
300001000000001000102001010200201011103012102001302021120122030010012211210131030221120322301121023132033133103222323022220
300001000000001000102001010200201011103012102001302021120122030010012211210131030221120322301121023132033133103222323022221
300001000000001000102001010200201011103012102001302021120122030010012211210131030221120322301121023132033133103222323022222
300001000000001000102001010200201011103012102001302021120122030010012211210131030221120322301121023132033133103222323022223
300001000000001000102001010200201011103012102001302021120122030010012211210131030221120322301121023132033133103222323022230
300001000000001000102001010200201011103012102001302021120122030010012211210131030221120322301121023132033133103222323022231
300001000000001000102001010200201011103012102001302021120122030010012211210131030221120322301121023132033133103222323022232
300001000000001000102001010200201011103012102001302021120122030010012211210131030221120322301121023132033133103222323022233
30000100000000100010200101020020101110301210200130202112012203001001221121013103022112032231
30000100000000100010200101020020101110301210200130202112012203001001221121013103022112032232
30000100000000100010200101020020101110301210200130202112012203001001221121013103022112032233
300001000000001000102001010200201011103012102001302021120122030010012211210131030222
300001000000001000102001010200201011103012102001302021120122030010012211210131030223
300001000000001000102001010200201011103012102001302021120122030010012211211
300001000000001000102001010200201011103012102001302021120122030010012211212
300001000000001000102001010200201011103012102001302021120122030010012211213
30000100000000100010200101020020101110301210200130202112012203001002
30000100000000100010200101020020101110301210200130202112012203001003
300001000000001000102001010200201011103012102001302021120122030011
300001000000001000102001010200201011103012102001302021120122030012
300001000000001000102001010200201011103012102001302021120122030013
3000010000000010001020010102002010111030121020013020211202
3000010000000010001020010102002010111030121020013020211203
300001000000001000102001010200201011103012102001302021121
300001000000001000102001010200201011103012102001302021122
300001000000001000102001010200201011103012102001302021123
30000100000000100010200101020020101111
30000100000000100010200101020020101112
30000100000000100010200101020020101113
30000100000000100010201
30000100000000100010202
30000100000000100010203
30000101
30000102
30000103
