0000000000
010
02000
0300
001000
0020
00300
000100
000200
00030
000010
000020
0000300
0000010
0000020
00000300
00000010
00000020
00000030
000000010
000000020
000000030
0000000010
0000000020
0000000030
0000000001
0000000002
0000000003
011
012
013
0210
0220
0230
02010
02020
02030
02001
02002
02003
0310
0320
0330
0301
0302
0303
00110
00120
00130
001010
001020
001030
001001
001002
001003
0021
0022
0023
00310
003200
00330
00301
00302
00303
000110
000120
000130
000101
000102
000103
000210
000220
000230
000201
000202
000203
00031
00032
00033
000011
000012
000013
000021
000022
000023
0000310
0000320
0000330
0000301
0000302
0000303
0000011
0000012
0000013
0000021
0000022
0000023
00000310
00000320
00000330
00000301
00000302
00000303
000000110
000000120
000000130
00000021
00000022
00000023
00000031
00000032
00000033
000000011
000000012
000000013
000000021
000000022
000000023
000000031
000000032
000000033
0000000011
0000000012
0000000013
0000000021
0000000022
0000000023
0000000031
0000000032
0000000033
0211
0212
0213
0221
0222
0223
0231
0232
0233
02011
02012
02013
02021
02022
02023
02031
02032
02033
0311
0312
0313
0321
0322
0323
0331
0332
0333
00111
00112
00113
00121
00122
00123
00131
00132
00133
001011
001012
001013
001021
001022
001023
001031
001032
001033
00311
00312
00313
003210
003220
003230
003201
003202
003203
00331
00332
00333
000111
000112
000113
000121
000122
000123
000131
000132
000133
000211
000212
000213
000221
000222
000223
000231
000232
000233
0000311
0000312
0000313
0000321
0000322
0000323
0000331
0000332
0000333
00000311
00000312
00000313
00000321
00000322
00000323
00000331
00000332
00000333
000000111
000000112
000000113
000000121
000000122
000000123
000000131
000000132
000000133
003211
003212
003213
003221
003222
003223
003231
003232
003233
20000000000
210
22
2300
2010
202000
20300
2001000
20020
20030
2000100
2000200
200030
2000010
2000020
20000300
20000010
20000020
200000300
200000010
200000020
200000030
2000000010
2000000020
2000000030
20000000010
20000000020
20000000030
20000000001
20000000002
20000000003
211
212
213
2310
23200
2330
2301
2302
2303
2011
2012
2013
20210
20220
20230
202010
202020
202030
202001
202002
202003
20310
20320
20330
20301
20302
20303
200110
200120
200130
2001010
2001020
2001030
2001001
2001002
2001003
20021
20022
20023
20031
20032
20033
2000110
2000120
2000130
2000101
2000102
2000103
2000210
2000220
2000230
2000201
2000202
2000203
200031
200032
200033
2000011
2000012
2000013
2000021
2000022
2000023
20000310
20000320
20000330
20000301
20000302
20000303
20000011
20000012
20000013
20000021
20000022
20000023
200000310
200000320
200000330
200000301
200000302
200000303
200000011
200000012
200000013
200000021
200000022
200000023
200000031
200000032
200000033
2000000011
2000000012
2000000013
2000000021
2000000022
2000000023
2000000031
2000000032
2000000033
20000000011
20000000012
20000000013
20000000021
20000000022
20000000023
20000000031
20000000032
20000000033
2311
2312
2313
23210
23220
23230
23201
23202
23203
2331
2332
2333
20211
20212
20213
20221
20222
20223
20231
20232
20233
202011
202012
202013
202021
202022
202023
202031
202032
202033
20311
20312
20313
20321
20322
20323
20331
20332
20333
200111
200112
200113
200121
200122
200123
200131
200132
200133
2001011
2001012
2001013
2001021
2001022
2001023
2001031
2001032
2001033
2000111
2000112
2000113
2000121
2000122
2000123
2000131
2000132
2000133
2000211
2000212
2000213
2000221
2000222
2000223
2000231
2000232
2000233
20000311
20000312
20000313
20000321
20000322
20000323
20000331
20000332
20000333
200000311
200000312
200000313
200000321
200000322
200000323
200000331
200000332
200000333
23211
23212
23213
23221
23222
23223
23231
23232
23233
1000
110000
1200000000
13000
101000
1020
1030
1001
1002
1003
1110
1120
1130
110100
11020
11030
110010
1100200
110030
110001
110002
110003
121
1220
1230
12010
12020
120300
120010
120020
120030
1200010
1200020
1200030
12000010
12000020
12000030
120000010
120000020
120000030
1200000010
1200000020
1200000030
1200000001
1200000002
1200000003
1310
1320
1330
13010
13020
13030
13001
13002
13003
10110
10120
10130
101010
101020
101030
101001
101002
101003
1021
1022
1023
1031
1032
1033
1111
1112
1113
1121
1122
1123
1131
1132
1133
110110
1101200
110130
110101
110102
110103
11021
11022
11023
11031
11032
11033
110011
110012
110013
1100210
1100220
1100230
1100201
1100202
1100203
110031
110032
110033
1221
1222
1223
1231
1232
1233
12011
12012
12013
12021
12022
12023
120310
120320
120330
120301
120302
120303
120011
120012
120013
120021
120022
120023
120031
120032
120033
1200011
1200012
1200013
1200021
1200022
1200023
1200031
1200032
1200033
12000011
12000012
12000013
12000021
12000022
12000023
12000031
12000032
12000033
120000011
120000012
120000013
120000021
120000022
120000023
120000031
120000032
120000033
1200000011
1200000012
1200000013
1200000021
1200000022
1200000023
1200000031
1200000032
1200000033
1311
1312
1313
1321
1322
1323
1331
1332
1333
13011
13012
13013
13021
13022
13023
13031
13032
13033
10111
10112
10113
10121
10122
10123
10131
10132
10133
101011
101012
101013
101021
101022
101023
101031
101032
101033
110111
110112
110113
1101210
1101220
1101230
1101201
1101202
1101203
110131
110132
110133
1100211
1100212
1100213
1100221
1100222
1100223
1100231
1100232
1100233
120311
120312
120313
120321
120322
120323
120331
120332
120333
1101211
1101212
1101213
1101221
1101222
1101223
1101231
1101232
1101233
30000
310000000
3200
33000
3010000
30200
3030
3001000
30020
30030
30001
30002
30003
3110
3120
31300
31010
31020
31030
310010
310020
310030
3100010
3100020
31000300
31000010
31000020
31000030
310000010
310000020
310000030
310000001
310000002
310000003
3210
3220
3230
3201
3202
3203
3310
3320
3330
33010
33020
33030
33001
33002
33003
30110
30120
30130
301010
301020
301030
3010010
3010020
3010030
3010001
3010002
3010003
30210
30220
3023
30201
30202
30203
3031
3032
3033
300110
300120
300130
3001010
3001020
3001030
3001001
3001002
3001003
30021
30022
30023
30031
30032
30033
3111
3112
3113
3121
3122
3123
31310
31320
31330
31301
31302
31303
31011
31012
31013
31021
31022
31023
31031
31032
31033
310011
310012
310013
310021
310022
310023
310031
310032
310033
3100011
3100012
3100013
3100021
3100022
3100023
31000310
31000320
31000330
31000301
31000302
31000303
31000011
31000012
31000013
31000021
31000022
31000023
31000031
31000032
31000033
310000011
310000012
310000013
310000021
310000022
310000023
310000031
310000032
310000033
3211
3212
3213
3221
3222
3223
3231
3232
3233
3311
3312
3313
3321
3322
3323
3331
3332
3333
33011
33012
33013
33021
33022
33023
33031
33032
33033
30111
30112
30113
30121
30122
30123
30131
30132
30133
301011
301012
301013
301021
301022
301023
301031
301032
301033
3010011
3010012
3010013
3010021
3010022
3010023
3010031
3010032
3010033
30211
30212
30213
30221
30222
30223
300111
300112
300113
300121
300122
300123
300131
300132
300133
3001011
3001012
3001013
3001021
3001022
3001023
3001031
3001032
3001033
31311
31312
31313
31321
31322
31323
31331
31332
31333
31000311
31000312
31000313
31000321
31000322
31000323
31000331
31000332
31000333
