0 11 8 4 13 12 19 16 5 16
0 16
0 0
0 6 16
0 11 16
0 11 17 3 3
0 11 14 4
0 11 8 15 9 19
0 11 8 6
0 11 8 4 2 17
0 11 8 4 7 15
0 11 8 4 13 4
0 11 8 4 13 18 12
0 11 8 4 13 12 8
0 11 8 4 13 12 3
0 11 8 4 13 12 1 9
0 11 8 4 13 12 19 0
0 11 8 4 13 12 19 2
0 11 8 4 13 12 19 16 2
0 11 8 4 13 12 19 16 0
0 11 8 4 13 12 19 16 1
0 11 8 4 13 12 19 16 5 7
0 11 8 4 13 12 19 16 5 19
0 6 11
0 6 10 19
0 11 17 6
0 11 17 9
0 11 17 2
0 11 17 3 17
0 11 17 3 18
0 11 17 3 4
0 11 14 14
0 11 14 5
0 11 14 19
0 11 8 15 15
0 11 8 15 18
0 11 8 15 9 9
0 11 8 15 9 4
0 11 8 15 9 18
0 11 8 4 2 19
0 11 8 4 2 13
0 11 8 4 2 11
0 11 8 4 7 8
0 11 8 4 7 2
0 11 8 4 7 18
0 11 8 4 13 18 2
0 11 8 4 13 18 16
0 11 8 4 13 12 1 6
0 11 8 4 13 12 1 13
0 6 10 3
0 6 10 8
0 6 10 14
