0,15,2,4,5,4
0,5
0,12,6,17,5
0,1,3,15
0,15,7,8,6
0,15,11,8
0,15,16,7
0,15,2,6
0,15,2,1
0,15,2,4,16
0,15,2,4,11
0,15,2,4,12
0,15,2,4,5,9,6
0,15,2,4,5,0
0,12,10,2
0,12,4
0,12,5
0,12,6,2
0,12,6,12
0,12,6,19,2
0,12,6,17,10
0,12,6,17,16
0,12,6,17,8
0,1,4
0,1,5
0,1,2
0,1,3,8
0,1,3,18,16
0,1,3,12
0,15,7,18
0,15,7,14,2
0,15,7,8,4
0,15,7,8,14
0,15,7,8,18
0,15,11,18
0,15,11,9
0,15,16,10
0,15,16,5
0,15,2,4,5,9,15
0,15,2,4,5,9,11
0,12,10,13,19
0,12,10,11
0,12,10,17
0,12,6,19,10
0,12,6,19,5
0,12,6,19,11
0,1,3,18,8
0,1,3,18,11
0,1,3,18,0
0,15,7,14,5
0,15,7,14,9
0,15,7,14,6
0,12,10,13,2
0,12,10,13,18
