00000100001001010010202030
0000010000100101001020203110
000001000010010100102020311120030110201011120300
00000100001001010010202031112003011020101112030130
0000010000100101001020203111200301102010111203013121
00000100001001010010202031112003011020101112030131220
0000010000100101001020203111200301102010111203013122130
00000100001001010010202031112003011020101112030131221313201110
00000100001001010010202031112003011020101112030131221313201111
0000010000100101001020203111200301102010111203013122131320111220
0000010000100101001020203111200301102010111203013122131320111221
00000100001001010010202031112003011020101112030131221313201112223021
0000010000100101001020203111200301102010111203013122131320111222302230
0000010000100101001020203111200301102010111203013122131320111222302231
0000010000100101001020203111200301102010111203013122131320111222302232
000001000010010100102020311120030110201011120301312213132011122230223311
0000010000100101001020203111200301102010111203013122131320111222302233121302
0000010000100101001020203111200301102010111203013122131320111222302233121303213
00000100001001010010202031112003011020101112030131221313201112223022331213032200102
00000100001001010010202031112003011020101112030131221313201112223022331213032200103
0000010000100101001020203111200301102010111203013122131320111222302233121303220011
00000100001001010010202031112003011020101112030131221313201112223022331213032200121302
00000100001001010010202031112003011020101112030131221313201112223022331213032200121303
00000100001001010010202031112003011020101112030131221313201112223022331213032200121310
0000010000100101001020203111200301102010111203013122131320111222302233121303220012131121
0000010000100101001020203111200301102010111203013122131320111222302233121303220012131122
00000100001001010010202031112003011020101112030131221313201112223022331213032200121311233123
000001000010010100102020311120030110201011120301312213132011122230223312130322001213112331310
000001000010010100102020311120030110201011120301312213132011122230223312130322001213112331311
00000100001001010010202031112003011020101112030131221313201112223022331213032200121311233131202232130
00000100001001010010202031112003011020101112030131221313201112223022331213032200121311233131202232131
00000100001001010010202031112003011020101112030131221313201112223022331213032200121311233131202232132
00000100001001010010202031112003011020101112030131221313201112223022331213032200121311233131202232133
000001000010010100102020311120030110201011120301312213132011122230223312130322001213112331312022322023230
000001000010010100102020311120030110201011120301312213132011122230223312130322001213112331312022322023231
000001000010010100102020311120030110201011120301312213132011122230223312130322001213112331312022322023232
000001000010010100102020311120030110201011120301312213132011122230223312130322001213112331312022322023233
0000010000100101001020203111200301102010111203013122131320111222302233121303220012131123313120223220233
00000100001001010010202031112003011020101112030131221313201112223022331213032200121311233131202232203132
00000100001001010010202031112003011020101112030131221313201112223022331213032200121311233131202232203133
000001000010010100102020311120030110201011120301312213132011122230223312130322001213112331312022322032
000001000010010100102020311120030110201011120301312213132011122230223312130322001213112331312022322033212202
000001000010010100102020311120030110201011120301312213132011122230223312130322001213112331312022322033212203
000001000010010100102020311120030110201011120301312213132011122230223312130322001213112331312022322033212212
000001000010010100102020311120030110201011120301312213132011122230223312130322001213112331312022322033212213
000001000010010100102020311120030110201011120301312213132011122230223312130322001213112331312022322033212223
000001000010010100102020311120030110201011120301312213132011122230223312130322001213112331312022322033212233
000001000010010100102020311120030110201011120301312213132011122230223312130322001213112331312022322033212302
0000010000100101001020203111200301102010111203013122131320111222302233121303220012131123313120223220332123031
0000010000100101001020203111200301102010111203013122131320111222302233121303220012131123313120223220332123032
0000010000100101001020203111200301102010111203013122131320111222302233121303220012131123313120223220332123033
0000010000100101001020203111200301102010111203013122131320111222302233121303220012131123313120223220332133
00000100001001010010202031112003011020101112030131221313201112223022331213032200121311233131202232203322
00000100001001010010202031112003011020101112030131221313201112223022331213032200121311233131202232203323
0000010000100101001020203111200301102010111203013122131320111222302233121303220012131123313120223220333
00000100001001010010202031112003011020101112030131221313201112223022331213032200121311233131203
0000010000100101001020203111200301102010111203013122131320111222303
0000010000100101001020203111200301102010111203013122132
0000010000100101001020203111200301102010111203013122133
000001000010010100102020311121
000001000010010100102020311122
000001000010010100102020311123
0000010000100101001020203112
0000010000100101001020203113
0000010000101
0000010000102
0000010000103
200000001001010010201002010110300
20000000100101001020100201011030120
2000000010010100102010020101103012130300
200000001001010010201002010110301213030111
20000000100101001020100201011030121303011202030
2000000010010100102010020101103012130301120203110
200000001001010010201002010110301213030112020311120201110
200000001001010010201002010110301213030112020311120201111
200000001001010010201002010110301213030112020311120201112130
2000000010010100102010020101103012130301120203111202011121312221
20000000100101001020100201011030121303011202031112020111213122223021
2000000010010100102010020101103012130301120203111202011121312222302230
2000000010010100102010020101103012130301120203111202011121312222302231
2000000010010100102010020101103012130301120203111202011121312222302232
20000000100101001020100201011030121303011202031112020111213122223022331131
2000000010010100102010020101103012130301120203111202011121312222302233113212213
20000000100101001020100201011030121303011202031112020111213122223022331132122200102
20000000100101001020100201011030121303011202031112020111213122223022331132122200103
2000000010010100102010020101103012130301120203111202011121312222302233113212220011
20000000100101001020100201011030121303011202031112020111213122223022331132122200121302
20000000100101001020100201011030121303011202031112020111213122223022331132122200121303
200000001001010010201002010110301213030112020311120201112131222230223311321222001213102
200000001001010010201002010110301213030112020311120201112131222230223311321222001213103232030
20000000100101001020100201011030121303011202031112020111213122223022331132122200121310323203121
20000000100101001020100201011030121303011202031112020111213122223022331132122200121310323203122
2000000010010100102010020101103012130301120203111202011121312222302233113212220012131032320312331132
2000000010010100102010020101103012130301120203111202011121312222302233113212220012131032320312331133
200000001001010010201002010110301213030112020311120201112131222230223311321222001213103232031233123
2000000010010100102010020101103012130301120203111202011121312222302233113212220012131032320312331310
2000000010010100102010020101103012130301120203111202011121312222302233113212220012131032320312331311
2000000010010100102010020101103012130301120203111202011121312222302233113212220012131032320312331312130
2000000010010100102010020101103012130301120203111202011121312222302233113212220012131032320312331312131
2000000010010100102010020101103012130301120203111202011121312222302233113212220012131032320312331312132
2000000010010100102010020101103012130301120203111202011121312222302233113212220012131032320312331312133
20000000100101001020100201011030121303011202031112020111213122223022331132122200121310323203123313122023230
20000000100101001020100201011030121303011202031112020111213122223022331132122200121310323203123313122023231
20000000100101001020100201011030121303011202031112020111213122223022331132122200121310323203123313122023232
20000000100101001020100201011030121303011202031112020111213122223022331132122200121310323203123313122023233
200000001001010010201002010110301213030112020311120201112131222230223311321222001213103232031233131220233
20000000100101001020100201011030121303011202031112020111213122223022331132122200121310323203123313122032
20000000100101001020100201011030121303011202031112020111213122223022331132122200121310323203123313122033212202
20000000100101001020100201011030121303011202031112020111213122223022331132122200121310323203123313122033212203
20000000100101001020100201011030121303011202031112020111213122223022331132122200121310323203123313122033212213
20000000100101001020100201011030121303011202031112020111213122223022331132122200121310323203123313122033212223
20000000100101001020100201011030121303011202031112020111213122223022331132122200121310323203123313122033212233
20000000100101001020100201011030121303011202031112020111213122223022331132122200121310323203123313122033212302
200000001001010010201002010110301213030112020311120201112131222230223311321222001213103232031233131220332123031
200000001001010010201002010110301213030112020311120201112131222230223311321222001213103232031233131220332123032
200000001001010010201002010110301213030112020311120201112131222230223311321222001213103232031233131220332123033
200000001001010010201002010110301213030112020311120201112131222230223311321222001213103232031233131220332133
2000000010010100102010020101103012130301120203111202011121312222302233113212220012131032320312331312203322
2000000010010100102010020101103012130301120203111202011121312222302233113212220012131032320312331312203323
200000001001010010201002010110301213030112020311120201112131222230223311321222001213103232031233131220333
2000000010010100102010020101103012130301120203111202011121312222302233113213
2000000010010100102010020101103012130301120203111202011121312222303
200000001001010010201002010110301213030112020311120201112132
200000001001010010201002010110301213030112020311120201112133
200000001001010010201002010110301213030112020311121
200000001001010010201002010110301213030112020311122
200000001001010010201002010110301213030112020311123
2000000010010100102010020101103012130301120203112
2000000010010100102010020101103012130301120203113
20000000101
20000000102
20000000103
1000000101000011010010202030
100000010100001101001020203120030110201011120300
10000001010000110100102020312003011020101112030130
1000000101000011010010202031200301102010111203013121
10000001010000110100102020312003011020101112030131220
1000000101000011010010202031200301102010111203013122130
10000001010000110100102020312003011020101112030131221313201110
10000001010000110100102020312003011020101112030131221313201111
1000000101000011010010202031200301102010111203013122131320111220
1000000101000011010010202031200301102010111203013122131320111221
10000001010000110100102020312003011020101112030131221313201112223021
1000000101000011010010202031200301102010111203013122131320111222302230
1000000101000011010010202031200301102010111203013122131320111222302231
1000000101000011010010202031200301102010111203013122131320111222302232
100000010100001101001020203120030110201011120301312213132011122230223311
1000000101000011010010202031200301102010111203013122131320111222302233121302
1000000101000011010010202031200301102010111203013122131320111222302233121303213
10000001010000110100102020312003011020101112030131221313201112223022331213032200102
10000001010000110100102020312003011020101112030131221313201112223022331213032200103
1000000101000011010010202031200301102010111203013122131320111222302233121303220011
10000001010000110100102020312003011020101112030131221313201112223022331213032200121302
10000001010000110100102020312003011020101112030131221313201112223022331213032200121303
10000001010000110100102020312003011020101112030131221313201112223022331213032200121310
1000000101000011010010202031200301102010111203013122131320111222302233121303220012131121
1000000101000011010010202031200301102010111203013122131320111222302233121303220012131122
10000001010000110100102020312003011020101112030131221313201112223022331213032200121311233123
100000010100001101001020203120030110201011120301312213132011122230223312130322001213112331310
100000010100001101001020203120030110201011120301312213132011122230223312130322001213112331311
10000001010000110100102020312003011020101112030131221313201112223022331213032200121311233131202232130
10000001010000110100102020312003011020101112030131221313201112223022331213032200121311233131202232131
10000001010000110100102020312003011020101112030131221313201112223022331213032200121311233131202232132
10000001010000110100102020312003011020101112030131221313201112223022331213032200121311233131202232133
100000010100001101001020203120030110201011120301312213132011122230223312130322001213112331312022322023230
100000010100001101001020203120030110201011120301312213132011122230223312130322001213112331312022322023231
100000010100001101001020203120030110201011120301312213132011122230223312130322001213112331312022322023232
100000010100001101001020203120030110201011120301312213132011122230223312130322001213112331312022322023233
1000000101000011010010202031200301102010111203013122131320111222302233121303220012131123313120223220233
10000001010000110100102020312003011020101112030131221313201112223022331213032200121311233131202232203132
10000001010000110100102020312003011020101112030131221313201112223022331213032200121311233131202232203133
100000010100001101001020203120030110201011120301312213132011122230223312130322001213112331312022322032
100000010100001101001020203120030110201011120301312213132011122230223312130322001213112331312022322033212202
100000010100001101001020203120030110201011120301312213132011122230223312130322001213112331312022322033212203
100000010100001101001020203120030110201011120301312213132011122230223312130322001213112331312022322033212212
100000010100001101001020203120030110201011120301312213132011122230223312130322001213112331312022322033212213
100000010100001101001020203120030110201011120301312213132011122230223312130322001213112331312022322033212223
100000010100001101001020203120030110201011120301312213132011122230223312130322001213112331312022322033212233
100000010100001101001020203120030110201011120301312213132011122230223312130322001213112331312022322033212302
1000000101000011010010202031200301102010111203013122131320111222302233121303220012131123313120223220332123031
1000000101000011010010202031200301102010111203013122131320111222302233121303220012131123313120223220332123032
1000000101000011010010202031200301102010111203013122131320111222302233121303220012131123313120223220332123033
1000000101000011010010202031200301102010111203013122131320111222302233121303220012131123313120223220332133
10000001010000110100102020312003011020101112030131221313201112223022331213032200121311233131202232203322
10000001010000110100102020312003011020101112030131221313201112223022331213032200121311233131202232203323
1000000101000011010010202031200301102010111203013122131320111222302233121303220012131123313120223220333
10000001010000110100102020312003011020101112030131221313201112223022331213032200121311233131203
1000000101000011010010202031200301102010111203013122131320111222303
1000000101000011010010202031200301102010111203013122132
1000000101000011010010202031200301102010111203013122133
100000010100001101001020203121
100000010100001101001020203122
100000010100001101001020203123
10000001010000111
10000001010000112
10000001010000113
101
102
103
3000000100101000110010201102010110300
300000010010100011001020110201011030120
30000001001010001100102011020101103012130300
3000000100101000110010201102010110301213030111
300000010010100011001020110201011030121303011202030
30000001001010001100102011020101103012130301120203110
3000000100101000110010201102010110301213030112020311120202130
3000000100101000110010201102010110301213030112020311120202131221
30000001001010001100102011020101103012130301120203111202021312220
30000001001010001100102011020101103012130301120203111202021312221
3000000100101000110010201102010110301213030112020311120202131222231131
300000010010100011001020110201011030121303011202031112020213122223113212211
300000010010100011001020110201011030121303011202031112020213122223113212212
3000000100101000110010201102010110301213030112020311120202131222231132122130
3000000100101000110010201102010110301213030112020311120202131222231132122131
3000000100101000110010201102010110301213030112020311120202131222231132122132332200102
3000000100101000110010201102010110301213030112020311120202131222231132122132332200103
300000010010100011001020110201011030121303011202031112020213122223113212213233220011
3000000100101000110010201102010110301213030112020311120202131222231132122132332200121302
3000000100101000110010201102010110301213030112020311120202131222231132122132332200121303
30000001001010001100102011020101103012130301120203111202021312222311321221323322001213102
3000000100101000110010201102010110301213030112020311120202131222231132122132332200121310331121
3000000100101000110010201102010110301213030112020311120202131222231132122132332200121310331122
3000000100101000110010201102010110301213030112020311120202131222231132122132332200121310331123
3000000100101000110010201102010110301213030112020311120202131222231132122132332200121310331132
3000000100101000110010201102010110301213030112020311120202131222231132122132332200121310331133
300000010010100011001020110201011030121303011202031112020213122223113212213233220012131033122
300000010010100011001020110201011030121303011202031112020213122223113212213233220012131033123
3000000100101000110010201102010110301213030112020311120202131222231132122132332200121310331310
3000000100101000110010201102010110301213030112020311120202131222231132122132332200121310331311
3000000100101000110010201102010110301213030112020311120202131222231132122132332200121310331312030
3000000100101000110010201102010110301213030112020311120202131222231132122132332200121310331312031
3000000100101000110010201102010110301213030112020311120202131222231132122132332200121310331312032
300000010010100011001020110201011030121303011202031112020213122223113212213233220012131033131203320232130
300000010010100011001020110201011030121303011202031112020213122223113212213233220012131033131203320232131
300000010010100011001020110201011030121303011202031112020213122223113212213233220012131033131203320232132
300000010010100011001020110201011030121303011202031112020213122223113212213233220012131033131203320232133
300000010010100011001020110201011030121303011202031112020213122223113212213233220012131033131203320232212202
300000010010100011001020110201011030121303011202031112020213122223113212213233220012131033131203320232212203
300000010010100011001020110201011030121303011202031112020213122223113212213233220012131033131203320232212213
300000010010100011001020110201011030121303011202031112020213122223113212213233220012131033131203320232212223
300000010010100011001020110201011030121303011202031112020213122223113212213233220012131033131203320232212233
300000010010100011001020110201011030121303011202031112020213122223113212213233220012131033131203320232212302
3000000100101000110010201102010110301213030112020311120202131222231132122132332200121310331312033202322123031
3000000100101000110010201102010110301213030112020311120202131222231132122132332200121310331312033202322123032
3000000100101000110010201102010110301213030112020311120202131222231132122132332200121310331312033202322123033
300000010010100011001020110201011030121303011202031112020213122223113212213233220012131033131203320232213230
300000010010100011001020110201011030121303011202031112020213122223113212213233220012131033131203320232213231
300000010010100011001020110201011030121303011202031112020213122223113212213233220012131033131203320232213232
300000010010100011001020110201011030121303011202031112020213122223113212213233220012131033131203320232213233
3000000100101000110010201102010110301213030112020311120202131222231132122132332200121310331312033202322133
30000001001010001100102011020101103012130301120203111202021312222311321221323322001213103313120332023222
30000001001010001100102011020101103012130301120203111202021312222311321221323322001213103313120332023223
300000010010100011001020110201011030121303011202031112020213122223113212213233220012131033131203320233
3000000100101000110010201102010110301213030112020311120202131222231132122132332200121310331312033203
30000001001010001100102011020101103012130301120203111202021312222311321221323322001213103313120333
30000001001010001100102011020101103012130301120203111202021312222311321221323323
300000010010100011001020110201011030121303011202031112020213122223113213
3000000100101000110010201102010110301213030112020311120202132
3000000100101000110010201102010110301213030112020311120202133
3000000100101000110010201102010110301213030112020311120203
3000000100101000110010201102010110301213030112020311121
3000000100101000110010201102010110301213030112020311122
3000000100101000110010201102010110301213030112020311123
30000001001010001100102011020101103012130301120203112
30000001001010001100102011020101103012130301120203113
3000000101
3000000102
3000000103
