0 9 3 2 6 13 10 10 3 6 7 8 2 3 0 12 2 3 3
0 9 3 2 6 13 10 10 3 6 7 8 2 3 0 12 2 9 0 3
0 9 3 2 6 13 10 10 3 6 7 8 2 3 0 12 2 9 0 2
0 9 3 2 6 13 10 10 3 6 7 8 2 3 0 12 2 9 3
0 9 3 2 6 13 10 10 3 6 7 8 2 3 0 12 2 9 7 8 1 13 12 7 11 7 4 3
0 9 3 2 6 13 10 10 3 6 7 8 2 3 0 12 2 9 7 8 1 13 12 7 11 7 4 11 2
0 9 3 2 6 13 10 10 3 6 7 8 2 3 0 12 2 9 7 8 1 13 12 7 11 7 4 11 9
0 9 3 2 6 13 10 10 3 6 7 8 2 3 0 12 2 9 7 8 1 13 12 7 11 7 4 11 5 7
0 9 3 2 6 13 10 10 3 6 7 8 2 3 0 12 2 9 7 8 1 13 12 7 11 7 4 11 5 0
0 9 3 2 6 13 10 10 3 6 7 8 2 3 0 12 2 9 7 8 1 13 12 7 11 7 4 11 5 4 2
0 9 3 2 6 13 10 10 3 6 7 8 2 3 0 12 2 9 7 8 1 13 12 7 11 7 4 11 5 4 3
0 9 3 2 6 13 10 10 3 6 7 8 2 3 0 12 2 9 7 8 1 13 12 7 11 7 4 11 5 11
0 9 3 2 6 13 10 10 3 6 7 8 2 3 0 12 2 9 7 8 1 13 12 13 7
0 9 3 2 6 13 10 10 3 6 7 8 2 3 0 12 2 9 7 8 1 13 12 13 1 12 8 7
0 9 3 2 6 13 10 10 3 6 7 8 2 3 0 12 2 9 7 8 1 13 12 13 1 12 8 10 5
0 9 3 2 6 13 10 10 3 6 7 8 2 3 0 12 2 9 7 8 1 13 12 13 1 12 8 10 1 2
0 9 3 2 6 13 10 10 3 6 7 8 2 3 0 12 2 9 7 8 1 13 12 13 1 12 8 10 1 9
0 9 3 2 6 13 10 10 3 6 11
0 9 3 2 6 13 10 10 3 6 6
