000000010101100101112222230
0000000101011001011122222313122123
00000001010110010111222223131221301303
000000010101100101112222231312213013122133
0000000101011001011122222313122130131222
0000000101011001011122222313122130131223001
00000001010110010111222223131221301312230022
000000010101100101112222231312213013122300233
0000000101011001011122222313122130131223011
0000000101011001011122222313122130131223012
0000000101011001011122222313122130131223013
0000000101011001011122222313122130131223020
0000000101011001011122222313122130131223021
0000000101011001011122222313122130131223022
0000000101011001011122222313122130131223023
000000010101100101112222231312213013122303
000000010101100101112222231312213013133
00000001010110010111222223131221302
00000001010110010111222223131221303
0000000101012
0000000101013
