0191111020086315118611233183163
019111102008631511861123318316114111
01911110200863151186112331831611411140
01911110200863151186112331831611411141584
0191111020086315118611233183161141114154
019111102008631511861123318316114111415116
019111102008631511861123318316114111415111113
0191111020086315118611233183161141114151111171
01911110200863151186112331831611411141511111711
01911110200863151186112331831611411141511111711
019111102008631511861123318316114111415111117117
0191111020086315118611233183161141114151111171110
0191111020086315118611233183161141114151111171111
019111102008631511861123318316114111415111113
0191111020086315118611233183161141115
019111102008631511861121
0191111020086315118611217
01911110200863151186112117
019111102008631511861121111
019111102008631511861121112
01911110200863151186112111
0191
0195
0191
