10000010100110200102103020
1000001010011020010210302120311130
1000001010011020010210302120311131
1000001010011020010210302120311132201230
1000001010011020010210302120311132201231321
10000010100110200102103021203111322012313220
10000010100110200102103021203111322012313221
10000010100110200102103021203111322012313222
1000001010011020010210302120311132201231322333
10000010100110200102103021203111322012313230
10000010100110200102103021203111322012313231
10000010100110200102103021203111322012313232
10000010100110200102103021203111322012313233
1000001010011020010210302120311132201232
1000001010011020010210302120311132201233
1000001010011020010210302120311132202
1000001010011020010210302120311132203
10000010100110200102103021203111322112
10000010100110200102103021203111322113
1000001010011020010210302120311132212
1000001010011020010210302120311132213
10000010100110200102103021203111322202
10000010100110200102103021203111322203
10000010100110200102103021203111322211
1000001010011020010210302120311132221222
1000001010011020010210302120311132221223
1000001010011020010210302120311132221230
100000101001102001021030212031113222123130
100000101001102001021030212031113222123131
100000101001102001021030212031113222123132
100000101001102001021030212031113222123133
1000001010011020010210302120311132221232
1000001010011020010210302120311132221233
100000101001102001021030212031113223
1000001010011020010210303
1000001010011020010211
1000001010011020010212
1000001010011020010213
10000010100110201
10000010100110202
10000010100110203
20000100102002030100110210
2000010010200203010011021120311130
2000010010200203010011021120311131
2000010010200203010011021120311132201230
2000010010200203010011021120311132201231321
20000100102002030100110211203111322012313221
20000100102002030100110211203111322012313222
2000010010200203010011021120311132201231322333
20000100102002030100110211203111322012313230
20000100102002030100110211203111322012313231
20000100102002030100110211203111322012313232
20000100102002030100110211203111322012313233
2000010010200203010011021120311132201232
2000010010200203010011021120311132201233
2000010010200203010011021120311132202
2000010010200203010011021120311132203
200001001020020301001102112031113221020
200001001020020301001102112031113221021
200001001020020301001102112031113221022
200001001020020301001102112031113221023
2000010010200203010011021120311132210303
200001001020020301001102112031113221031112
200001001020020301001102112031113221031113
20000100102002030100110211203111322103112
20000100102002030100110211203111322103113
2000010010200203010011021120311132210312130
2000010010200203010011021120311132210312131
2000010010200203010011021120311132210312132
2000010010200203010011021120311132210312133
20000100102002030100110211203111322103122
200001001020020301001102112031113221031232
200001001020020301001102112031113221031233
200001001020020301001102112031113222
200001001020020301001102112031113223
20000100102002030100110212
20000100102002030100110213
2000010010201
2000010010202
2000010010203
300010001102001021030100311120
30001000110200102103010031112122013220
3000100011020010210301003111212201322130
3000100011020010210301003111212201322131
300010001102001021030100311121220132213230
300010001102001021030100311121220132213231
3000100011020010210301003111212201322132322
300010001102001021030100311121220132213232333
3000100011020010210301003111212201322132330
3000100011020010210301003111212201322132331
3000100011020010210301003111212201322132332
3000100011020010210301003111212201322132333
3000100011020010210301003111212201323
3000100011020010210301003111212202
3000100011020010210301003111212203
300010001102001021030100311121221020
300010001102001021030100311121221021
300010001102001021030100311121221022
300010001102001021030100311121221023
3000100011020010210301003111212210302
3000100011020010210301003111212210303
300010001102001021030100311121221031112
300010001102001021030100311121221031113
30001000110200102103010031112122103112
30001000110200102103010031112122103113
30001000110200102103010031112122103120
3000100011020010210301003111212210312131
3000100011020010210301003111212210312132
3000100011020010210301003111212210312133
30001000110200102103010031112122103122
300010001102001021030100311121221031232
300010001102001021030100311121221031233
300010001102001021030100311121222
300010001102001021030100311121223
3000100011020010211
3000100011020010212
3000100011020010213
30001000110201
30001000110202
30001000110203
00001000110200102103010112031122020
0000100011020010210301011203112202130
0000100011020010210301011203112202131
000010001102001021030101120311220213230
000010001102001021030101120311220213231321
0000100011020010210301011203112202132313222
000010001102001021030101120311220213231322333
0000100011020010210301011203112202132313230
0000100011020010210301011203112202132313231
0000100011020010210301011203112202132313232
0000100011020010210301011203112202132313233
000010001102001021030101120311220213232
000010001102001021030101120311220213233
0000100011020010210301011203112203
000010001102001021030101120311221020
000010001102001021030101120311221021
000010001102001021030101120311221022
000010001102001021030101120311221023
0000100011020010210301011203112210302
0000100011020010210301011203112210303
000010001102001021030101120311221031112
000010001102001021030101120311221031113
00001000110200102103010112031122103112
00001000110200102103010112031122103113
00001000110200102103010112031122103120
0000100011020010210301011203112210312130
0000100011020010210301011203112210312131
0000100011020010210301011203112210312132
0000100011020010210301011203112210312133
00001000110200102103010112031122103122
000010001102001021030101120311221031232
000010001102001021030101120311221031233
000010001102001021030101120311222
000010001102001021030101120311223
0000100011020010211
0000100011020010212
0000100011020010213
00001000110201
00001000110202
00001000110203
