00000000
0100
0200
030
00100
0020
003000
0001000
00020
00030
000010
000020
000030
00000100
0000020
00000300
00000010
00000020
0000003000
00000001
00000002
00000003
0110
0120
0130
0101
0102
0103
0210
0220
0230
0201
0202
0203
031
032
033
00110
00120
00130
00101
00102
00103
0021
0022
0023
00310
003200
00330
003010
003020
003030
003001
003002
003003
000110
000120
000130
0001010
0001020
0001030
0001001
0001002
0001003
00021
00022
00023
00031
00032
00033
000011
000012
000013
000021
000022
000023
000031
000032
000033
00000110
00000120
00000130
00000101
00000102
00000103
0000021
0000022
0000023
00000310
000003200
00000330
00000301
00000302
00000303
000000110
000000120
000000130
00000021
00000022
00000023
000000310
000000320
000000330
0000003010
0000003020
0000003030
0000003001
0000003002
0000003003
0111
0112
0113
0121
0122
0123
0131
0132
0133
0211
0212
0213
0221
0222
0223
0231
0232
0233
00111
00112
00113
00121
00122
00123
00131
00132
00133
00311
00312
00313
003210
003220
003230
003201
003202
003203
00331
00332
00333
003011
003012
003013
003021
003022
003023
003031
003032
003033
000111
000112
000113
000121
000122
000123
000131
000132
000133
0001011
0001012
0001013
0001021
0001022
0001023
0001031
0001032
0001033
00000111
00000112
00000113
00000121
00000122
00000123
00000131
00000132
00000133
00000311
00000312
00000313
000003210
000003220
000003230
000003201
000003202
000003203
00000331
00000332
00000333
000000111
000000112
000000113
000000121
000000122
000000123
000000131
000000132
000000133
000000311
000000312
000000313
000000321
000000322
000000323
000000331
000000332
000000333
0000003011
0000003012
0000003013
0000003021
0000003022
0000003023
0000003031
0000003032
0000003033
003211
003212
003213
003221
003222
003223
003231
003232
003233
000003211
000003212
000003213
000003221
000003222
000003223
000003231
000003232
000003233
20000000
21000
220
230
20100
202000
2030
200100
20020
200300
2000100
200020
20003000
2000010
2000020
2000030
20000010
20000020
2000003000
20000001
20000002
20000003
2110
2120
2130
21010
21020
21030
21001
21002
21003
221
222
223
231
232
233
20110
20120
20130
20101
20102
20103
20210
20220
20230
202010
202020
202030
202001
202002
202003
2031
2032
2033
200110
200120
200130
200101
200102
200103
20021
20022
20023
200310
2003200
200330
200301
200302
200303
2000110
200012
2000130
2000101
2000102
2000103
200021
200022
200023
2000310
2000320
2000330
200030100
20003020
20003030
20003001
20003002
20003003
2000011
2000012
2000013
2000021
2000022
2000023
2000031
2000032
2000033
20000011
20000012
20000013
20000021
20000022
20000023
200000310
200000320
200000330
2000003010
2000003020
2000003030
2000003001
2000003002
2000003003
2111
2112
2113
2121
2122
2123
2131
2132
2133
21011
21012
21013
21021
21022
21023
21031
21032
21033
20111
20112
20113
20121
20122
20123
20131
20132
20133
20211
20212
20213
20221
20222
20223
20231
20232
20233
202011
202012
202013
202021
202022
202023
202031
202032
202033
200111
200112
200113
200121
200122
200123
200131
200132
200133
200311
200312
200313
2003210
2003220
2003230
2003201
2003202
2003203
200331
200332
200333
2000111
2000112
2000113
2000131
2000132
2000133
2000311
2000312
2000313
2000321
2000322
2000323
2000331
2000332
2000333
200030110
200030120
200030130
200030101
200030102
200030103
20003021
20003022
20003023
20003031
20003032
20003033
200000311
200000312
200000313
200000321
200000322
200000323
200000331
200000332
200000333
2000003011
2000003012
2000003013
2000003021
2000003022
2000003023
2000003031
2000003032
2000003033
2003211
2003212
2003213
2003221
2003222
2003223
2003231
2003232
2003233
200030111
200030112
200030113
200030121
200030122
200030123
200030131
200030132
200030133
100000000
1100
1200
130
10100
1020000
103000
10010
10020
10030
100010
100020
100030
10000100
1000020
1000030
10000010
10000020
10000030
1000000100
100000020
1000000300
100000001
100000002
100000003
1110
11200
1130
1101
1102
1103
1210
1220
1230
1201
1202
1203
131
132
133
1011
10120
10130
10101
10102
10103
10210
10220
10230
102010
102020
102030
1020010
1020020
1020030
1020001
1020002
1020003
10310
10320
10330
103010
103020
103030
103001
103002
103003
10011
10012
10013
10021
10022
10023
10031
10032
10033
100011
100012
100013
100021
100022
100023
100031
100032
100033
10000110
10000120
10000130
10000101
10000102
10000103
1000021
1000022
1000023
1000031
1000032
1000033
10000011
10000012
10000013
10000021
10000022
10000023
10000031
10000032
10000033
1000000110
1000000120
1000000130
1000000101
1000000102
1000000103
100000021
100000022
100000023
1000000310
10000003200
1000000330
1000000301
1000000302
1000000303
1111
1112
1113
11210
11220
11230
11201
11202
11203
1131
1132
1133
1211
1212
1213
1221
1222
1223
1231
1232
1233
10121
10122
10123
10131
10132
10133
10211
10212
10213
10221
10222
10223
10231
10232
10233
102011
102012
102013
102021
102022
102023
102031
102032
102033
1020011
1020012
1020013
1020021
1020022
1020023
1020031
1020032
1020033
10311
10312
10313
10321
10322
10323
10331
10332
10333
103011
103012
103013
103021
103022
103023
103031
103032
103033
10000111
10000112
10000113
10000121
10000122
10000123
10000131
10000132
10000133
1000000111
1000000112
1000000113
1000000121
1000000122
1000000123
1000000131
1000000132
1000000133
1000000311
1000000312
1000000313
10000003210
10000003220
10000003230
10000003201
10000003202
10000003203
1000000331
1000000332
1000000333
11211
11212
11213
11221
11222
11223
11231
11232
11233
10000003211
10000003212
10000003213
10000003221
10000003222
10000003223
10000003231
10000003232
10000003233
30000000000
310000
320
330
3010
3020
3030
30010
30020
300300
3000100
300020
3000300
30000100
30000200
3000030
30000010
30000020
30000030
300000010
300000020
30000003000
3000000010
3000000020
3000000030
30000000010
30000000020
30000000030
30000000001
30000000002
30000000003
3110
3120
3130
31010
31020
31030
310010
310020
310030
310001
310002
310003
321
322
323
331
332
333
3011
3012
3013
3021
3022
3023
3031
3032
3033
30011
30012
30013
30021
30022
30023
300310
300320
300330
300301
300302
300303
3000110
3000120
3000130
3000101
3000102
3000103
300021
300022
300023
3000310
30003200
3000330
3000301
3000302
3000303
30000110
30000120
3000013
30000101
30000102
30000103
30000210
30000220
30000230
30000201
30000202
30000203
3000031
3000032
3000033
30000011
30000012
30000013
30000021
30000022
30000023
30000031
30000032
30000033
300000011
300000012
300000013
300000021
300000022
300000023
3000000310
3000000320
3000000330
30000003010
30000003020
30000003030
30000003001
30000003002
30000003003
3000000011
3000000012
3000000013
3000000021
3000000022
3000000023
3000000031
3000000032
3000000033
30000000011
30000000012
30000000013
30000000021
30000000022
30000000023
30000000031
30000000032
30000000033
3111
3112
3113
3121
3122
3123
3131
3132
3133
31011
31012
31013
31021
31022
31023
31031
31032
31033
310011
310012
310013
310021
310022
310023
310031
310032
310033
300311
300312
300313
300321
300322
300323
300331
300332
300333
3000111
3000112
3000113
3000121
3000122
3000123
3000131
3000132
3000133
3000311
3000312
3000313
30003210
30003220
30003230
30003201
30003202
30003203
3000331
3000332
3000333
30000111
30000112
30000113
30000121
30000122
30000123
30000211
30000212
30000213
30000221
30000222
30000223
30000231
30000232
30000233
3000000311
3000000312
3000000313
3000000321
3000000322
3000000323
3000000331
3000000332
3000000333
30000003011
30000003012
30000003013
30000003021
30000003022
30000003023
30000003031
30000003032
30000003033
30003211
30003212
30003213
30003221
30003222
30003223
30003231
30003232
30003233
