00
010000
02000
030
0110
0120
0130
01010
01020
01030
010010
010020
0100300
010001
010002
010003
02100
0220
0230
02010
02020
02030
02001
02002
02003
031
032
033
0111
0112
0113
0121
0122
0123
0131
0132
0133
01011
01012
01013
01021
01022
01023
01031
01032
01033
010011
010012
010013
010021
010022
010023
0100310
0100320
0100330
0100301
0100302
0100303
02110
02120
02130
02101
02102
02103
0221
0222
0223
0231
0232
0233
02011
02012
02013
02021
02022
02023
02031
02032
02033
0100311
0100312
0100313
0100321
0100322
0100323
0100331
0100332
0100333
02111
02112
02113
02121
02122
02123
02131
02132
02133
2000
210000
2200
230
2010
2020
20300
2001
2002
2003
2110
2120
2130
21010
210200
21030
210010
210020
210030
210001
210002
210003
2210
2220
2230
2201
2202
2203
231
232
233
2011
2012
2013
2021
2022
2023
20310
2032
20330
20301
20302
20303
2111
2112
2113
2121
2122
2123
2131
2132
2133
21011
21012
21013
210210
210220
210230
210201
210202
210203
21031
21032
21033
210011
210012
210013
210021
210022
210023
210031
210032
210033
2211
2212
2213
2221
2222
2223
2231
2232
2233
20311
20312
20313
20331
20332
20333
210211
210212
210213
210221
210222
210223
210231
210232
210233
10000
1100
120
1300
1010
1020
1030
10010
10020
100300
10001
10002
10003
111
11200
1130
1101
1102
1103
121
122
123
1310
1320
1330
1301
1302
1303
1011
1012
1013
1021
1022
1023
1031
1032
1033
10011
10012
10013
10021
10022
10023
100310
100320
100330
100301
100302
100303
112100
11220
11230
11201
11202
11203
1131
1132
1133
1311
1312
1313
1321
1322
1323
1331
1332
1333
100311
100312
100313
100321
100322
100323
100331
100332
100333
112110
112120
112130
112101
112102
112103
11221
11222
11223
11231
11232
11233
112111
112112
112113
112121
112122
112123
112131
112132
112133
3000
310000
3200
330
3010
3020
30300
3001
3002
3003
3110
3120
3130
31010
310200
31030
310010
310020
310030
310001
310002
310003
3210
3220
3230
3201
3202
3203
331
332
333
3011
3012
3013
3021
3022
3023
30310
30320
3033
30301
30302
30303
3111
3112
3113
3121
3122
3123
3131
3132
3133
31011
31012
31013
310210
310220
310230
310201
310202
310203
31031
31032
31033
310011
310012
310013
310021
310022
310023
310031
310032
310033
3211
3212
3213
3221
3222
3223
3231
3232
3233
30311
30312
30313
30321
30322
30323
310211
310212
310213
310221
310222
310223
310231
310232
310233
