00100001001001110102020020120301120210302100
0010000100100111010202002012030112021030210130
00100001001001110102020020120301120210302101311120
00100001001001110102020020120301120210302101311121
0010000100100111010202002012030112021030210131112223211023030
0010000100100111010202002012030112021030210131112223211023031313033120
0010000100100111010202002012030112021030210131112223211023031313033121
0010000100100111010202002012030112021030210131112223211023031313033122203
0010000100100111010202002012030112021030210131112223211023031313033122211230
0010000100100111010202002012030112021030210131112223211023031313033122211231
0010000100100111010202002012030112021030210131112223211023031313033122211232221
0010000100100111010202002012030112021030210131112223211023031313033122211232222
0010000100100111010202002012030112021030210131112223211023031313033122211232223
001000010010011101020200201203011202103021013111222321102303131303312221123223132
00100001001001110102020020120301120210302101311122232110230313130331222112322313332
00100001001001110102020020120301120210302101311122232110230313130331222112322313333
0010000100100111010202002012030112021030210131112223211023031313033122211232232
001000010010011101020200201203011202103021013111222321102303131303312221123223323
00100001001001110102020020120301120210302101311122232110230313130331222112322333
0010000100100111010202002012030112021030210131112223211023031313033122212
0010000100100111010202002012030112021030210131112223211023031313033122213
0010000100100111010202002012030112021030210131112223211023031313033123
00100001001001110102020020120301120210302101311122232110230313130331303
0010000100100111010202002012030112021030210131112223211023031313033131
0010000100100111010202002012030112021030210131112223211023031313033132
0010000100100111010202002012030112021030210131112223211023031313033133
00100001001001110102020020120301120210302101311122232111
00100001001001110102020020120301120210302101311122232112
00100001001001110102020020120301120210302101311122232113
00100001001001110102020020120301120210302102
00100001001001110102020020120301120210302103
0010000100100111010202002012031
0010000100100111010202002012032
0010000100100111010202002012033
001000010010011101021
001000010010011101022
001000010010011101023
001000010010012
001000010010013
00100002
00100003
20001000010201100112020010103011202102100
2000100001020110011202001010301120210210130302110220
2000100001020110011202001010301120210210130302110221
20001000010201100112020010103011202102101303021102223030
20001000010201100112020010103011202102101303021102223031112313130322033120
20001000010201100112020010103011202102101303021102223031112313130322033121
2000100001020110011202001010301120210210130302110222303111231313032203312230
2000100001020110011202001010301120210210130302110222303111231313032203312231
20001000010201100112020010103011202102101303021102223031112313130322033122322112
20001000010201100112020010103011202102101303021102223031112313130322033122322113221
20001000010201100112020010103011202102101303021102223031112313130322033122322113222
20001000010201100112020010103011202102101303021102223031112313130322033122322113223
20001000010201100112020010103011202102101303021102223031112313130322033122322113231
20001000010201100112020010103011202102101303021102223031112313130322033122322113232
200010000102011001120200101030112021021013030211022230311123131303220331223221132332332
2000100001020110011202001010301120210210130302110222303111231313032203312232211323323333
200010000102011001120200101030112021021013030211022230311123131303220331223221132333
2000100001020110011202001010301120210210130302110222303111231313032203312232212
2000100001020110011202001010301120210210130302110222303111231313032203312232213
20001000010201100112020010103011202102101303021102223031112313130322033123
200010000102011001120200101030112021021013030211022230311123131303220331303
20001000010201100112020010103011202102101303021102223031112313130322033131
20001000010201100112020010103011202102101303021102223031112313130322033132
20001000010201100112020010103011202102101303021102223031112313130322033133
2000100001020110011202001010301120210210130302111
2000100001020110011202001010301120210210130302112
2000100001020110011202001010301120210210130302113
20001000010201100112020010103011202102102
20001000010201100112020010103011202102103
200010000102011001120200101031
200010000102011001120200101032
200010000102011001120200101033
20001000010201100112021
20001000010201100112022
20001000010201100112023
2000100001020110012
2000100001020110013
2000100002
2000100003
100001001001110102001102002012030112021120
10000100100111010200110200201203011202112130302100
10000100100111010200110200201203011202112130302101
10000100100111010200110200201203011202112130302102223030
10000100100111010200110200201203011202112130302102223031313031
100001001001110102001102002012030112021121303021022230313130321102
1000010010011101020011020020120301120211213030210222303131303211033120
1000010010011101020011020020120301120211213030210222303131303211033121
100001001001110102001102002012030112021121303021022230313130321103312220
1000010010011101020011020020120301120211213030210222303131303211033122211230
1000010010011101020011020020120301120211213030210222303131303211033122211231
1000010010011101020011020020120301120211213030210222303131303211033122211232221
1000010010011101020011020020120301120211213030210222303131303211033122211232222
1000010010011101020011020020120301120211213030210222303131303211033122211232223
100001001001110102001102002012030112021121303021022230313130321103312221123223132
10000100100111010200110200201203011202112130302102223031313032110331222112322313332
10000100100111010200110200201203011202112130302102223031313032110331222112322313333
10000100100111010200110200201203011202112130302102223031313032110331222112322323
100001001001110102001102002012030112021121303021022230313130321103312221123223323
10000100100111010200110200201203011202112130302102223031313032110331222112322333
1000010010011101020011020020120301120211213030210222303131303211033122212
1000010010011101020011020020120301120211213030210222303131303211033122213
1000010010011101020011020020120301120211213030210222303131303211033123
10000100100111010200110200201203011202112130302102223031313032110331303
1000010010011101020011020020120301120211213030210222303131303211033131
1000010010011101020011020020120301120211213030210222303131303211033132
1000010010011101020011020020120301120211213030210222303131303211033133
10000100100111010200110200201203011202112130302102223031313032111
10000100100111010200110200201203011202112130302102223031313032112
10000100100111010200110200201203011202112130302102223031313032113
10000100100111010200110200201203011202112130302103
100001001001110102001102002012031
100001001001110102001102002012032
100001001001110102001102002012033
1000010010011101021
1000010010011101022
1000010010011101023
1000010010012
1000010010013
100002
100003
3000100001020110011202001010301120210202100
3000100001020110011202001010301120210202101303110220
3000100001020110011202001010301120210202101303110221
30001000010201100112020010103011202102021013031102223030
3000100001020110011202001010301120210202101303110222303111231313032120
3000100001020110011202001010301120210202101303110222303111231313032121
30001000010201100112020010103011202102021013031102223031112313130321222033211230
30001000010201100112020010103011202102021013031102223031112313130321222033211231
30001000010201100112020010103011202102021013031102223031112313130321222033211232221
30001000010201100112020010103011202102021013031102223031112313130321222033211232222
30001000010201100112020010103011202102021013031102223031112313130321222033211232223
300010000102011001120200101030112021020210130311022230311123131303212220332112322313332
300010000102011001120200101030112021020210130311022230311123131303212220332112322313333
30001000010201100112020010103011202102021013031102223031112313130321222033211232232
3000100001020110011202001010301120210202101303110222303111231313032122203321123223323
300010000102011001120200101030112021020210130311022230311123131303212220332112322333
30001000010201100112020010103011202102021013031102223031112313130321222033212
30001000010201100112020010103011202102021013031102223031112313130321222033213
3000100001020110011202001010301120210202101303110222303111231313032123
30001000010201100112020010103011202102021013031102223031112313130321303
3000100001020110011202001010301120210202101303110222303111231313032131
3000100001020110011202001010301120210202101303110222303111231313032132
3000100001020110011202001010301120210202101303110222303111231313032133
3000100001020110011202001010301120210202101303111
3000100001020110011202001010301120210202101303112
3000100001020110011202001010301120210202101303113
3000100001020110011202001010301120210202102
3000100001020110011202001010301120210202103
300010000102011001120200101031
300010000102011001120200101032
300010000102011001120200101033
30001000010201100112021
30001000010201100112022
30001000010201100112023
3000100001020110012
3000100001020110013
3000100002
3000100003
