00661101113431911195111171111319107691811220
006611011134319111951111711113191076918112211110
00661101113431911195111171111319107691811221111111
0066110111343191119511117111131910769181122111111
0066110111343191119511117111131910769181122111117111111
00661101113431911195111171111319107691811221111171111141
006611011134319111951111711113191076918112211111711111411
006611011134319111951111711113191076918112211111711111411
006611011134319111951111711113191076918112211111711111461
00661101113431911195111171111319107691811221111179
00661101113431911195111171111319107691811221
006611011134319111951111711113191076918111833
00661101113431911195111171111319107691811181
00661101113431911195111171111319107691811186
0066110111343191119511117111131910769181114
0066110111343191119511117111131910769181113
006611011134319111950
006611011134319111951
