10000101000102001001121100100202202120030111101203030202130
1000010100010200100112110010020220212003011110120303020213131120
100001010001020010011211001002022021200301111012030302021313112130322231121102030
100001010001020010011211001002022021200301111012030302021313112130322231121102031
100001010001020010011211001002022021200301111012030302021313112130322231121102032210323212331
100001010001020010011211001002022021200301111012030302021313112130322231121102032210323212332
10000101000102001001121100100202202120030111101203030202131311213032223112110203221032321233330
1000010100010200100112110010020220212003011110120303020213131121303222311211020322103232123333132
1000010100010200100112110010020220212003011110120303020213131121303222311211020322103232123333133
100001010001020010011211001002022021200301111012030302021313112130322231121102032210323213
10000101000102001001121100100202202120030111101203030202131311213032223112110203221032322231
1000010100010200100112110010020220212003011110120303020213131121303222311211020322103232223233
100001010001020010011211001002022021200301111012030302021313112130322231121102032210323222333
10000101000102001001121100100202202120030111101203030202131311213032223112110203221032323
10000101000102001001121100100202202120030111101203030202131311213032223112110203221120
10000101000102001001121100100202202120030111101203030202131311213032223112110203221121301
10000101000102001001121100100202202120030111101203030202131311213032223112110203221121302
10000101000102001001121100100202202120030111101203030202131311213032223112110203221121303
1000010100010200100112110010020220212003011110120303020213131121303222311211020322112131220
1000010100010200100112110010020220212003011110120303020213131121303222311211020322112131221
1000010100010200100112110010020220212003011110120303020213131121303222311211020322112131222
1000010100010200100112110010020220212003011110120303020213131121303222311211020322112131223
1000010100010200100112110010020220212003011110120303020213131121303222311211020322112131230
1000010100010200100112110010020220212003011110120303020213131121303222311211020322112131231
1000010100010200100112110010020220212003011110120303020213131121303222311211020322112131232
1000010100010200100112110010020220212003011110120303020213131121303222311211020322112131233
10000101000102001001121100100202202120030111101203030202131311213032223112110203221121313
1000010100010200100112110010020220212003011110120303020213131121303222311211020322112132
1000010100010200100112110010020220212003011110120303020213131121303222311211020322112133
10000101000102001001121100100202202120030111101203030202131311213032223112110203221122
10000101000102001001121100100202202120030111101203030202131311213032223112110203221123
1000010100010200100112110010020220212003011110120303020213131121303222311211021
1000010100010200100112110010020220212003011110120303020213131121303222311211022
1000010100010200100112110010020220212003011110120303020213131121303222311211023
1000010100010200100112110010020220212003011110120303020213131121303222311211030
1000010100010200100112110010020220212003011110120303020213131121303222311211031
1000010100010200100112110010020220212003011110120303020213131121303222311211032
1000010100010200100112110010020220212003011110120303020213131121303222311211033
100001010001020010011211001002022021200301111012030302021313112130322231121112
100001010001020010011211001002022021200301111012030302021313112130322231121113
10000101000102001001121100100202202120030111101203030202131311213032223112112
10000101000102001001121100100202202120030111101203030202131311213032223112113
10000101000102001001121100100202202120030111101203030202131311213032223113
10000101000102001001121101
10000101000102001001121102
10000101000102001001121103
10000102
10000103
00001000102001001121100100102020202202120030103030111021102030
000010001020010011211001001020202022021200301030301110211020312130
00001000102001001121100100102020202202120030103030111021102031213131120
000010001020010011211001001020202022021200301030301110211020312131311213032223111
000010001020010011211001001020202022021200301030301110211020312131311213032223112210323212331
000010001020010011211001001020202022021200301030301110211020312131311213032223112210323212332
00001000102001001121100100102020202202120030103030111021102031213131121303222311221032321233330
0000100010200100112110010010202020220212003010303011102110203121313112130322231122103232123333132
0000100010200100112110010010202020220212003010303011102110203121313112130322231122103232123333133
000010001020010011211001001020202022021200301030301110211020312131311213032223112210323213
00001000102001001121100100102020202202120030103030111021102031213131121303222311221032322231
0000100010200100112110010010202020220212003010303011102110203121313112130322231122103232223232
0000100010200100112110010010202020220212003010303011102110203121313112130322231122103232223233
000010001020010011211001001020202022021200301030301110211020312131311213032223112210323222333
00001000102001001121100100102020202202120030103030111021102031213131121303222311221032323
00001000102001001121100100102020202202120030103030111021102031213131121303222311221120
00001000102001001121100100102020202202120030103030111021102031213131121303222311221121301
00001000102001001121100100102020202202120030103030111021102031213131121303222311221121302
00001000102001001121100100102020202202120030103030111021102031213131121303222311221121303
0000100010200100112110010010202020220212003010303011102110203121313112130322231122112131220
0000100010200100112110010010202020220212003010303011102110203121313112130322231122112131221
0000100010200100112110010010202020220212003010303011102110203121313112130322231122112131222
0000100010200100112110010010202020220212003010303011102110203121313112130322231122112131223
0000100010200100112110010010202020220212003010303011102110203121313112130322231122112131230
0000100010200100112110010010202020220212003010303011102110203121313112130322231122112131231
0000100010200100112110010010202020220212003010303011102110203121313112130322231122112131232
0000100010200100112110010010202020220212003010303011102110203121313112130322231122112131233
00001000102001001121100100102020202202120030103030111021102031213131121303222311221121313
0000100010200100112110010010202020220212003010303011102110203121313112130322231122112132
0000100010200100112110010010202020220212003010303011102110203121313112130322231122112133
00001000102001001121100100102020202202120030103030111021102031213131121303222311221122
00001000102001001121100100102020202202120030103030111021102031213131121303222311221123
000010001020010011211001001020202022021200301030301110211020312131311213032223113
000010001020010011211001001020202022021200301030301110211020312131311213032223121
000010001020010011211001001020202022021200301030301110211020312131311213032223122
000010001020010011211001001020202022021200301030301110211020312131311213032223123
000010001020010011211001001020202022021200301030301110211020312131311213032223130
000010001020010011211001001020202022021200301030301110211020312131311213032223131
000010001020010011211001001020202022021200301030301110211020312131311213032223132
000010001020010011211001001020202022021200301030301110211020312131311213032223133
00001000102001001121100100102020202202120030103030111021103
0000100010200100112110010010202020220212003010303011102111
0000100010200100112110010010202020220212003010303011102112
0000100010200100112110010010202020220212003010303011102113
00001000102001001121100100103
00001000102001001121101
00001000102001001121102
00001000102001001121103
200000101000102001001121100101110202020220212003010303030
2000001010001020010011211001011102020202202120030103030312130
200000101000102001001121100101110202020220212003010303031213131120
2000001010001020010011211001011102020202202120030103030312131311213032223111
20000010100010200100112110010111020202022021200301030303121313112130322231121102130
20000010100010200100112110010111020202022021200301030303121313112130322231121102131
200000101000102001001121100101110202020220212003010303031213131121303222311211021323212
2000001010001020010011211001011102020202202120030103030312131311213032223112110213232133
20000010100010200100112110010111020202022021200301030303121313112130322231121102132322221032331
20000010100010200100112110010111020202022021200301030303121313112130322231121102132322221032332
200000101000102001001121100101110202020220212003010303031213131121303222311211021323222210323333
20000010100010200100112110010111020202022021200301030303121313112130322231121102132322221033
20000010100010200100112110010111020202022021200301030303121313112130322231121102132322221120
20000010100010200100112110010111020202022021200301030303121313112130322231121102132322221121301
20000010100010200100112110010111020202022021200301030303121313112130322231121102132322221121302
20000010100010200100112110010111020202022021200301030303121313112130322231121102132322221121303
2000001010001020010011211001011102020202202120030103030312131311213032223112110213232222112131220
2000001010001020010011211001011102020202202120030103030312131311213032223112110213232222112131221
20000010100010200100112110010111020202022021200301030303121313112130322231121102132322221121312223231
20000010100010200100112110010111020202022021200301030303121313112130322231121102132322221121312223232
20000010100010200100112110010111020202022021200301030303121313112130322231121102132322221121312223233
200000101000102001001121100101110202020220212003010303031213131121303222311211021323222211213122233
2000001010001020010011211001011102020202202120030103030312131311213032223112110213232222112131223
2000001010001020010011211001011102020202202120030103030312131311213032223112110213232222112131230
2000001010001020010011211001011102020202202120030103030312131311213032223112110213232222112131231
2000001010001020010011211001011102020202202120030103030312131311213032223112110213232222112131232
2000001010001020010011211001011102020202202120030103030312131311213032223112110213232222112131233
20000010100010200100112110010111020202022021200301030303121313112130322231121102132322221121313
2000001010001020010011211001011102020202202120030103030312131311213032223112110213232222112132
2000001010001020010011211001011102020202202120030103030312131311213032223112110213232222112133
20000010100010200100112110010111020202022021200301030303121313112130322231121102132322221122
20000010100010200100112110010111020202022021200301030303121313112130322231121102132322221123
20000010100010200100112110010111020202022021200301030303121313112130322231121102132323
200000101000102001001121100101110202020220212003010303031213131121303222311211022
200000101000102001001121100101110202020220212003010303031213131121303222311211023
200000101000102001001121100101110202020220212003010303031213131121303222311211030
200000101000102001001121100101110202020220212003010303031213131121303222311211031
200000101000102001001121100101110202020220212003010303031213131121303222311211032
200000101000102001001121100101110202020220212003010303031213131121303222311211033
20000010100010200100112110010111020202022021200301030303121313112130322231121112
20000010100010200100112110010111020202022021200301030303121313112130322231121113
2000001010001020010011211001011102020202202120030103030312131311213032223112112
2000001010001020010011211001011102020202202120030103030312131311213032223112113
2000001010001020010011211001011102020202202120030103030312131311213032223113
200000101000102001001121101
200000101000102001001121102
200000101000102001001121103
200000102
200000103
3000010100010200100112110010020220212003010303011102020
3000010100010200100112110010020220212003010303011102021221102030
300001010001020010011211001002022021200301030301110202122110203130
30000101000102001001121100100202202120030103030111020212211020313131120
300001010001020010011211001002022021200301030301110202122110203131311213032223111
300001010001020010011211001002022021200301030301110202122110203131311213032223112210323212331
300001010001020010011211001002022021200301030301110202122110203131311213032223112210323212332
30000101000102001001121100100202202120030103030111020212211020313131121303222311221032321233330
3000010100010200100112110010020220212003010303011102021221102031313112130322231122103232123333132
3000010100010200100112110010020220212003010303011102021221102031313112130322231122103232123333133
300001010001020010011211001002022021200301030301110202122110203131311213032223112210323213
300001010001020010011211001002022021200301030301110202122110203131311213032223112210323223231
300001010001020010011211001002022021200301030301110202122110203131311213032223112210323223232
3000010100010200100112110010020220212003010303011102021221102031313112130322231122103232232333
3000010100010200100112110010020220212003010303011102021221102031313112130322231122103232233
30000101000102001001121100100202202120030103030111020212211020313131121303222311221032323
30000101000102001001121100100202202120030103030111020212211020313131121303222311221120
30000101000102001001121100100202202120030103030111020212211020313131121303222311221121301
30000101000102001001121100100202202120030103030111020212211020313131121303222311221121302
30000101000102001001121100100202202120030103030111020212211020313131121303222311221121303
3000010100010200100112110010020220212003010303011102021221102031313112130322231122112131220
3000010100010200100112110010020220212003010303011102021221102031313112130322231122112131221
3000010100010200100112110010020220212003010303011102021221102031313112130322231122112131222
3000010100010200100112110010020220212003010303011102021221102031313112130322231122112131223
3000010100010200100112110010020220212003010303011102021221102031313112130322231122112131230
3000010100010200100112110010020220212003010303011102021221102031313112130322231122112131231
3000010100010200100112110010020220212003010303011102021221102031313112130322231122112131232
3000010100010200100112110010020220212003010303011102021221102031313112130322231122112131233
30000101000102001001121100100202202120030103030111020212211020313131121303222311221121313
3000010100010200100112110010020220212003010303011102021221102031313112130322231122112132
3000010100010200100112110010020220212003010303011102021221102031313112130322231122112133
30000101000102001001121100100202202120030103030111020212211020313131121303222311221122
30000101000102001001121100100202202120030103030111020212211020313131121303222311221123
300001010001020010011211001002022021200301030301110202122110203131311213032223113
300001010001020010011211001002022021200301030301110202122110203131311213032223121
300001010001020010011211001002022021200301030301110202122110203131311213032223122
300001010001020010011211001002022021200301030301110202122110203131311213032223123
300001010001020010011211001002022021200301030301110202122110203131311213032223131
300001010001020010011211001002022021200301030301110202122110203131311213032223132
300001010001020010011211001002022021200301030301110202122110203131311213032223133
3000010100010200100112110010020220212003010303011102021221103
300001010001020010011211001002022021200301030301110202122111
300001010001020010011211001002022021200301030301110202122112
300001010001020010011211001002022021200301030301110202122113
30000101000102001001121101
30000101000102001001121102
30000101000102001001121103
30000102
30000103
