00000
010
020
0300000
0010
0020
0030
000100
00020
00030
00001
00002
00003
011
012
013
021
022
023
0310
0320
0330
030100
03020
03030
030010
030020
030030
0300010
0300020
0300030
0300001
0300002
0300003
0011
0012
0013
0021
0022
0023
0031
0032
0033
000110
000120
000130
000101
000102
000103
00021
00022
00023
00031
00032
00033
0311
0312
0313
0321
0322
0323
0331
0332
0333
030110
030120
030130
030101
030102
030103
03021
03022
03023
03031
03032
03033
030011
030012
030013
030021
030022
030023
030031
030032
030033
0300011
0300012
0300013
0300021
0300022
0300023
0300031
0300032
0300033
000111
000112
000113
000121
000122
000123
0001310
0001320
0001330
030111
030112
030113
030121
030122
030123
030131
030132
030133
0001311
0001312
0001313
0001321
0001322
0001323
0001331
0001332
0001333
30000
3100
320
3300
3010
30200
3030
3001000
30020
30030
30001
30002
30003
3110
31200
3130
3101
3102
3103
321
322
323
3310
3320
33300
3301
3302
3303
3011
3012
3013
30210
30220
30230
30201
30202
30203
3031
3032
3033
300110
300120
300130
3001010
3001020
3001030
3001001
3001002
3001003
30021
30022
30023
30031
30032
30033
3111
3112
3113
31210
31220
31230
31201
31202
31203
3131
3132
3133
3311
3312
3313
3321
3322
3323
33310
33320
3333
33301
33302
33303
30211
30212
30213
30221
30222
30223
30231
30232
30233
300111
300112
300113
300121
300122
300123
300131
300132
300133
3001011
3001012
3001013
3001021
3001022
3001023
3001031
3001032
3001033
31211
31212
31213
31221
31222
31223
31231
31232
31233
33311
33312
33313
33321
33322
33323
1000
1100000
120
130
10100
10200
1030
1001
1002
1003
1110
1120
11300
110100
11020
11030
110010
110020
110030
1100010
1100020
1100030
1100001
1100002
1100003
121
122
123
131
132
133
10110
10120
10130
10101
10102
10103
10210
10220
10230
10201
10202
10203
1031
1032
1033
1111
1112
1113
1121
1122
1123
1131
11320
11330
11301
11302
11303
110110
110120
110130
110101
110102
110103
11021
11022
11023
11031
11032
11033
110011
110012
110013
110021
110022
110023
110031
110032
110033
1100011
1100012
1100013
1100021
1100022
1100023
1100031
1100032
1100033
10111
10112
10113
10121
10122
10123
10131
10132
10133
10211
10212
10213
10221
10222
10223
10231
10232
10233
11321
11322
11323
11331
11332
11333
110111
110112
110113
110121
110122
110123
110131
110132
110133
20000
210
220000
230
2010
202000
20300
20010
20020
20030
20001
20002
20003
211
212
213
2210
2220
2230
22010
22020
22030
220010
220020
220030
220001
220002
220003
231
232
233
2011
2012
2013
20210
20220
20230
202010
202020
202030
202001
202002
202003
20310
20320
203300
20301
20302
20303
20011
20012
20013
20021
20022
20023
20031
20032
20033
2211
2212
2213
2221
2222
2223
2231
2232
2233
22011
22012
22013
22021
22022
22023
22031
22032
22033
220011
220012
220013
220021
220022
220023
220031
220032
220033
20211
20212
20213
20221
20222
20223
20231
20232
20233
202011
202012
202013
202021
202022
202023
202031
202032
202033
20311
20312
20313
20321
20322
20323
203310
20332
203330
203301
203302
203303
203311
203312
203313
203331
203332
203333
