2000000
2100
220
230
2010
2020
2030
20010
2002
20030
200010
200020
200030
2000010
2000020
2000030
2000001
2000002
2000003
2110
2120
2130
2101
2102
2103
221
222
223
231
232
233
2011
2012
2013
2021
2022
2023
2031
2032
2033
20011
20012
20013
20031
20032
20033
200011
200012
200013
200021
200022
200023
200031
200032
200033
2000011
2000012
2000013
2000021
2000022
2000023
2000031
2000032
2000033
2111
2112
2113
2121
2122
2123
2131
2132
2133
0000
010
020
030
0010
0020
00300
0001
0002
0003
0110
012000
0130
021
022
023
031
032
033
0011
0012
0013
0021
0022
0023
00310
00320
00330
00301
00302
00303
0111
0112
0113
01210
01220
01230
012010
012020
012030
012001
012002
012003
0131
0132
0133
00311
00312
00313
00321
00322
00323
00331
00332
00333
01211
01212
01213
01221
01222
01223
01231
01232
01233
012011
012012
012013
012021
012022
012023
012031
012032
012033
1000
1100
120
130
1010
1020
10300
1001
1002
1003
111
112000
1130
1101
1102
1103
121
122
123
131
132
133
1011
1012
1013
1021
1022
1023
10310
10320
10330
10301
10302
10303
11210
11220
11230
112010
112020
112030
112001
112002
112003
1131
1132
1133
10311
10312
10313
10321
10322
10323
10331
10332
10333
11211
11212
11213
11221
11222
11223
11231
11232
11233
112011
112012
112013
112021
112022
112023
112031
112032
112033
3000
310
320
3300
30100
3020
3030
3001
3002
3003
311
312
313
321
322
323
3310
3320
3330
3301
3302
3303
30110
3012000
3013
30101
30102
30103
3021
3022
3023
3031
3032
3033
3311
3312
3313
3321
3322
3323
3331
3332
3333
30111
30112
30113
301210
301220
301230
3012010
3012020
3012030
3012001
3012002
3012003
301211
301212
301213
301221
301222
301223
301231
301232
301233
3012011
3012012
3012013
3012021
3012022
3012023
3012031
3012032
3012033
