0,16,6,7,13,7
0,9,8,0
0,5,3,6
0,0
0,16,0
0,16,8
0,16,16
0,16,6,6
0,16,6,3
0,16,6,12,8
0,16,6,7,11,11
0,16,6,7,4,2,10,6
0,16,6,7,13,12
0,16,6,7,13,10
0,9,6
0,9,13
0,9,8,8
0,9,8,1,0
0,5,4
0,5,6
0,5,3,0
0,5,3,5
0,5,3,16
0,16,6,12,7
0,16,6,12,14,0
0,16,6,7,11,9
0,16,6,7,11,4
0,16,6,7,11,10
0,16,6,7,4,15,3
0,16,6,7,4,8
0,16,6,7,4,10
0,16,6,7,4,2,4
0,16,6,7,4,2,3
0,16,6,7,4,2,15
0,16,6,7,4,2,10,8
0,16,6,7,4,2,10,1
0,16,6,7,4,2,10,2
0,9,8,1,9
0,5,17,14
0,5,17,17
0,5,17,5
0,16,6,12,14,13
0,16,6,12,14,7
0,16,6,7,4,15,4
0,16,6,7,4,15,6
0,16,6,7,4,15,14
