0 4 7 0 0 9 1 3 4 9 3 9 9 8 6 3 6 2 9
0 4 7 0 0 9 1 3 4 9 3 9 9 8 6 3 6 2 8 5 2 1 3 5 4 1 5 8 8 8
0 4 7 0 0 9 1 3 4 9 3 9 9 8 6 3 6 2 8 5 2 1 3 5 4 1 5 7 5
0 4 7 0 0 9 1 3 4 9 3 9 9 8 6 3 6 2 8 5 2 1 3 5 4 1 5 7 8
0 4 7 0 0 9 1 3 4 9 3 9 9 8 6 3 6 2 8 5 2 1 3 5 4 1 5 7 9
0 4 7 0 0 9 1 3 4 9 3 9 9 8 6 3 6 2 8 5 2 1 3 5 4 1 9
0 4 7 0 0 9 1 3 4 9 3 9 9 8 6 3 6 2 8 5 2 1 3 5 4 8
0 4 7 0 0 9 1 3 4 9 3 9 9 8 6 3 6 2 8 5 2 7
0 4 7 0 0 9 1 3 4 9 3 9 9 8 6 3 6 1
0 4 7 0 0 9 1 3 4 9 3 9 9 8 6 3 6 7
0 4 7 0 0 6
