2000
2100
220000
230
2010
202000
2030
2001
2002
2003
2110
212
21300
2101
2102
2103
2210
2220
2230
22010
22020
22030
220010
220020
220030
220001
220002
220003
231
232
233
2011
2012
2013
20210
20220
20230
202010
2020200
202030
202001
202002
202003
2031
2032
2033
2111
2112
2113
21310
21320
21330
21301
21302
21303
2211
2212
2213
2221
2222
2223
2231
2232
2233
22011
22012
22013
22021
22022
22023
22031
22032
22033
220011
220012
220013
220021
220022
220023
220031
220032
220033
20211
20212
20213
20221
20222
20223
20231
20232
20233
202011
202012
202013
2020210
2020220
2020230
2020201
2020202
2020203
202031
202032
202033
21311
21312
21313
21321
21322
21323
21331
21332
21333
2020211
2020212
2020213
2020221
2020222
2020223
2020231
2020232
2020233
0000
010
020000
030
0010
002000
0030
0001
0002
0003
0110
0120
01300
0210
0220
0230
02010
02020
02030
020010
020020
020030
020001
020002
020003
031
032
033
0011
0012
0013
00210
00220
00230
002010
0020200
002030
002001
002002
002003
0031
0032
0033
0111
0112
0113
0121
0122
0123
01310
01320
01330
01301
01302
01303
0211
0212
0213
0221
0222
0223
0231
0232
0233
02011
02012
02013
02021
02022
02023
02031
02032
02033
020011
020012
020013
020021
020022
020023
020031
020032
020033
00211
00212
00213
00221
00222
00223
00231
00232
00233
002011
002012
002013
0020210
0020220
0020230
0020201
0020202
0020203
002031
002032
002033
01311
01312
01313
01321
01322
01323
01331
01332
01333
0020211
0020212
0020213
0020221
0020222
0020223
0020231
0020232
0020233
100
11000
12000000
130
101
102
103
111
1120
11300
11010
11020
11030
11001
11002
11003
1210
1220
1230
12010
120200
12030
120010
120020
120030
1200010
1200020
1200030
12000010
12000020
12000030
12000001
12000002
12000003
131
132
133
1121
1122
1123
11310
11320
11330
11301
11302
11303
11011
11012
11013
11021
11022
11023
11031
11032
11033
1211
1212
1213
1221
1222
1223
1231
1232
1233
12011
12012
12013
120210
120220
120230
120201
120202
120203
12031
12032
12033
120011
120012
120013
120021
120022
120023
120031
120032
120033
1200011
1200012
1200013
1200021
1200022
1200023
1200031
1200032
1200033
12000011
12000012
12000013
12000021
12000022
12000023
12000031
12000032
12000033
11311
11312
11313
11321
11322
11323
11331
11332
11333
120211
120212
120213
120221
120222
120223
120231
120232
120233
30000
310
3200
330
3010
3020000
3030
30010
3002000
30030
30001
30002
30003
311
312
313
3210
3220
323
3201
3202
3203
331
332
333
3011
3012
3013
30210
30220
30230
302010
302020
302030
3020010
3020020
3020030
3020001
3020002
3020003
3031
3032
3033
30011
30012
30013
300210
300220
300230
3002010
30020200
3002030
3002001
3002002
3002003
30031
30032
30033
3211
3212
3213
3221
3222
3223
30211
30212
30213
30221
30222
30223
30231
30232
30233
302011
302012
302013
302021
302022
302023
302031
302032
302033
3020011
3020012
3020013
3020021
3020022
3020023
3020031
3020032
3020033
300211
300212
300213
300221
300222
300223
300231
300232
300233
3002011
3002012
3002013
30020210
30020220
30020230
30020201
30020202
30020203
3002031
3002032
3002033
30020211
30020212
30020213
30020221
30020222
30020223
30020231
30020232
30020233
