0000101001001100111020300020211001120110213010
0000101001001100111020300020211001120110213011
000010100100110011102030002021100112011021301220203021121223012
0000101001001100111020300020211001120110213012202030211212230130
00001010010011001110203000202110011201102130122020302112122301313102020
00001010010011001110203000202110011201102130122020302112122301313102021
00001010010011001110203000202110011201102130122020302112122301313102022003210320311220
0000101001001100111020300020211001120110213012202030211212230131310202200321032031122131330121
000010100100110011102030002021100112011021301220203021121223013131020220032103203112213133012230
000010100100110011102030002021100112011021301220203021121223013131020220032103203112213133012231
000010100100110011102030002021100112011021301220203021121223013131020220032103203112213133012232
000010100100110011102030002021100112011021301220203021121223013131020220032103203112213133012233
000010100100110011102030002021100112011021301220203021121223013131020220032103203112213133012311
0000101001001100111020300020211001120110213012202030211212230131310202200321032031122131330123123
00001010010011001110203000202110011201102130122020302112122301313102022003210320311221313301231330
00001010010011001110203000202110011201102130122020302112122301313102022003210320311221313301231331
00001010010011001110203000202110011201102130122020302112122301313102022003210320311221313301231332
0000101001001100111020300020211001120110213012202030211212230131310202200321032031122131330123133322
0000101001001100111020300020211001120110213012202030211212230131310202200321032031122131330123133323
000010100100110011102030002021100112011021301220203021121223013131020220032103203112213133012313333
0000101001001100111020300020211001120110213012202030211212230131310202200321032031122131330131212
000010100100110011102030002021100112011021301220203021121223013131020220032103203112213133013121322
000010100100110011102030002021100112011021301220203021121223013131020220032103203112213133013121323
0000101001001100111020300020211001120110213012202030211212230131310202200321032031122131330131213321303
000010100100110011102030002021100112011021301220203021121223013131020220032103203112213133013121332131
00001010010011001110203000202110011201102130122020302112122301313102022003210320311221313301312133213222
000010100100110011102030002021100112011021301220203021121223013131020220032103203112213133013121332132233
0000101001001100111020300020211001120110213012202030211212230131310202200321032031122131330131213321323
000010100100110011102030002021100112011021301220203021121223013131020220032103203112213133013121332133
000010100100110011102030002021100112011021301220203021121223013131020220032103203112213133022
000010100100110011102030002021100112011021301220203021121223013131020220032103203112213133023
0000101001001100111020300020211001120110213012202030211212230131310202200321032031122131330323
0000101001001100111020300020211001120110213012202030211212230131310202200321032031122131330330
0000101001001100111020300020211001120110213012202030211212230131310202200321032031122131330331
0000101001001100111020300020211001120110213012202030211212230131310202200321032031122131330332
0000101001001100111020300020211001120110213012202030211212230131310202200321032031122131330333
000010100100110011102030002021100112011021301220203021121223013131020220032103203113
0000101001001100111020300020211001120110213012202030211212230131310203
00001010010011001110203000202110011201102130122020302112122301313103
00001010010011001110203000202110011201102130122020302112122302
00001010010011001110203000202110011201102130122020302112122303
10000010011100102030001001020111120110213010
10000010011100102030001001020111120110213011
1000001001110010203000100102011112011021301212021120302122213102020
1000001001110010203000100102011112011021301212021120302122213102021
10000010011100102030001001020111120110213012120211203021222131020220023012
100000100111001020300010010201111201102130121202112030212221310202200230130
100000100111001020300010010201111201102130121202112030212221310202200230131
10000010011100102030001001020111120110213012120211203021222131020220023013210320311220
1000001001110010203000100102011112011021301212021120302122213102022002301321032031122131330131212230
1000001001110010203000100102011112011021301212021120302122213102022002301321032031122131330131212231
1000001001110010203000100102011112011021301212021120302122213102022002301321032031122131330131212232
1000001001110010203000100102011112011021301212021120302122213102022002301321032031122131330131212233
1000001001110010203000100102011112011021301212021120302122213102022002301321032031122131330131212311
10000010011100102030001001020111120110213012120211203021222131020220023013210320311221313301312123123
100000100111001020300010010201111201102130121202112030212221310202200230132103203112213133013121231330
100000100111001020300010010201111201102130121202112030212221310202200230132103203112213133013121231331
100000100111001020300010010201111201102130121202112030212221310202200230132103203112213133013121231332
10000010011100102030001001020111120110213012120211203021222131020220023013210320311221313301312123133322
10000010011100102030001001020111120110213012120211203021222131020220023013210320311221313301312123133323
1000001001110010203000100102011112011021301212021120302122213102022002301321032031122131330131212313333
100000100111001020300010010201111201102130121202112030212221310202200230132103203112213133013121322
100000100111001020300010010201111201102130121202112030212221310202200230132103203112213133013121323
1000001001110010203000100102011112011021301212021120302122213102022002301321032031122131330131213321303
100000100111001020300010010201111201102130121202112030212221310202200230132103203112213133013121332131
10000010011100102030001001020111120110213012120211203021222131020220023013210320311221313301312133213222
100000100111001020300010010201111201102130121202112030212221310202200230132103203112213133013121332132233
1000001001110010203000100102011112011021301212021120302122213102022002301321032031122131330131213321323
100000100111001020300010010201111201102130121202112030212221310202200230132103203112213133013121332133
100000100111001020300010010201111201102130121202112030212221310202200230132103203112213133022
100000100111001020300010010201111201102130121202112030212221310202200230132103203112213133023
1000001001110010203000100102011112011021301212021120302122213102022002301321032031122131330323
10000010011100102030001001020111120110213012120211203021222131020220023013210320311221313303303
1000001001110010203000100102011112011021301212021120302122213102022002301321032031122131330331
1000001001110010203000100102011112011021301212021120302122213102022002301321032031122131330332
1000001001110010203000100102011112011021301212021120302122213102022002301321032031122131330333
100000100111001020300010010201111201102130121202112030212221310202200230132103203113
1000001001110010203000100102011112011021301212021120302122213102022002302
1000001001110010203000100102011112011021301212021120302122213102022002303
100000100111001020300010010201111201102130121202112030212221310203
1000001001110010203000100102011112011021301212021120302122213103
300000100110010010201110203001120012110110213010
300000100110010010201110203001120012110110213011
30000010011001001020111020300112001211011021301220203021121223130
300000100110010010201110203001120012110110213012202030211212231313102020
300000100110010010201110203001120012110110213012202030211212231313102021
300000100110010010201110203001120012110110213012202030211212231313102022002
300000100110010010201110203001120012110110213012202030211212231313102022003210320311220
3000001001100100102011102030011200121101102130122020302112122313131020220032103203112213230121
300000100110010010201110203001120012110110213012202030211212231313102022003210320311221323012230
300000100110010010201110203001120012110110213012202030211212231313102022003210320311221323012231
300000100110010010201110203001120012110110213012202030211212231313102022003210320311221323012232
300000100110010010201110203001120012110110213012202030211212231313102022003210320311221323012233311
3000001001100100102011102030011200121101102130122020302112122313131020220032103203112213230122333123
30000010011001001020111020300112001211011021301220203021121223131310202200321032031122132301223331330
30000010011001001020111020300112001211011021301220203021121223131310202200321032031122132301223331331
30000010011001001020111020300112001211011021301220203021121223131310202200321032031122132301223331332
3000001001100100102011102030011200121101102130122020302112122313131020220032103203112213230122333133322
3000001001100100102011102030011200121101102130122020302112122313131020220032103203112213230122333133323
300000100110010010201110203001120012110110213012202030211212231313102022003210320311221323012233313333
3000001001100100102011102030011200121101102130122020302112122313131020220032103203112213230123
3000001001100100102011102030011200121101102130122020302112122313131020220032103203112213230131212
300000100110010010201110203001120012110110213012202030211212231313102022003210320311221323013121322
300000100110010010201110203001120012110110213012202030211212231313102022003210320311221323013121323
3000001001100100102011102030011200121101102130122020302112122313131020220032103203112213230131213321303
3000001001100100102011102030011200121101102130122020302112122313131020220032103203112213230131213321313
30000010011001001020111020300112001211011021301220203021121223131310202200321032031122132301312133213222
300000100110010010201110203001120012110110213012202030211212231313102022003210320311221323013121332132233
3000001001100100102011102030011200121101102130122020302112122313131020220032103203112213230131213321323
300000100110010010201110203001120012110110213012202030211212231313102022003210320311221323013121332133
300000100110010010201110203001120012110110213012202030211212231313102022003210320311221323022
300000100110010010201110203001120012110110213012202030211212231313102022003210320311221323023
3000001001100100102011102030011200121101102130122020302112122313131020220032103203112213230330
3000001001100100102011102030011200121101102130122020302112122313131020220032103203112213230331
3000001001100100102011102030011200121101102130122020302112122313131020220032103203112213230332
3000001001100100102011102030011200121101102130122020302112122313131020220032103203112213230333
3000001001100100102011102030011200121101102130122020302112122313131020220032103203113
30000010011001001020111020300112001211011021301220203021121223131310203
300000100110010010201110203001120012110110213012202030211212231313103
300000100110010010201110203002
300000100110010010201110203003
2000000100110102030001001020111120102030210213010
2000000100110102030001001020111120102030210213011
200000010011010203000100102011112010203021021301211112122220023012
2000000100110102030001001020111120102030210213012111121222200230130
20000001001101020300010010201111201020302102130121111212222002301313102020
20000001001101020300010010201111201020302102130121111212222002301313102021
2000000100110102030001001020111120102030210213012111121222200230131310202210320311220
2000000100110102030001001020111120102030210213012111121222200230131310202210320311221313230
2000000100110102030001001020111120102030210213012111121222200230131310202210320311221313231
2000000100110102030001001020111120102030210213012111121222200230131310202210320311221313232
200000010011010203000100102011112010203021021301211112122220023013131020221032031122131323330121
200000010011010203000100102011112010203021021301211112122220023013131020221032031122131323330122
20000001001101020300010010201111201020302102130121111212222002301313102022103203112213132333012311
200000010011010203000100102011112010203021021301211112122220023013131020221032031122131323330123123
2000000100110102030001001020111120102030210213012111121222200230131310202210320311221313233301231330
2000000100110102030001001020111120102030210213012111121222200230131310202210320311221313233301231331
2000000100110102030001001020111120102030210213012111121222200230131310202210320311221313233301231332
200000010011010203000100102011112010203021021301211112122220023013131020221032031122131323330123133322
200000010011010203000100102011112010203021021301211112122220023013131020221032031122131323330123133323
20000001001101020300010010201111201020302102130121111212222002301313102022103203112213132333012313333
200000010011010203000100102011112010203021021301211112122220023013131020221032031122131323330131212
20000001001101020300010010201111201020302102130121111212222002301313102022103203112213132333013121322
20000001001101020300010010201111201020302102130121111212222002301313102022103203112213132333013121323
200000010011010203000100102011112010203021021301211112122220023013131020221032031122131323330131213321303
20000001001101020300010010201111201020302102130121111212222002301313102022103203112213132333013121332131
2000000100110102030001001020111120102030210213012111121222200230131310202210320311221313233301312133213222
20000001001101020300010010201111201020302102130121111212222002301313102022103203112213132333013121332132233
200000010011010203000100102011112010203021021301211112122220023013131020221032031122131323330131213321323
20000001001101020300010010201111201020302102130121111212222002301313102022103203112213132333013121332133
20000001001101020300010010201111201020302102130121111212222002301313102022103203112213132333023
200000010011010203000100102011112010203021021301211112122220023013131020221032031122131323330323
2000000100110102030001001020111120102030210213012111121222200230131310202210320311221313233303303
200000010011010203000100102011112010203021021301211112122220023013131020221032031122131323330331
200000010011010203000100102011112010203021021301211112122220023013131020221032031122131323330332
200000010011010203000100102011112010203021021301211112122220023013131020221032031122131323330333
20000001001101020300010010201111201020302102130121111212222002301313102022103203113
2000000100110102030001001020111120102030210213012111121222200230131310203
20000001001101020300010010201111201020302102130121111212222002301313103
20000001001101020300010010201111201020302102130121111212222002302
20000001001101020300010010201111201020302102130121111212222002303
