000
01000000
0200
030000
001
002
003
0110
01200
0130
01010
01020
01030
0100100
010020
010030
0100010
0100020
0100030
01000010
01000020
01000030
01000001
01000002
01000003
0210
02200
0230
0201
0202
0203
0310
03200
0330
03010
03020
03030
030010
030020
030030
030001
030002
030003
0111
0112
0113
01210
01220
012300
01201
01202
01203
0131
0132
0133
01011
01012
01013
010210
0102200
010230
01031
01032
01033
0100110
0100120
0100130
0100101
0100102
0100103
010021
010022
010023
010031
010032
010033
0100011
0100012
0100013
0100021
0100022
0100023
0100031
0100032
0100033
01000011
01000012
01000013
01000021
01000022
01000023
01000031
01000032
01000033
0211
0212
0213
02210
02220
02230
02201
02202
02203
0231
0232
0233
0311
0312
0313
03210
03220
032300
03201
03202
03203
0331
0332
0333
03011
03012
03013
03021
03022
03023
03031
03032
03033
030011
030012
030013
030021
030022
030023
030031
030032
030033
01211
01212
01213
01221
01222
01223
012310
012320
012330
012301
012302
012303
010211
010212
010213
0102210
0102220
0102230
0102201
0102202
0102203
010231
010232
010233
0100111
0100112
0100113
0100121
0100122
0100123
0100131
0100132
0100133
02211
02212
02213
02221
02222
02223
02231
02232
02233
03211
03212
03213
03221
03222
03223
032310
032320
032330
032301
032302
032303
012311
012312
012313
012321
012322
012323
012331
012332
012333
0102211
0102212
0102213
0102221
0102222
0102223
0102231
0102232
0102233
032311
032312
032313
032321
032322
032323
032331
032332
032333
200000
210000
220000
230
20100
20200
2030
20010
2002000
200300
200010
200020
200030
200001
200002
200003
2110
2120
2130
210100
21020
21030
210010
210020
210030
210001
210002
210003
2210
2220
2230
22010
22020
22030
220010
220020
220030
220001
220002
220003
231
232
233
20110
20120
201300
20101
20102
20103
20210
20220
20230
20201
20202
20203
2031
2032
2033
20011
20012
20013
200210
200220
200230
2002010
2002020
2002030
2002001
2002002
2002003
200310
200320
200330
200301
200302
200303
200011
200012
200013
200021
200022
200023
200031
200032
200033
2111
2112
2113
2121
2122
2123
2131
2132
2133
210110
210120
2101300
210101
210102
210103
21021
21022
21023
21031
21032
21033
210011
210012
210013
210021
210022
210023
210031
210032
210033
2211
2212
2213
2221
2222
2223
2231
2232
2233
22011
22012
22013
22021
22022
22023
22031
22032
22033
220011
220012
220013
220021
220022
220023
220031
220032
220033
20111
20112
20113
20121
20122
20123
201310
20132
201330
201301
201302
201303
20211
20212
20213
20221
20222
20223
20231
20232
20233
200211
200212
200213
200221
200222
200223
200231
200232
200233
2002011
2002012
2002013
2002021
2002022
2002023
2002031
2002032
2002033
200311
200312
200313
200321
200322
200323
200331
200332
200333
210111
210112
210113
210121
210122
210123
2101310
2101320
2101330
2101301
2101302
2101303
201311
201312
201313
201331
201332
201333
2101311
2101312
2101313
2101321
2101322
2101323
2101331
2101332
2101333
100000000
1100
120
130000
1010
1020
1030
100100
10020000
10030
100010
100020
100030
1000010
1000020
1000030
10000010
10000020
10000030
100000010
100000020
100000030
100000001
100000002
100000003
11100
1120
1130
1101
1102
1103
121
122
123
1310
1320
1330
1301
1302000
13030
130010
130020
130030
130001
130002
130003
1011
1012
1013
1021
1022
1023
1031
1032
1033
100110
100120
100130
100101
100102
100103
100210
100220
100230
1002010
1002020
1002030
10020010
10020020
10020030
10020001
10020002
10020003
10031
10032
10033
100011
100012
100013
100021
100022
100023
100031
100032
100033
1000011
1000012
1000013
1000021
1000022
1000023
1000031
1000032
1000033
10000011
10000012
10000013
10000021
10000022
10000023
10000031
10000032
10000033
100000011
100000012
100000013
100000021
100000022
100000023
100000031
100000032
100000033
11110
11120
11130
11101
11102
11103
1121
1122
1123
1131
1132
1133
1311
1312
1313
1321
1322
1323
1331
1332
1333
130210
130220
130230
1302010
1302020
1302030
1302001
1302002
1302003
13031
13032
13033
130011
130012
130013
130021
130022
130023
130031
130032
130033
100111
100112
100113
100121
100122
100123
100131
100132
100133
100211
100212
100213
100221
100222
100223
100231
100232
100233
1002011
1002012
1002013
1002021
1002022
1002023
1002031
1002032
1002033
10020011
10020012
10020013
10020021
10020022
10020023
10020031
10020032
10020033
11111
11112
11113
11121
11122
11123
11131
11132
11133
130211
130212
130213
130221
130222
130223
130231
130232
130233
1302011
1302012
1302013
1302021
1302022
1302023
1302031
1302032
1302033
300000
31000
3200
3300
30100
3020
3030
30010
30020
30030
3000100
300020
300030
300001
300002
300003
3110
31200
313000
31010
31020
31030
31001
31002
31003
32100
322000
323
3201
3202
3203
3310
33200
3330
3301
3302
3303
30110
30120
30130
30101
30102
30103
3021
3022
3023
3031
3032
3033
30011
30012
30013
30021
30022
30023
30031
30032
30033
3000110
3000120
3000130
3000101
3000102
3000103
300021
300022
300023
300031
300032
300033
3111
3112
3113
31210
31220
31230
31201
31202
31203
31310
31320
31330
313010
313020
313030
313001
313002
313003
31011
31012
31013
31021
31022
31023
31031
31032
31033
32110
32120
321300
32101
32102
32103
32210
32220
32230
322010
322020
322030
322001
322002
322003
3311
3312
3313
33210
33220
33230
33201
33202
33203
3331
3332
3333
30111
30112
30113
30121
30122
30123
30131
30132
30133
3000111
3000112
3000113
3000121
3000122
3000123
3000131
3000132
3000133
31211
31212
31213
31221
31222
31223
31231
31232
31233
31311
31312
31313
31321
31322
31323
31331
31332
31333
313011
313012
313013
313021
313022
313023
313031
313032
313033
32111
32112
32113
32121
32122
32123
321310
321320
321330
321301
321302
321303
32211
32212
32213
32221
32222
32223
32231
32232
32233
322011
322012
322013
322021
322022
322023
322031
322032
322033
33211
33212
33213
33221
33222
33223
33231
33232
33233
321311
321312
321313
321321
321322
321323
321331
321332
321333
