0 17 17
0 1 7 3 5 13 14 15 13
0 11 12 6 17
0 5
0 17 3
0 17 6
0 17 16 2 4 6
0 1 10 13
0 1 8 0
0 1 7 7
0 1 7 3 6
0 1 7 3 9 2
0 1 7 3 3
0 1 7 3 5 6
0 1 7 3 5 0
0 1 7 3 5 3
0 1 7 3 5 13 10
0 1 7 3 5 13 13
0 1 7 3 5 13 14 5
0 1 7 3 5 13 14 6
0 1 7 3 5 13 14 14
0 1 7 3 5 13 14 15 4
0 1 7 3 5 13 14 15 17
0 1 7 3 5 13 14 15 15
0 11 9
0 11 14
0 11 15
0 11 12 10
0 11 12 5
0 11 12 6 13
0 11 12 6 7
0 11 12 6 16
0 17 16 17
0 17 16 1
0 17 16 2 6
0 17 16 2 16
0 17 16 2 4 5
0 17 16 2 4 16
0 1 10 16
0 1 10 0
0 1 8 15
0 1 8 16
0 1 8 7
0 1 7 3 9 7
0 1 7 3 9 12
