20000010001020100102020002000303000010
200000100010201001020200020003030000110111110101011020
20000010001020100102020002000303000011011111010101102120
2000001000102010010202000200030300001101111101010110212121030130
200000100010201001020200020003030000110111110101011021212103013130
200000100010201001020200020003030000110111110101011021212103013131
200000100010201001020200020003030000110111110101011021212103013132122120
200000100010201001020200020003030000110111110101011021212103013132122121
2000001000102010010202000200030300001101111101010110212121030131321221222331
2000001000102010010202000200030300001101111101010110212121030131321221222332310
2000001000102010010202000200030300001101111101010110212121030131321221222332311
2000001000102010010202000200030300001101111101010110212121030131321221222332312
20000010001020100102020002000303000011011111010101102121210301313212212223323133
20000010001020100102020002000303000011011111010101102121210301313212212223323201
20000010001020100102020002000303000011011111010101102121210301313212212223323202
20000010001020100102020002000303000011011111010101102121210301313212212223323203
2000001000102010010202000200030300001101111101010110212121030131321221222332321112
2000001000102010010202000200030300001101111101010110212121030131321221222332321113
2000001000102010010202000200030300001101111101010110212121030131321221222332321122
2000001000102010010202000200030300001101111101010110212121030131321221222332321123
20000010001020100102020002000303000011011111010101102121210301313212212223323211311010
20000010001020100102020002000303000011011111010101102121210301313212212223323211311011
20000010001020100102020002000303000011011111010101102121210301313212212223323211311012
20000010001020100102020002000303000011011111010101102121210301313212212223323211311013
20000010001020100102020002000303000011011111010101102121210301313212212223323211311020
200000100010201001020200020003030000110111110101011021212103013132122122233232113110211120300202
200000100010201001020200020003030000110111110101011021212103013132122122233232113110211120300203
2000001000102010010202000200030300001101111101010110212121030131321221222332321131102111203002120
200000100010201001020200020003030000110111110101011021212103013132122122233232113110211120300212130
2000001000102010010202000200030300001101111101010110212121030131321221222332321131102111203002121313
20000010001020100102020002000303000011011111010101102121210301313212212223323211311021112030021213221
20000010001020100102020002000303000011011111010101102121210301313212212223323211311021112030021213222230
20000010001020100102020002000303000011011111010101102121210301313212212223323211311021112030021213222231323
200000100010201001020200020003030000110111110101011021212103013132122122233232113110211120300212132222313301
200000100010201001020200020003030000110111110101011021212103013132122122233232113110211120300212132222313302
200000100010201001020200020003030000110111110101011021212103013132122122233232113110211120300212132222313303
200000100010201001020200020003030000110111110101011021212103013132122122233232113110211120300212132222313311
20000010001020100102020002000303000011011111010101102121210301313212212223323211311021112030021213222231331220
2000001000102010010202000200030300001101111101010110212121030131321221222332321131102111203002121322223133122130
2000001000102010010202000200030300001101111101010110212121030131321221222332321131102111203002121322223133122131
2000001000102010010202000200030300001101111101010110212121030131321221222332321131102111203002121322223133122132
200000100010201001020200020003030000110111110101011021212103013132122122233232113110211120300212132222313312213322
2000001000102010010202000200030300001101111101010110212121030131321221222332321131102111203002121322223133122133233032
2000001000102010010202000200030300001101111101010110212121030131321221222332321131102111203002121322223133122133233033
200000100010201001020200020003030000110111110101011021212103013132122122233232113110211120300212132222313312213323313
200000100010201001020200020003030000110111110101011021212103013132122122233232113110211120300212132222313312213323323
2000001000102010010202000200030300001101111101010110212121030131321221222332321131102111203002121322223133122133233310
2000001000102010010202000200030300001101111101010110212121030131321221222332321131102111203002121322223133122133233311
2000001000102010010202000200030300001101111101010110212121030131321221222332321131102111203002121322223133122133233312
2000001000102010010202000200030300001101111101010110212121030131321221222332321131102111203002121322223133122133233313201
20000010001020100102020002000303000011011111010101102121210301313212212223323211311021112030021213222231331221332333132021
20000010001020100102020002000303000011011111010101102121210301313212212223323211311021112030021213222231331221332333132022
20000010001020100102020002000303000011011111010101102121210301313212212223323211311021112030021213222231331221332333132023
20000010001020100102020002000303000011011111010101102121210301313212212223323211311021112030021213222231331221332333132030
20000010001020100102020002000303000011011111010101102121210301313212212223323211311021112030021213222231331221332333132031
20000010001020100102020002000303000011011111010101102121210301313212212223323211311021112030021213222231331221332333132032
20000010001020100102020002000303000011011111010101102121210301313212212223323211311021112030021213222231331221332333132033
200000100010201001020200020003030000110111110101011021212103013132122122233232113110211120300212132222313312213323331321
20000010001020100102020002000303000011011111010101102121210301313212212223323211311021112030021213222231331221332333132230
20000010001020100102020002000303000011011111010101102121210301313212212223323211311021112030021213222231331221332333132231
20000010001020100102020002000303000011011111010101102121210301313212212223323211311021112030021213222231331221332333132232
20000010001020100102020002000303000011011111010101102121210301313212212223323211311021112030021213222231331221332333132233
20000010001020100102020002000303000011011111010101102121210301313212212223323211311021112030021213222231331221332333133
20000010001020100102020002000303000011011111010101102121210301313212212223323211311021112030021213222231331222
20000010001020100102020002000303000011011111010101102121210301313212212223323211311021112030021213222231331223
20000010001020100102020002000303000011011111010101102121210301313212212223323211311021112030021213222231331230010
20000010001020100102020002000303000011011111010101102121210301313212212223323211311021112030021213222231331230011
200000100010201001020200020003030000110111110101011021212103013132122122233232113110211120300212132222313312300123
200000100010201001020200020003030000110111110101011021212103013132122122233232113110211120300212132222313312300133
20000010001020100102020002000303000011011111010101102121210301313212212223323211311021112030021213222231331230020
20000010001020100102020002000303000011011111010101102121210301313212212223323211311021112030021213222231331230021
20000010001020100102020002000303000011011111010101102121210301313212212223323211311021112030021213222231331230022
20000010001020100102020002000303000011011111010101102121210301313212212223323211311021112030021213222231331230023
20000010001020100102020002000303000011011111010101102121210301313212212223323211311021112030021213222231331230030
20000010001020100102020002000303000011011111010101102121210301313212212223323211311021112030021213222231331230031
20000010001020100102020002000303000011011111010101102121210301313212212223323211311021112030021213222231331230032
20000010001020100102020002000303000011011111010101102121210301313212212223323211311021112030021213222231331230033
20000010001020100102020002000303000011011111010101102121210301313212212223323211311021112030021213222231331231
20000010001020100102020002000303000011011111010101102121210301313212212223323211311021112030021213222231331232
20000010001020100102020002000303000011011111010101102121210301313212212223323211311021112030021213222231331233
200000100010201001020200020003030000110111110101011021212103013132122122233232113110211120300212133
2000001000102010010202000200030300001101111101010110212121030131321221222332321131102111203003
200000100010201001020200020003030000110111110101011021212103013132122122233232113110211121
200000100010201001020200020003030000110111110101011021212103013132122122233232113110211122
200000100010201001020200020003030000110111110101011021212103013132122122233232113110211123
2000001000102010010202000200030300001101111101010110212121030131321221222332321131102112
2000001000102010010202000200030300001101111101010110212121030131321221222332321131102113
20000010001020100102020002000303000011011111010101102121210301313212212223323211311022
20000010001020100102020002000303000011011111010101102121210301313212212223323211311023
20000010001020100102020002000303000011011111010101102121210301313212212223323211311030
20000010001020100102020002000303000011011111010101102121210301313212212223323211311031
20000010001020100102020002000303000011011111010101102121210301313212212223323211311032
20000010001020100102020002000303000011011111010101102121210301313212212223323211311033
2000001000102010010202000200030300001101111101010110212121030131321221222332321132
2000001000102010010202000200030300001101111101010110212121030131321221222332321133
20000010001020100102020002000303000011011111010101102121210301313212212223323212
20000010001020100102020002000303000011011111010101102121210301313212212223323213
2000001000102010010202000200030300001101111101010110212122
2000001000102010010202000200030300001101111101010110212123
20000010001020100102020002000303000011011111010102
20000010001020100102020002000303000011011111010103
200000100010201001020200020003030000110111110102
200000100010201001020200020003030000110111110103
20000010001020100102020002000303000011011112
20000010001020100102020002000303000011011113
2000001000102010010202000200030300001102
2000001000102010010202000200030300001103
20000010001020100102020002001
20000010001020100102020002002
20000010001020100102020002003
0000000010000100102020103010202000
000000001000010010202010301020200101111101002012102030101103020
00000000100001001020201030102020010111110100201210203010110302130
000000001000010010202010301020200101111101002012102030101103021312230
00000000100001001020201030102020010111110100201210203010110302131223132122120
00000000100001001020201030102020010111110100201210203010110302131223132122121
00000000100001001020201030102020010111110100201210203010110302131223132122122
0000000010000100102020103010202001011111010020121020301011030213122313212212331
0000000010000100102020103010202001011111010020121020301011030213122313212212332310
0000000010000100102020103010202001011111010020121020301011030213122313212212332311
0000000010000100102020103010202001011111010020121020301011030213122313212212332312
00000000100001001020201030102020010111110100201210203010110302131223132122123323133
00000000100001001020201030102020010111110100201210203010110302131223132122123323201
00000000100001001020201030102020010111110100201210203010110302131223132122123323202
00000000100001001020201030102020010111110100201210203010110302131223132122123323203
0000000010000100102020103010202001011111010020121020301011030213122313212212332321111
0000000010000100102020103010202001011111010020121020301011030213122313212212332321112
0000000010000100102020103010202001011111010020121020301011030213122313212212332321113
0000000010000100102020103010202001011111010020121020301011030213122313212212332321121
0000000010000100102020103010202001011111010020121020301011030213122313212212332321122
0000000010000100102020103010202001011111010020121020301011030213122313212212332321123
00000000100001001020201030102020010111110100201210203010110302131223132122123323211311010
00000000100001001020201030102020010111110100201210203010110302131223132122123323211311011
00000000100001001020201030102020010111110100201210203010110302131223132122123323211311012
00000000100001001020201030102020010111110100201210203010110302131223132122123323211311013
00000000100001001020201030102020010111110100201210203010110302131223132122123323211311020
0000000010000100102020103010202001011111010020121020301011030213122313212212332321131102111203003032
0000000010000100102020103010202001011111010020121020301011030213122313212212332321131102111203003033
0000000010000100102020103010202001011111010020121020301011030213122313212212332321131102111203003130130
00000000100001001020201030102020010111110100201210203010110302131223132122123323211311021112030031301313
000000001000010010202010301020200101111101002012102030101103021312231321221233232113110211120300313013221
0000000010000100102020103010202001011111010020121020301011030213122313212212332321131102111203003130132220
0000000010000100102020103010202001011111010020121020301011030213122313212212332321131102111203003130132221
0000000010000100102020103010202001011111010020121020301011030213122313212212332321131102111203003130132222303
0000000010000100102020103010202001011111010020121020301011030213122313212212332321131102111203003130132222312
00000000100001001020201030102020010111110100201210203010110302131223132122123323211311021112030031301322223132
0000000010000100102020103010202001011111010020121020301011030213122313212212332321131102111203003130132222313311
0000000010000100102020103010202001011111010020121020301011030213122313212212332321131102111203003130132222313312202
0000000010000100102020103010202001011111010020121020301011030213122313212212332321131102111203003130132222313312203
00000000100001001020201030102020010111110100201210203010110302131223132122123323211311021112030031301322223133122130
00000000100001001020201030102020010111110100201210203010110302131223132122123323211311021112030031301322223133122131
00000000100001001020201030102020010111110100201210203010110302131223132122123323211311021112030031301322223133122132
0000000010000100102020103010202001011111010020121020301011030213122313212212332321131102111203003130132222313312213321
0000000010000100102020103010202001011111010020121020301011030213122313212212332321131102111203003130132222313312213322
0000000010000100102020103010202001011111010020121020301011030213122313212212332321131102111203003130132222313312213323323
00000000100001001020201030102020010111110100201210203010110302131223132122123323211311021112030031301322223133122133233310
00000000100001001020201030102020010111110100201210203010110302131223132122123323211311021112030031301322223133122133233311
00000000100001001020201030102020010111110100201210203010110302131223132122123323211311021112030031301322223133122133233312
00000000100001001020201030102020010111110100201210203010110302131223132122123323211311021112030031301322223133122133233313201
000000001000010010202010301020200101111101002012102030101103021312231321221233232113110211120300313013222231331221332333132020
000000001000010010202010301020200101111101002012102030101103021312231321221233232113110211120300313013222231331221332333132021
000000001000010010202010301020200101111101002012102030101103021312231321221233232113110211120300313013222231331221332333132022
000000001000010010202010301020200101111101002012102030101103021312231321221233232113110211120300313013222231331221332333132023
000000001000010010202010301020200101111101002012102030101103021312231321221233232113110211120300313013222231331221332333132030
000000001000010010202010301020200101111101002012102030101103021312231321221233232113110211120300313013222231331221332333132031
000000001000010010202010301020200101111101002012102030101103021312231321221233232113110211120300313013222231331221332333132032
000000001000010010202010301020200101111101002012102030101103021312231321221233232113110211120300313013222231331221332333132033
0000000010000100102020103010202001011111010020121020301011030213122313212212332321131102111203003130132222313312213323331321
000000001000010010202010301020200101111101002012102030101103021312231321221233232113110211120300313013222231331221332333132230
000000001000010010202010301020200101111101002012102030101103021312231321221233232113110211120300313013222231331221332333132231
000000001000010010202010301020200101111101002012102030101103021312231321221233232113110211120300313013222231331221332333132232
000000001000010010202010301020200101111101002012102030101103021312231321221233232113110211120300313013222231331221332333132233
000000001000010010202010301020200101111101002012102030101103021312231321221233232113110211120300313013222231331221332333133
000000001000010010202010301020200101111101002012102030101103021312231321221233232113110211120300313013222231331222
000000001000010010202010301020200101111101002012102030101103021312231321221233232113110211120300313013222231331223
000000001000010010202010301020200101111101002012102030101103021312231321221233232113110211120300313013222231331230010
000000001000010010202010301020200101111101002012102030101103021312231321221233232113110211120300313013222231331230011
0000000010000100102020103010202001011111010020121020301011030213122313212212332321131102111203003130132222313312300123
0000000010000100102020103010202001011111010020121020301011030213122313212212332321131102111203003130132222313312300133
000000001000010010202010301020200101111101002012102030101103021312231321221233232113110211120300313013222231331230020
000000001000010010202010301020200101111101002012102030101103021312231321221233232113110211120300313013222231331230021
000000001000010010202010301020200101111101002012102030101103021312231321221233232113110211120300313013222231331230022
000000001000010010202010301020200101111101002012102030101103021312231321221233232113110211120300313013222231331230023
000000001000010010202010301020200101111101002012102030101103021312231321221233232113110211120300313013222231331230030
000000001000010010202010301020200101111101002012102030101103021312231321221233232113110211120300313013222231331230031
000000001000010010202010301020200101111101002012102030101103021312231321221233232113110211120300313013222231331230032
000000001000010010202010301020200101111101002012102030101103021312231321221233232113110211120300313013222231331230033
000000001000010010202010301020200101111101002012102030101103021312231321221233232113110211120300313013222231331231
000000001000010010202010301020200101111101002012102030101103021312231321221233232113110211120300313013222231331232
000000001000010010202010301020200101111101002012102030101103021312231321221233232113110211120300313013222231331233
0000000010000100102020103010202001011111010020121020301011030213122313212212332321131102111203003130133
000000001000010010202010301020200101111101002012102030101103021312231321221233232113110211121
000000001000010010202010301020200101111101002012102030101103021312231321221233232113110211122
000000001000010010202010301020200101111101002012102030101103021312231321221233232113110211123
0000000010000100102020103010202001011111010020121020301011030213122313212212332321131102112
0000000010000100102020103010202001011111010020121020301011030213122313212212332321131102113
00000000100001001020201030102020010111110100201210203010110302131223132122123323211311022
00000000100001001020201030102020010111110100201210203010110302131223132122123323211311023
00000000100001001020201030102020010111110100201210203010110302131223132122123323211311030
00000000100001001020201030102020010111110100201210203010110302131223132122123323211311031
00000000100001001020201030102020010111110100201210203010110302131223132122123323211311032
00000000100001001020201030102020010111110100201210203010110302131223132122123323211311033
0000000010000100102020103010202001011111010020121020301011030213122313212212332321132
0000000010000100102020103010202001011111010020121020301011030213122313212212332321133
00000000100001001020201030102020010111110100201210203010110302131223132122123323212
00000000100001001020201030102020010111110100201210203010110302131223132122123323213
000000001000010010202010301020200101111101002012102030102
000000001000010010202010301020200101111101002012102030103
0000000010000100102020103010202001011111010020121020302
0000000010000100102020103010202001011111010020121020303
0000000010000100102020103010202001011111010020122
0000000010000100102020103010202001011111010020123
0000000010000100102020103010202001011112
0000000010000100102020103010202001011113
000000001000010010202010301020200102
000000001000010010202010301020200103
0000000010000100102020103010202002
0000000010000100102020103010202003
100000100001001020200110103010202000
100000100001001020200110103010202001011111000203001011121030130
10000010000100102020011010301020200101111100020300101112103013120
10000010000100102020011010301020200101111100020300101112103013121
1000001000010010202001101030102020010111110002030010111210301312230
100000100001001020200110103010202001011111000203001011121030131223132122120
100000100001001020200110103010202001011111000203001011121030131223132122121
100000100001001020200110103010202001011111000203001011121030131223132122122
10000010000100102020011010301020200101111100020300101112103013122313212212331
10000010000100102020011010301020200101111100020300101112103013122313212212332310
10000010000100102020011010301020200101111100020300101112103013122313212212332311
10000010000100102020011010301020200101111100020300101112103013122313212212332312
100000100001001020200110103010202001011111000203001011121030131223132122123323133
100000100001001020200110103010202001011111000203001011121030131223132122123323201
100000100001001020200110103010202001011111000203001011121030131223132122123323202
100000100001001020200110103010202001011111000203001011121030131223132122123323203
10000010000100102020011010301020200101111100020300101112103013122313212212332321121
10000010000100102020011010301020200101111100020300101112103013122313212212332321122
10000010000100102020011010301020200101111100020300101112103013122313212212332321123
100000100001001020200110103010202001011111000203001011121030131223132122123323211311010
100000100001001020200110103010202001011111000203001011121030131223132122123323211311011
100000100001001020200110103010202001011111000203001011121030131223132122123323211311012
100000100001001020200110103010202001011111000203001011121030131223132122123323211311013
100000100001001020200110103010202001011111000203001011121030131223132122123323211311020
1000001000010010202001101030102020010111110002030010111210301312231321221233232113110211120300202
1000001000010010202001101030102020010111110002030010111210301312231321221233232113110211120300203
10000010000100102020011010301020200101111100020300101112103013122313212212332321131102111203002120
1000001000010010202001101030102020010111110002030010111210301312231321221233232113110211120300212130
10000010000100102020011010301020200101111100020300101112103013122313212212332321131102111203002121313
100000100001001020200110103010202001011111000203001011121030131223132122123323211311021112030021213221
100000100001001020200110103010202001011111000203001011121030131223132122123323211311021112030021213222230
10000010000100102020011010301020200101111100020300101112103013122313212212332321131102111203002121322223132
1000001000010010202001101030102020010111110002030010111210301312231321221233232113110211120300212132222313301
1000001000010010202001101030102020010111110002030010111210301312231321221233232113110211120300212132222313302
1000001000010010202001101030102020010111110002030010111210301312231321221233232113110211120300212132222313303
1000001000010010202001101030102020010111110002030010111210301312231321221233232113110211120300212132222313311
100000100001001020200110103010202001011111000203001011121030131223132122123323211311021112030021213222231331220
10000010000100102020011010301020200101111100020300101112103013122313212212332321131102111203002121322223133122130
10000010000100102020011010301020200101111100020300101112103013122313212212332321131102111203002121322223133122131
10000010000100102020011010301020200101111100020300101112103013122313212212332321131102111203002121322223133122132
1000001000010010202001101030102020010111110002030010111210301312231321221233232113110211120300212132222313312213322
10000010000100102020011010301020200101111100020300101112103013122313212212332321131102111203002121322223133122133233032
10000010000100102020011010301020200101111100020300101112103013122313212212332321131102111203002121322223133122133233033
1000001000010010202001101030102020010111110002030010111210301312231321221233232113110211120300212132222313312213323313
1000001000010010202001101030102020010111110002030010111210301312231321221233232113110211120300212132222313312213323323
10000010000100102020011010301020200101111100020300101112103013122313212212332321131102111203002121322223133122133233310
10000010000100102020011010301020200101111100020300101112103013122313212212332321131102111203002121322223133122133233311
10000010000100102020011010301020200101111100020300101112103013122313212212332321131102111203002121322223133122133233312
10000010000100102020011010301020200101111100020300101112103013122313212212332321131102111203002121322223133122133233313201
100000100001001020200110103010202001011111000203001011121030131223132122123323211311021112030021213222231331221332333132020
100000100001001020200110103010202001011111000203001011121030131223132122123323211311021112030021213222231331221332333132021
100000100001001020200110103010202001011111000203001011121030131223132122123323211311021112030021213222231331221332333132022
100000100001001020200110103010202001011111000203001011121030131223132122123323211311021112030021213222231331221332333132023
100000100001001020200110103010202001011111000203001011121030131223132122123323211311021112030021213222231331221332333132030
100000100001001020200110103010202001011111000203001011121030131223132122123323211311021112030021213222231331221332333132031
100000100001001020200110103010202001011111000203001011121030131223132122123323211311021112030021213222231331221332333132032
100000100001001020200110103010202001011111000203001011121030131223132122123323211311021112030021213222231331221332333132033
1000001000010010202001101030102020010111110002030010111210301312231321221233232113110211120300212132222313312213323331321
100000100001001020200110103010202001011111000203001011121030131223132122123323211311021112030021213222231331221332333132230
100000100001001020200110103010202001011111000203001011121030131223132122123323211311021112030021213222231331221332333132231
100000100001001020200110103010202001011111000203001011121030131223132122123323211311021112030021213222231331221332333132232
100000100001001020200110103010202001011111000203001011121030131223132122123323211311021112030021213222231331221332333132233
100000100001001020200110103010202001011111000203001011121030131223132122123323211311021112030021213222231331221332333133
100000100001001020200110103010202001011111000203001011121030131223132122123323211311021112030021213222231331222
100000100001001020200110103010202001011111000203001011121030131223132122123323211311021112030021213222231331223
100000100001001020200110103010202001011111000203001011121030131223132122123323211311021112030021213222231331230010
100000100001001020200110103010202001011111000203001011121030131223132122123323211311021112030021213222231331230011
1000001000010010202001101030102020010111110002030010111210301312231321221233232113110211120300212132222313312300123
1000001000010010202001101030102020010111110002030010111210301312231321221233232113110211120300212132222313312300133
100000100001001020200110103010202001011111000203001011121030131223132122123323211311021112030021213222231331230020
100000100001001020200110103010202001011111000203001011121030131223132122123323211311021112030021213222231331230021
100000100001001020200110103010202001011111000203001011121030131223132122123323211311021112030021213222231331230022
100000100001001020200110103010202001011111000203001011121030131223132122123323211311021112030021213222231331230023
100000100001001020200110103010202001011111000203001011121030131223132122123323211311021112030021213222231331230030
100000100001001020200110103010202001011111000203001011121030131223132122123323211311021112030021213222231331230031
100000100001001020200110103010202001011111000203001011121030131223132122123323211311021112030021213222231331230032
100000100001001020200110103010202001011111000203001011121030131223132122123323211311021112030021213222231331230033
100000100001001020200110103010202001011111000203001011121030131223132122123323211311021112030021213222231331231
100000100001001020200110103010202001011111000203001011121030131223132122123323211311021112030021213222231331232
100000100001001020200110103010202001011111000203001011121030131223132122123323211311021112030021213222231331233
1000001000010010202001101030102020010111110002030010111210301312231321221233232113110211120300212133
10000010000100102020011010301020200101111100020300101112103013122313212212332321131102111203003
1000001000010010202001101030102020010111110002030010111210301312231321221233232113110211121
1000001000010010202001101030102020010111110002030010111210301312231321221233232113110211122
1000001000010010202001101030102020010111110002030010111210301312231321221233232113110211123
10000010000100102020011010301020200101111100020300101112103013122313212212332321131102112
10000010000100102020011010301020200101111100020300101112103013122313212212332321131102113
100000100001001020200110103010202001011111000203001011121030131223132122123323211311022
100000100001001020200110103010202001011111000203001011121030131223132122123323211311023
100000100001001020200110103010202001011111000203001011121030131223132122123323211311030
100000100001001020200110103010202001011111000203001011121030131223132122123323211311031
100000100001001020200110103010202001011111000203001011121030131223132122123323211311032
100000100001001020200110103010202001011111000203001011121030131223132122123323211311033
10000010000100102020011010301020200101111100020300101112103013122313212212332321132
10000010000100102020011010301020200101111100020300101112103013122313212212332321133
100000100001001020200110103010202001011111000203001011121030131223132122123323212
100000100001001020200110103010202001011111000203001011121030131223132122123323213
100000100001001020200110103010202001011111000203001011122
100000100001001020200110103010202001011111000203001011123
1000001000010010202001101030102020010111110002030010112
1000001000010010202001101030102020010111110002030010113
10000010000100102020011010301020200101111100020300102
10000010000100102020011010301020200101111100020300103
100000100001001020200110103010202001011112
100000100001001020200110103010202001011113
10000010000100102020011010301020200102
10000010000100102020011010301020200103
100000100001001020200110103010202002
100000100001001020200110103010202003
1000001000010010202002
1000001000010010202003
3000000010101011011100202000110001030202000
30000000101010110111002020001100010302020012102030010101103020
3000000010101011011100202000110001030202001210203001010110302130
30000000101010110111002020001100010302020012102030010101103021312230
3000000010101011011100202000110001030202001210203001010110302131223132122120
3000000010101011011100202000110001030202001210203001010110302131223132122121
3000000010101011011100202000110001030202001210203001010110302131223132122122
300000001010101101110020200011000103020200121020300101011030213122313212212331
300000001010101101110020200011000103020200121020300101011030213122313212212332310
300000001010101101110020200011000103020200121020300101011030213122313212212332311
300000001010101101110020200011000103020200121020300101011030213122313212212332312
3000000010101011011100202000110001030202001210203001010110302131223132122123323133
3000000010101011011100202000110001030202001210203001010110302131223132122123323201
3000000010101011011100202000110001030202001210203001010110302131223132122123323202
3000000010101011011100202000110001030202001210203001010110302131223132122123323203
300000001010101101110020200011000103020200121020300101011030213122313212212332321111
300000001010101101110020200011000103020200121020300101011030213122313212212332321112
300000001010101101110020200011000103020200121020300101011030213122313212212332321113
300000001010101101110020200011000103020200121020300101011030213122313212212332321121
300000001010101101110020200011000103020200121020300101011030213122313212212332321122
300000001010101101110020200011000103020200121020300101011030213122313212212332321123
3000000010101011011100202000110001030202001210203001010110302131223132122123323211311010
3000000010101011011100202000110001030202001210203001010110302131223132122123323211311011
3000000010101011011100202000110001030202001210203001010110302131223132122123323211311012
3000000010101011011100202000110001030202001210203001010110302131223132122123323211311013
3000000010101011011100202000110001030202001210203001010110302131223132122123323211311020
30000000101010110111002020001100010302020012102030010101103021312231321221233232113110211120300203
300000001010101101110020200011000103020200121020300101011030213122313212212332321131102111203002120
30000000101010110111002020001100010302020012102030010101103021312231321221233232113110211120300212130
300000001010101101110020200011000103020200121020300101011030213122313212212332321131102111203002121313
3000000010101011011100202000110001030202001210203001010110302131223132122123323211311021112030021213221
3000000010101011011100202000110001030202001210203001010110302131223132122123323211311021112030021213222230
300000001010101101110020200011000103020200121020300101011030213122313212212332321131102111203002121322223132
30000000101010110111002020001100010302020012102030010101103021312231321221233232113110211120300212132222313301
30000000101010110111002020001100010302020012102030010101103021312231321221233232113110211120300212132222313302
30000000101010110111002020001100010302020012102030010101103021312231321221233232113110211120300212132222313303
30000000101010110111002020001100010302020012102030010101103021312231321221233232113110211120300212132222313311
3000000010101011011100202000110001030202001210203001010110302131223132122123323211311021112030021213222231331220
300000001010101101110020200011000103020200121020300101011030213122313212212332321131102111203002121322223133122130
300000001010101101110020200011000103020200121020300101011030213122313212212332321131102111203002121322223133122131
300000001010101101110020200011000103020200121020300101011030213122313212212332321131102111203002121322223133122132
30000000101010110111002020001100010302020012102030010101103021312231321221233232113110211120300212132222313312213322
300000001010101101110020200011000103020200121020300101011030213122313212212332321131102111203002121322223133122133233032
300000001010101101110020200011000103020200121020300101011030213122313212212332321131102111203002121322223133122133233033
30000000101010110111002020001100010302020012102030010101103021312231321221233232113110211120300212132222313312213323313
30000000101010110111002020001100010302020012102030010101103021312231321221233232113110211120300212132222313312213323323
300000001010101101110020200011000103020200121020300101011030213122313212212332321131102111203002121322223133122133233310
300000001010101101110020200011000103020200121020300101011030213122313212212332321131102111203002121322223133122133233311
300000001010101101110020200011000103020200121020300101011030213122313212212332321131102111203002121322223133122133233312
300000001010101101110020200011000103020200121020300101011030213122313212212332321131102111203002121322223133122133233313201
3000000010101011011100202000110001030202001210203001010110302131223132122123323211311021112030021213222231331221332333132020
3000000010101011011100202000110001030202001210203001010110302131223132122123323211311021112030021213222231331221332333132021
3000000010101011011100202000110001030202001210203001010110302131223132122123323211311021112030021213222231331221332333132022
3000000010101011011100202000110001030202001210203001010110302131223132122123323211311021112030021213222231331221332333132023
3000000010101011011100202000110001030202001210203001010110302131223132122123323211311021112030021213222231331221332333132031
3000000010101011011100202000110001030202001210203001010110302131223132122123323211311021112030021213222231331221332333132032
3000000010101011011100202000110001030202001210203001010110302131223132122123323211311021112030021213222231331221332333132033
30000000101010110111002020001100010302020012102030010101103021312231321221233232113110211120300212132222313312213323331321
3000000010101011011100202000110001030202001210203001010110302131223132122123323211311021112030021213222231331221332333132230
3000000010101011011100202000110001030202001210203001010110302131223132122123323211311021112030021213222231331221332333132231
3000000010101011011100202000110001030202001210203001010110302131223132122123323211311021112030021213222231331221332333132232
3000000010101011011100202000110001030202001210203001010110302131223132122123323211311021112030021213222231331221332333132233
3000000010101011011100202000110001030202001210203001010110302131223132122123323211311021112030021213222231331221332333133
3000000010101011011100202000110001030202001210203001010110302131223132122123323211311021112030021213222231331222
3000000010101011011100202000110001030202001210203001010110302131223132122123323211311021112030021213222231331223
3000000010101011011100202000110001030202001210203001010110302131223132122123323211311021112030021213222231331230010
3000000010101011011100202000110001030202001210203001010110302131223132122123323211311021112030021213222231331230011
30000000101010110111002020001100010302020012102030010101103021312231321221233232113110211120300212132222313312300123
30000000101010110111002020001100010302020012102030010101103021312231321221233232113110211120300212132222313312300133
3000000010101011011100202000110001030202001210203001010110302131223132122123323211311021112030021213222231331230020
3000000010101011011100202000110001030202001210203001010110302131223132122123323211311021112030021213222231331230021
3000000010101011011100202000110001030202001210203001010110302131223132122123323211311021112030021213222231331230022
3000000010101011011100202000110001030202001210203001010110302131223132122123323211311021112030021213222231331230023
3000000010101011011100202000110001030202001210203001010110302131223132122123323211311021112030021213222231331230030
3000000010101011011100202000110001030202001210203001010110302131223132122123323211311021112030021213222231331230031
3000000010101011011100202000110001030202001210203001010110302131223132122123323211311021112030021213222231331230032
3000000010101011011100202000110001030202001210203001010110302131223132122123323211311021112030021213222231331230033
3000000010101011011100202000110001030202001210203001010110302131223132122123323211311021112030021213222231331231
3000000010101011011100202000110001030202001210203001010110302131223132122123323211311021112030021213222231331232
3000000010101011011100202000110001030202001210203001010110302131223132122123323211311021112030021213222231331233
30000000101010110111002020001100010302020012102030010101103021312231321221233232113110211120300212133
300000001010101101110020200011000103020200121020300101011030213122313212212332321131102111203003
30000000101010110111002020001100010302020012102030010101103021312231321221233232113110211121
30000000101010110111002020001100010302020012102030010101103021312231321221233232113110211122
30000000101010110111002020001100010302020012102030010101103021312231321221233232113110211123
300000001010101101110020200011000103020200121020300101011030213122313212212332321131102112
300000001010101101110020200011000103020200121020300101011030213122313212212332321131102113
3000000010101011011100202000110001030202001210203001010110302131223132122123323211311022
3000000010101011011100202000110001030202001210203001010110302131223132122123323211311023
3000000010101011011100202000110001030202001210203001010110302131223132122123323211311030
3000000010101011011100202000110001030202001210203001010110302131223132122123323211311031
3000000010101011011100202000110001030202001210203001010110302131223132122123323211311032
3000000010101011011100202000110001030202001210203001010110302131223132122123323211311033
300000001010101101110020200011000103020200121020300101011030213122313212212332321132
300000001010101101110020200011000103020200121020300101011030213122313212212332321133
3000000010101011011100202000110001030202001210203001010110302131223132122123323212
3000000010101011011100202000110001030202001210203001010110302131223132122123323213
30000000101010110111002020001100010302020012102030010102
30000000101010110111002020001100010302020012102030010103
300000001010101101110020200011000103020200121020300102
300000001010101101110020200011000103020200121020300103
300000001010101101110020200011000103020200122
300000001010101101110020200011000103020200123
3000000010101011011100202000110001030202002
3000000010101011011100202000110001030202003
300000001010101101110020200012
300000001010101101110020200013
3000000010102
3000000010103
