000
010
020000
030
001
002
003
011
012
013
0210
02200
0230
02010
02020
02030
020010
020020
020030
020001
020002
020003
031
032
033
0211
0212
0213
02210
02220
02230
02201
02202
02203
02310
02320
02330
02011
02012
02013
02021
02022
02023
02031
02032
02033
020011
020012
020013
020021
020022
020023
020031
020032
020033
02211
02212
02213
02221
02222
02223
02231
02232
02233
02311
02312
02313
02321
02322
02323
02331
02332
02333
1000
110
12000
130
1010
10200
10300
1001
1002
1003
111
112
113
121
1220
1230
12010
12020
12030
12001
12002
12003
131
132
133
1011
1012
1013
10210
10220
10230
10201
10202
10203
10310
10320
10330
10301
10302
10303
1221
1222
1223
1231
1232
1233
12011
12012
12013
12021
12022
12023
12031
12032
12033
10211
10212
10213
10221
10222
10223
10231
10232
10233
10311
10312
10313
10321
10322
10323
10331
10332
10333
2000
210
22000
230
2010
20200
20300
2001
2002
2003
211
212
213
2210
222
2230
22010
22020
22030
22001
22002
22003
231
232
233
2011
2012
2013
20210
20220
20230
20201
20202
20203
20310
20320
20330
20301
20302
20303
2211
2212
2213
2231
2232
2233
22011
22012
22013
22021
22022
22023
22031
22032
22033
20211
20212
20213
20221
20222
20223
20231
20232
20233
20311
20312
20313
20321
20322
20323
20331
20332
20333
300
310
32000
3300
301
302
303
311
312
313
32100
3220
32300
32010
32020
32030
32001
32002
32003
3310
3320
3330
3301
3302
3303
32110
32120
32130
32101
32102
32103
3221
3222
3223
32310
32320
3233
32301
32302
32303
32011
32012
32013
32021
32022
32023
32031
32032
32033
3311
3312
3313
3321
3322
3323
3331
3332
3333
32111
32112
32113
32121
32122
32123
32131
32132
32133
32311
32312
32313
32321
32322
32323
