0,8,11,8,2,5,10,0,4,7,9,11,5,0,6,0,0
0,8,11,8,2,5,10,0,4,7,9,11,5,0,6,11,3,3,11,11
0,8,11,8,2,5,10,0,4,7,9,11,5,0,6,11,3,3,2,7,2,7,4,0
0,8,11,8,2,5,10,0,4,7,9,11,5,0,6,11,3,3,2,7,2,7,4,5,0
0,8,11,8,2,5,10,0,4,7,9,11,5,0,6,11,3,3,2,7,2,7,4,5,11
0,8,11,8,2,5,10,0,4,7,9,11,5,0,6,11,3,3,2,7,2,7,4,10,2,6,11
0,8,11,8,2,5,10,0,4,7,9,11,5,0,6,11,3,3,2,7,2,7,4,10,2,6,9,0
0,8,11,8,2,5,10,0,4,7,9,11,5,0,6,11,3,3,2,7,2,7,4,10,2,6,9,9,5
0,8,11,8,2,5,10,0,4,7,9,11,5,0,6,11,3,3,2,7,2,7,4,10,5
0,8,11,8,2,5,10,0,4,7,9,11,5,0,6,11,3,3,2,7,2,7,6
0,8,11,8,2,5,10,0,4,7,9,11,5,0,6,11,3,3,1,0
0,8,11,8,2,5,10,0,4,7,9,11,5,0,6,11,3,3,1,4
0,8,11,8,2,5,10,0,4,7,9,11,5,0,6,11,3,3,1,7
0,8,11,8,2,5,10,0,4,7,9,11,5,0,6,11,3,3,1,6
0,8,11,8,4
