0 0
0 13 15 3 4 8 17 17
0 7 11 17
0 13 17
0 13 12 13
0 13 15 13
0 13 15 16 4
0 13 15 3 0
0 13 15 3 10 0
0 13 15 3 4 4
0 13 15 3 4 15
0 13 15 3 4 17
0 13 15 3 4 8 6 14
0 13 15 3 4 8 0
0 13 15 3 4 8 17 14
0 13 15 3 4 8 17 0
0 13 15 3 4 8 17 4
0 7 7
0 7 15
0 7 9 2 14
0 7 11 10
0 7 11 9
0 7 11 0
0 13 12 0
0 13 12 14
0 13 12 16
0 13 14 13
0 13 14 5 3
0 13 14 6
0 13 14 1 8
0 13 14 1 11
0 13 14 1 0
0 13 15 16 7
0 13 15 16 16
0 13 15 16 6
0 13 15 3 10 13
0 13 15 3 10 10
0 13 15 3 10 12
0 13 15 3 4 8 6 4
0 13 15 3 4 8 6 13
0 13 15 3 4 8 6 0
0 7 9 17
0 7 9 3
0 7 9 2 5
0 7 9 2 0
0 13 14 5 7
0 13 14 5 1
0 13 14 5 0
