00000001010000102001010202000111030101020303020
0000000101000010200101020200011103010102030302112121020112010130301021020
0000000101000010200101020200011103010102030302112121020112010130301021021
00000001010000102001010202000111030101020303021121210201120101303010210222030
00000001010000102001010202000111030101020303021121210201120101303010210222031111122220
00000001010000102001010202000111030101020303021121210201120101303010210222031111122221
00000001010000102001010202000111030101020303021121210201120101303010210222031111122222300
00000001010000102001010202000111030101020303021121210201120101303010210222031111122222301311
0000000101000010200101020200011103010102030302112121020112010130301021022203111112222230131231121313230
0000000101000010200101020200011103010102030302112121020112010130301021022203111112222230131231121313231
0000000101000010200101020200011103010102030302112121020112010130301021022203111112222230131231121313232
0000000101000010200101020200011103010102030302112121020112010130301021022203111112222230131231121313233
000000010100001020010102020001110301010203030211212102011201013030102102220311111222223013123112131332032123
000000010100001020010102020001110301010203030211212102011201013030102102220311111222223013123112131332032130212
000000010100001020010102020001110301010203030211212102011201013030102102220311111222223013123112131332032130213
0000000101000010200101020200011103010102030302112121020112010130301021022203111112222230131231121313320321302211
0000000101000010200101020200011103010102030302112121020112010130301021022203111112222230131231121313320321302212202
0000000101000010200101020200011103010102030302112121020112010130301021022203111112222230131231121313320321302212203
000000010100001020010102020001110301010203030211212102011201013030102102220311111222223013123112131332032130221221213131
0000000101000010200101020200011103010102030302112121020112010130301021022203111112222230131231121313320321302212212131323303222
00000001010000102001010202000111030101020303021121210201120101303010210222031111122222301312311213133203213022122121313233032231
00000001010000102001010202000111030101020303021121210201120101303010210222031111122222301312311213133203213022122121313233032232
000000010100001020010102020001110301010203030211212102011201013030102102220311111222223013123112131332032130221221213132330322333
0000000101000010200101020200011103010102030302112121020112010130301021022203111112222230131231121313320321302212212131323303232
0000000101000010200101020200011103010102030302112121020112010130301021022203111112222230131231121313320321302212212131323303233
000000010100001020010102020001110301010203030211212102011201013030102102220311111222223013123112131332032130221221213132330330023102
000000010100001020010102020001110301010203030211212102011201013030102102220311111222223013123112131332032130221221213132330330023103203
000000010100001020010102020001110301010203030211212102011201013030102102220311111222223013123112131332032130221221213132330330023103213
00000001010000102001010202000111030101020303021121210201120101303010210222031111122222301312311213133203213022122121313233033002310322303
0000000101000010200101020200011103010102030302112121020112010130301021022203111112222230131231121313320321302212212131323303300231032231
0000000101000010200101020200011103010102030302112121020112010130301021022203111112222230131231121313320321302212212131323303300231032232
000000010100001020010102020001110301010203030211212102011201013030102102220311111222223013123112131332032130221221213132330330023103223330
000000010100001020010102020001110301010203030211212102011201013030102102220311111222223013123112131332032130221221213132330330023103223331
000000010100001020010102020001110301010203030211212102011201013030102102220311111222223013123112131332032130221221213132330330023103223332
000000010100001020010102020001110301010203030211212102011201013030102102220311111222223013123112131332032130221221213132330330023103223333
00000001010000102001010202000111030101020303021121210201120101303010210222031111122222301312311213133203213022122121313233033002310323310
00000001010000102001010202000111030101020303021121210201120101303010210222031111122222301312311213133203213022122121313233033002310323311
00000001010000102001010202000111030101020303021121210201120101303010210222031111122222301312311213133203213022122121313233033002310323312
00000001010000102001010202000111030101020303021121210201120101303010210222031111122222301312311213133203213022122121313233033002310323313
00000001010000102001010202000111030101020303021121210201120101303010210222031111122222301312311213133203213022122121313233033002310323320
00000001010000102001010202000111030101020303021121210201120101303010210222031111122222301312311213133203213022122121313233033002310323321
00000001010000102001010202000111030101020303021121210201120101303010210222031111122222301312311213133203213022122121313233033002310323322
00000001010000102001010202000111030101020303021121210201120101303010210222031111122222301312311213133203213022122121313233033002310323323
00000001010000102001010202000111030101020303021121210201120101303010210222031111122222301312311213133203213022122121313233033002310323330
00000001010000102001010202000111030101020303021121210201120101303010210222031111122222301312311213133203213022122121313233033002310323331
00000001010000102001010202000111030101020303021121210201120101303010210222031111122222301312311213133203213022122121313233033002310323332
00000001010000102001010202000111030101020303021121210201120101303010210222031111122222301312311213133203213022122121313233033002310323333
000000010100001020010102020001110301010203030211212102011201013030102102220311111222223013123112131332032130221221213132330330023112
000000010100001020010102020001110301010203030211212102011201013030102102220311111222223013123112131332032130221221213132330330023113
0000000101000010200101020200011103010102030302112121020112010130301021022203111112222230131231121313320321302212212131323303300231222
0000000101000010200101020200011103010102030302112121020112010130301021022203111112222230131231121313320321302212212131323303300231223
0000000101000010200101020200011103010102030302112121020112010130301021022203111112222230131231121313320321302212212131323303300231231
0000000101000010200101020200011103010102030302112121020112010130301021022203111112222230131231121313320321302212212131323303300231232
0000000101000010200101020200011103010102030302112121020112010130301021022203111112222230131231121313320321302212212131323303300231233
00000001010000102001010202000111030101020303021121210201120101303010210222031111122222301312311213133203213022122121313233033002313
00000001010000102001010202000111030101020303021121210201120101303010210222031111122222301312311213133203213022122121313233033003
00000001010000102001010202000111030101020303021121210201120101303010210222031111122222301312311213133203213022122121313233033011
00000001010000102001010202000111030101020303021121210201120101303010210222031111122222301312311213133203213022122121313233033012
00000001010000102001010202000111030101020303021121210201120101303010210222031111122222301312311213133203213022122121313233033013
00000001010000102001010202000111030101020303021121210201120101303010210222031111122222301312311213133203213022122121313233033023
0000000101000010200101020200011103010102030302112121020112010130301021022203111112222230131231121313320321302212212131323303303
0000000101000010200101020200011103010102030302112121020112010130301021022203111112222230131231121313320321302212213
00000001010000102001010202000111030101020303021121210201120101303010210222031111122222302
00000001010000102001010202000111030101020303021121210201120101303010210222031111122222303
2000010100001020002010020001030101020303020
2000010100001020002010020001030101020303021121110
200001010000102000201002000103010102030302112111120101302001210301021020
200001010000102000201002000103010102030302112111120101302001210301021021
2000010100001020002010020001030101020303021121111201013020012103010210222030
2000010100001020002010020001030101020303021121111201013020012103010210222031111122221
2000010100001020002010020001030101020303021121111201013020012103010210222031111122222300
2000010100001020002010020001030101020303021121111201013020012103010210222031111122222301311
200001010000102000201002000103010102030302112111120101302001210301021022203111112222230131231121313230
200001010000102000201002000103010102030302112111120101302001210301021022203111112222230131231121313231
200001010000102000201002000103010102030302112111120101302001210301021022203111112222230131231121313232
200001010000102000201002000103010102030302112111120101302001210301021022203111112222230131231121313233
20000101000010200020100200010301010203030211211112010130200121030102102220311111222223013123112131332032123
20000101000010200020100200010301010203030211211112010130200121030102102220311111222223013123112131332032130212
20000101000010200020100200010301010203030211211112010130200121030102102220311111222223013123112131332032130213
200001010000102000201002000103010102030302112111120101302001210301021022203111112222230131231121313320321302211
200001010000102000201002000103010102030302112111120101302001210301021022203111112222230131231121313320321302212202
200001010000102000201002000103010102030302112111120101302001210301021022203111112222230131231121313320321302212203
20000101000010200020100200010301010203030211211112010130200121030102102220311111222223013123112131332032130221221213131
200001010000102000201002000103010102030302112111120101302001210301021022203111112222230131231121313320321302212212131323303222
2000010100001020002010020001030101020303021121111201013020012103010210222031111122222301312311213133203213022122121313233032231
2000010100001020002010020001030101020303021121111201013020012103010210222031111122222301312311213133203213022122121313233032232
20000101000010200020100200010301010203030211211112010130200121030102102220311111222223013123112131332032130221221213132330322333
200001010000102000201002000103010102030302112111120101302001210301021022203111112222230131231121313320321302212212131323303232
200001010000102000201002000103010102030302112111120101302001210301021022203111112222230131231121313320321302212212131323303233
2000010100001020002010020001030101020303021121111201013020012103010210222031111122222301312311213133203213022122121313233033001
20000101000010200020100200010301010203030211211112010130200121030102102220311111222223013123112131332032130221221213132330330023102
20000101000010200020100200010301010203030211211112010130200121030102102220311111222223013123112131332032130221221213132330330023103203
20000101000010200020100200010301010203030211211112010130200121030102102220311111222223013123112131332032130221221213132330330023103213
2000010100001020002010020001030101020303021121111201013020012103010210222031111122222301312311213133203213022122121313233033002310322303
200001010000102000201002000103010102030302112111120101302001210301021022203111112222230131231121313320321302212212131323303300231032231
200001010000102000201002000103010102030302112111120101302001210301021022203111112222230131231121313320321302212212131323303300231032232
20000101000010200020100200010301010203030211211112010130200121030102102220311111222223013123112131332032130221221213132330330023103223330
20000101000010200020100200010301010203030211211112010130200121030102102220311111222223013123112131332032130221221213132330330023103223331
20000101000010200020100200010301010203030211211112010130200121030102102220311111222223013123112131332032130221221213132330330023103223332
20000101000010200020100200010301010203030211211112010130200121030102102220311111222223013123112131332032130221221213132330330023103223333
2000010100001020002010020001030101020303021121111201013020012103010210222031111122222301312311213133203213022122121313233033002310323310
2000010100001020002010020001030101020303021121111201013020012103010210222031111122222301312311213133203213022122121313233033002310323311
2000010100001020002010020001030101020303021121111201013020012103010210222031111122222301312311213133203213022122121313233033002310323312
2000010100001020002010020001030101020303021121111201013020012103010210222031111122222301312311213133203213022122121313233033002310323313
2000010100001020002010020001030101020303021121111201013020012103010210222031111122222301312311213133203213022122121313233033002310323320
2000010100001020002010020001030101020303021121111201013020012103010210222031111122222301312311213133203213022122121313233033002310323321
2000010100001020002010020001030101020303021121111201013020012103010210222031111122222301312311213133203213022122121313233033002310323322
2000010100001020002010020001030101020303021121111201013020012103010210222031111122222301312311213133203213022122121313233033002310323323
2000010100001020002010020001030101020303021121111201013020012103010210222031111122222301312311213133203213022122121313233033002310323330
2000010100001020002010020001030101020303021121111201013020012103010210222031111122222301312311213133203213022122121313233033002310323331
2000010100001020002010020001030101020303021121111201013020012103010210222031111122222301312311213133203213022122121313233033002310323332
2000010100001020002010020001030101020303021121111201013020012103010210222031111122222301312311213133203213022122121313233033002310323333
20000101000010200020100200010301010203030211211112010130200121030102102220311111222223013123112131332032130221221213132330330023112
20000101000010200020100200010301010203030211211112010130200121030102102220311111222223013123112131332032130221221213132330330023113
200001010000102000201002000103010102030302112111120101302001210301021022203111112222230131231121313320321302212212131323303300231222
200001010000102000201002000103010102030302112111120101302001210301021022203111112222230131231121313320321302212212131323303300231223
200001010000102000201002000103010102030302112111120101302001210301021022203111112222230131231121313320321302212212131323303300231231
200001010000102000201002000103010102030302112111120101302001210301021022203111112222230131231121313320321302212212131323303300231232
200001010000102000201002000103010102030302112111120101302001210301021022203111112222230131231121313320321302212212131323303300231233
2000010100001020002010020001030101020303021121111201013020012103010210222031111122222301312311213133203213022122121313233033002313
2000010100001020002010020001030101020303021121111201013020012103010210222031111122222301312311213133203213022122121313233033003
2000010100001020002010020001030101020303021121111201013020012103010210222031111122222301312311213133203213022122121313233033011
2000010100001020002010020001030101020303021121111201013020012103010210222031111122222301312311213133203213022122121313233033012
2000010100001020002010020001030101020303021121111201013020012103010210222031111122222301312311213133203213022122121313233033013
2000010100001020002010020001030101020303021121111201013020012103010210222031111122222301312311213133203213022122121313233033023
200001010000102000201002000103010102030302112111120101302001210301021022203111112222230131231121313320321302212212131323303303
200001010000102000201002000103010102030302112111120101302001210301021022203111112222230131231121313320321302212213
2000010100001020002010020001030101020303021121111201013020012103010210222031111122222302
2000010100001020002010020001030101020303021121111201013020012103010210222031111122222303
100001000010201020002010020001030101020303020
100001000010201020002010020001030101020303021121110
1000010000102010200020100200010301010203030211211112010130200121030102111122220
1000010000102010200020100200010301010203030211211112010130200121030102111122221
10000100001020102000201002000103010102030302112111120101302001210301021111222222030
10000100001020102000201002000103010102030302112111120101302001210301021111222222031112311321
10000100001020102000201002000103010102030302112111120101302001210301021111222222031112311322300
10000100001020102000201002000103010102030302112111120101302001210301021111222222031112311322301
1000010000102010200020100200010301010203030211211112010130200121030102111122222203111231132230231121312
100001000010201020002010020001030101020303021121111201013020012103010211112222220311123113223023112131332032130212
1000010000102010200020100200010301010203030211211112010130200121030102111122222203111231132230231121313320321302130
1000010000102010200020100200010301010203030211211112010130200121030102111122222203111231132230231121313320321302131
1000010000102010200020100200010301010203030211211112010130200121030102111122222203111231132230231121313320321302132
1000010000102010200020100200010301010203030211211112010130200121030102111122222203111231132230231121313320321302133
1000010000102010200020100200010301010203030211211112010130200121030102111122222203111231132230231121313320321302211
1000010000102010200020100200010301010203030211211112010130200121030102111122222203111231132230231121313320321302212202
1000010000102010200020100200010301010203030211211112010130200121030102111122222203111231132230231121313320321302212203
100001000010201020002010020001030101020303021121111201013020012103010211112222220311123113223023112131332032130221221213131
1000010000102010200020100200010301010203030211211112010130200121030102111122222203111231132230231121313320321302212212131323303222
10000100001020102000201002000103010102030302112111120101302001210301021111222222031112311322302311213133203213022122121313233032231
100001000010201020002010020001030101020303021121111201013020012103010211112222220311123113223023112131332032130221221213132330322323
100001000010201020002010020001030101020303021121111201013020012103010211112222220311123113223023112131332032130221221213132330322333
1000010000102010200020100200010301010203030211211112010130200121030102111122222203111231132230231121313320321302212212131323303232
1000010000102010200020100200010301010203030211211112010130200121030102111122222203111231132230231121313320321302212212131323303233
10000100001020102000201002000103010102030302112111120101302001210301021111222222031112311322302311213133203213022122121313233033001
100001000010201020002010020001030101020303021121111201013020012103010211112222220311123113223023112131332032130221221213132330330023102
100001000010201020002010020001030101020303021121111201013020012103010211112222220311123113223023112131332032130221221213132330330023103203
100001000010201020002010020001030101020303021121111201013020012103010211112222220311123113223023112131332032130221221213132330330023103213
10000100001020102000201002000103010102030302112111120101302001210301021111222222031112311322302311213133203213022122121313233033002310322303
1000010000102010200020100200010301010203030211211112010130200121030102111122222203111231132230231121313320321302212212131323303300231032231
1000010000102010200020100200010301010203030211211112010130200121030102111122222203111231132230231121313320321302212212131323303300231032232
100001000010201020002010020001030101020303021121111201013020012103010211112222220311123113223023112131332032130221221213132330330023103223330
100001000010201020002010020001030101020303021121111201013020012103010211112222220311123113223023112131332032130221221213132330330023103223331
100001000010201020002010020001030101020303021121111201013020012103010211112222220311123113223023112131332032130221221213132330330023103223332
100001000010201020002010020001030101020303021121111201013020012103010211112222220311123113223023112131332032130221221213132330330023103223333
10000100001020102000201002000103010102030302112111120101302001210301021111222222031112311322302311213133203213022122121313233033002310323310
10000100001020102000201002000103010102030302112111120101302001210301021111222222031112311322302311213133203213022122121313233033002310323311
10000100001020102000201002000103010102030302112111120101302001210301021111222222031112311322302311213133203213022122121313233033002310323312
10000100001020102000201002000103010102030302112111120101302001210301021111222222031112311322302311213133203213022122121313233033002310323313
10000100001020102000201002000103010102030302112111120101302001210301021111222222031112311322302311213133203213022122121313233033002310323320
10000100001020102000201002000103010102030302112111120101302001210301021111222222031112311322302311213133203213022122121313233033002310323321
10000100001020102000201002000103010102030302112111120101302001210301021111222222031112311322302311213133203213022122121313233033002310323322
10000100001020102000201002000103010102030302112111120101302001210301021111222222031112311322302311213133203213022122121313233033002310323323
10000100001020102000201002000103010102030302112111120101302001210301021111222222031112311322302311213133203213022122121313233033002310323330
10000100001020102000201002000103010102030302112111120101302001210301021111222222031112311322302311213133203213022122121313233033002310323331
10000100001020102000201002000103010102030302112111120101302001210301021111222222031112311322302311213133203213022122121313233033002310323332
10000100001020102000201002000103010102030302112111120101302001210301021111222222031112311322302311213133203213022122121313233033002310323333
100001000010201020002010020001030101020303021121111201013020012103010211112222220311123113223023112131332032130221221213132330330023112
100001000010201020002010020001030101020303021121111201013020012103010211112222220311123113223023112131332032130221221213132330330023113
1000010000102010200020100200010301010203030211211112010130200121030102111122222203111231132230231121313320321302212212131323303300231222
1000010000102010200020100200010301010203030211211112010130200121030102111122222203111231132230231121313320321302212212131323303300231223
1000010000102010200020100200010301010203030211211112010130200121030102111122222203111231132230231121313320321302212212131323303300231231
1000010000102010200020100200010301010203030211211112010130200121030102111122222203111231132230231121313320321302212212131323303300231232
1000010000102010200020100200010301010203030211211112010130200121030102111122222203111231132230231121313320321302212212131323303300231233
10000100001020102000201002000103010102030302112111120101302001210301021111222222031112311322302311213133203213022122121313233033002313
10000100001020102000201002000103010102030302112111120101302001210301021111222222031112311322302311213133203213022122121313233033003
10000100001020102000201002000103010102030302112111120101302001210301021111222222031112311322302311213133203213022122121313233033012
10000100001020102000201002000103010102030302112111120101302001210301021111222222031112311322302311213133203213022122121313233033013
10000100001020102000201002000103010102030302112111120101302001210301021111222222031112311322302311213133203213022122121313233033023
1000010000102010200020100200010301010203030211211112010130200121030102111122222203111231132230231121313320321302212212131323303303
1000010000102010200020100200010301010203030211211112010130200121030102111122222203111231132230231121313320321302212213
10000100001020102000201002000103010102030302112111120101302001210301021111222222031112311322303
300000001010000102010201002001011030101020303020
30000000101000010201020100200101103010102030302112112020121020021020
30000000101000010201020100200101103010102030302112112020121020021021303010311111122220
30000000101000010201020100200101103010102030302112112020121020021021303010311111122221
300000001010000102010201002001011030101020303021121120201210200210213030103111111222222030
300000001010000102010201002001011030101020303021121120201210200210213030103111111222222031213113123212322300
300000001010000102010201002001011030101020303021121120201210200210213030103111111222222031213113123212322301
300000001010000102010201002001011030101020303021121120201210200210213030103111111222222031213113123212322302
3000000010100001020102010020010110301010203030211211202012102002102130301031111112222220312131131232123223033211
3000000010100001020102010020010110301010203030211211202012102002102130301031111112222220312131131232123223033212
30000000101000010201020100200101103010102030302112112020121020021021303010311111122222203121311312321232230332130
30000000101000010201020100200101103010102030302112112020121020021021303010311111122222203121311312321232230332131
30000000101000010201020100200101103010102030302112112020121020021021303010311111122222203121311312321232230332132
30000000101000010201020100200101103010102030302112112020121020021021303010311111122222203121311312321232230332133
30000000101000010201020100200101103010102030302112112020121020021021303010311111122222203121311312321232230332211
30000000101000010201020100200101103010102030302112112020121020021021303010311111122222203121311312321232230332212202
30000000101000010201020100200101103010102030302112112020121020021021303010311111122222203121311312321232230332212203
30000000101000010201020100200101103010102030302112112020121020021021303010311111122222203121311312321232230332212212130303131
300000001010000102010201002001011030101020303021121120201210200210213030103111111222222031213113123212322303322122121303031323313
300000001010000102010201002001011030101020303021121120201210200210213030103111111222222031213113123212322303322122121303031323323
300000001010000102010201002001011030101020303021121120201210200210213030103111111222222031213113123212322303322122121303031323333
30000000101000010201020100200101103010102030302112112020121020021021303010311111122222203121311312321232230332212212130303222
30000000101000010201020100200101103010102030302112112020121020021021303010311111122222203121311312321232230332212212130303223
30000000101000010201020100200101103010102030302112112020121020021021303010311111122222203121311312321232230332212212130303232
30000000101000010201020100200101103010102030302112112020121020021021303010311111122222203121311312321232230332212212130303233
300000001010000102010201002001011030101020303021121120201210200210213030103111111222222031213113123212322303322122121303033001
3000000010100001020102010020010110301010203030211211202012102002102130301031111112222220312131131232123223033221221213030330023102
3000000010100001020102010020010110301010203030211211202012102002102130301031111112222220312131131232123223033221221213030330023103203
3000000010100001020102010020010110301010203030211211202012102002102130301031111112222220312131131232123223033221221213030330023103213
30000000101000010201020100200101103010102030302112112020121020021021303010311111122222203121311312321232230332212212130303300231032231
30000000101000010201020100200101103010102030302112112020121020021021303010311111122222203121311312321232230332212212130303300231032232
3000000010100001020102010020010110301010203030211211202012102002102130301031111112222220312131131232123223033221221213030330023103223330
3000000010100001020102010020010110301010203030211211202012102002102130301031111112222220312131131232123223033221221213030330023103223331
3000000010100001020102010020010110301010203030211211202012102002102130301031111112222220312131131232123223033221221213030330023103223332
3000000010100001020102010020010110301010203030211211202012102002102130301031111112222220312131131232123223033221221213030330023103223333
300000001010000102010201002001011030101020303021121120201210200210213030103111111222222031213113123212322303322122121303033002310323310
300000001010000102010201002001011030101020303021121120201210200210213030103111111222222031213113123212322303322122121303033002310323311
300000001010000102010201002001011030101020303021121120201210200210213030103111111222222031213113123212322303322122121303033002310323312
300000001010000102010201002001011030101020303021121120201210200210213030103111111222222031213113123212322303322122121303033002310323313
300000001010000102010201002001011030101020303021121120201210200210213030103111111222222031213113123212322303322122121303033002310323320
300000001010000102010201002001011030101020303021121120201210200210213030103111111222222031213113123212322303322122121303033002310323321
300000001010000102010201002001011030101020303021121120201210200210213030103111111222222031213113123212322303322122121303033002310323322
300000001010000102010201002001011030101020303021121120201210200210213030103111111222222031213113123212322303322122121303033002310323323
300000001010000102010201002001011030101020303021121120201210200210213030103111111222222031213113123212322303322122121303033002310323330
300000001010000102010201002001011030101020303021121120201210200210213030103111111222222031213113123212322303322122121303033002310323331
300000001010000102010201002001011030101020303021121120201210200210213030103111111222222031213113123212322303322122121303033002310323332
300000001010000102010201002001011030101020303021121120201210200210213030103111111222222031213113123212322303322122121303033002310323333
3000000010100001020102010020010110301010203030211211202012102002102130301031111112222220312131131232123223033221221213030330023112
3000000010100001020102010020010110301010203030211211202012102002102130301031111112222220312131131232123223033221221213030330023113
30000000101000010201020100200101103010102030302112112020121020021021303010311111122222203121311312321232230332212212130303300231222
30000000101000010201020100200101103010102030302112112020121020021021303010311111122222203121311312321232230332212212130303300231223
30000000101000010201020100200101103010102030302112112020121020021021303010311111122222203121311312321232230332212212130303300231231
30000000101000010201020100200101103010102030302112112020121020021021303010311111122222203121311312321232230332212212130303300231232
30000000101000010201020100200101103010102030302112112020121020021021303010311111122222203121311312321232230332212212130303300231233
300000001010000102010201002001011030101020303021121120201210200210213030103111111222222031213113123212322303322122121303033002313
300000001010000102010201002001011030101020303021121120201210200210213030103111111222222031213113123212322303322122121303033003
3000000010100001020102010020010110301010203030211211202012102002102130301031111112222220312131131232123223033221221213030330113
300000001010000102010201002001011030101020303021121120201210200210213030103111111222222031213113123212322303322122121303033012
300000001010000102010201002001011030101020303021121120201210200210213030103111111222222031213113123212322303322122121303033013
300000001010000102010201002001011030101020303021121120201210200210213030103111111222222031213113123212322303322122121303033023
30000000101000010201020100200101103010102030302112112020121020021021303010311111122222203121311312321232230332212212130303303
30000000101000010201020100200101103010102030302112112020121020021021303010311111122222203121311312321232230332212213
