000
0100
020
030
00100
00200
0030
0110
01200
0130
0101
0102
0103
021
022
023
031
032
033
00110
00120
001300
00101
00102
00103
002100
00220
00230
00201
00202
00203
0031
0032
0033
0111
0112
0113
01210
01220
01230
01201
01202
01203
0131
0132
0133
00111
00112
00113
00121
00122
00123
001310
001320
001330
001301
001302
001303
002110
002120
002130
002101
002102
002103
00221
00222
00223
00231
00232
00233
01211
01212
01213
01221
01222
01223
01231
01232
01233
001311
001312
001313
001321
001322
001323
001331
001332
001333
002111
002112
002113
002121
002122
002123
002131
002132
002133
20000
21000
220
2300
2010
202
2030
20010
20020
20030
20001
20002
20003
21100
2120
2130
21010
21020
21030
21001
21002
21003
221
222
223
2310
2320
23300
2301
2302
2303
2011
2012
2013
2031
2032
2033
20011
20012
20013
20021
20022
20023
20031
20032
20033
21110
21120
21130
21101
21102
21103
2121
2122
2123
2131
2132
2133
21011
21012
21013
21021
21022
21023
21031
21032
21033
2311
2312
2313
2321
2322
2323
23310
23320
23330
23301
23302
23303
21111
21112
21113
21121
21122
21123
21131
21132
21133
23311
23312
23313
23321
23322
23323
23331
23332
23333
3000
3100
320
330
30100
30200
303
3001
3002
3003
3110
31200
3130
3101
3102
3103
321
322
323
331
332
333
30110
30120
301300
30101
30102
30103
302100
30220
30230
30201
30202
30203
3111
3112
3113
31210
31220
31230
31201
31202
31203
3131
3132
3133
30111
30112
30113
30121
30122
30123
301310
301320
301330
301301
301302
301303
302110
302120
302130
302101
302102
302103
30221
30222
30223
30231
30232
30233
31211
31212
31213
31221
31222
31223
31231
31232
31233
301311
301312
301313
301321
301322
301323
301331
301332
301333
302111
302112
302113
302121
302122
302123
302131
302132
302133
100
11000
1200
13000
101
102
103
11100
1120
1130
1101
11020
11030
11001
11002
11003
12100
1220
1230
1201
1202
1203
1310
1320
1330
13010
13020
13030
13001
13002
13003
11110
11120
11130
11101
11102
11103
1121
1122
1123
1131
1132
1133
11021
11022
11023
11031
11032
11033
12110
12120
12130
12101
12102
12103
1221
1222
1223
1231
1232
1233
1311
1312
1313
1321
1322
1323
1331
1332
1333
13011
13012
13013
13021
13022
13023
13031
13032
13033
11111
11112
11113
11121
11122
11123
11131
11132
11133
12111
12112
12113
12121
12122
12123
12131
12132
12133
