000
01000
02000
03000
00100
00200
0030
0110
0120
0130
01010
01020
010300
01001
01002
01003
0210
02200
02300
02010
02020
02030
02001
02002
02003
0310
0320
0330
03010
03020
03030
03001
03002
03003
00110
00120
00130
00101
00102
00103
00210
002200
00230
00201
00202
00203
0031
0032
0033
0111
0112
0113
0121
0122
0123
0131
0132
0133
01011
01012
01013
01021
01022
01023
010310
010320
010330
010301
010302
010303
0211
0212
0213
02210
02220
02230
02201
02202
02203
02310
02320
02330
02301
02302
02303
02011
02012
02013
02021
02022
02023
02031
02032
02033
0311
0312
0313
0321
0322
0323
0331
0332
0333
03011
03012
03013
03021
03022
03023
03031
03032
03033
00111
00112
00113
00121
00122
00123
00131
00132
00133
00211
00212
00213
002210
002220
002230
002201
002202
002203
00231
00232
00233
010311
010312
010313
010321
010322
010323
010331
010332
010333
02211
02212
02213
02221
02222
02223
02231
02232
02233
02311
02312
02313
02321
02322
02323
02331
02332
02333
002211
002212
002213
002221
002222
002223
002231
002232
002233
2000000
21000
2200
2300
2010
2020
20300
20010
20020
2003000
200010
200020
200030
20000100
200002
2000030
2000001
2000002
2000003
2110
2120
21300
21010
21020
21030
21001
21002
21003
2210
2220
2230
2201
2202
2203
2310
2320
2330
2301
2302
2303
2011
2012
2013
2021
2022
2023
20310
20320
20330
20301
20302
20303
20011
20012
20013
20021
20022
20023
200310
200320
200330
2003010
2003020
2003030
2003001
2003002
2003003
200011
200012
200013
200021
200022
200023
200031
200032
200033
20000110
20000120
20000130
20000101
20000102
20000103
2000031
2000032
2000033
2111
2112
2113
2121
2122
2123
21310
21320
21330
21301
21302
21303
21011
21012
21013
21021
21022
21023
21031
21032
21033
2211
2212
2213
2221
2222
2223
2231
2232
2233
2311
2312
2313
2321
2322
2323
2331
2332
2333
20311
20312
20313
20321
20322
20323
20331
20332
20333
200311
200312
200313
200321
200322
200323
200331
200332
200333
2003011
2003012
2003013
2003021
2003022
2003023
2003031
2003032
2003033
20000111
20000112
20000113
20000121
20000122
20000123
20000131
20000132
20000133
21311
21312
21313
21321
21322
21323
21331
21332
21333
1000
1100
1200
1300000
101000
1020
1030
1001
1002
1003
11100
1120
11300
1101
1102
1103
1210
12200
1230
1201
1202
1203
13100
1320
1330
13010
13020
13030
13001
130020
130030
1300010
1300020
1300030
1300001
1300002
1300003
10110
10120
10130
101010
101020
101030
101001
101002
101003
1021
1022
1023
1031
1032
1033
11110
11120
11130
11101
11102
11103
1121
1122
1123
11310
11320
11330
11301
11302
11303
1211
1212
1213
12210
12220
12230
12201
12202
12203
1231
1232
1233
13110
13120
13130
13101
13102
13103
1321
1322
1323
1331
1332
1333
13011
13012
13013
13021
13022
13023
13031
13032
13033
130021
130022
130023
130031
130032
130033
1300011
1300012
1300013
1300021
1300022
1300023
1300031
1300032
1300033
10111
10112
10113
10121
10122
10123
10131
10132
10133
101011
101012
101013
101021
101022
101023
101031
101032
101033
11111
11112
11113
11121
11122
11123
11131
11132
11133
11311
11312
11313
11321
11322
11323
11331
11332
11333
12211
12212
12213
12221
12222
12223
12231
12232
12233
13111
13112
13113
13121
13122
13123
13131
13132
13133
30000
310
320
33000
301000
302000
30300
300100
300200
3003
30001
30002
30003
311
312
313
321
322
323
33100
3320
3330
33010
33020
33030
33001
33002
33003
30110
30120
30130
301010
301020
301030
301001
301002
301003
30210
30220
302300
302010
302020
302030
302001
302002
302003
30310
30320
30330
30301
30302
30303
300110
300120
300130
300101
300102
300103
300210
300220
300230
300201
300202
300203
33110
33120
33130
33101
33102
33103
3321
3322
3323
3331
3332
3333
33011
33012
33013
33021
33022
33023
33031
33032
33033
30111
30112
30113
30121
30122
30123
30131
30132
30133
301011
301012
301013
301021
301022
301023
301031
301032
301033
30211
30212
30213
30221
30222
30223
302310
302320
302330
302301
302302
302303
302011
302012
302013
302021
302022
302023
302031
302032
302033
30311
30312
30313
30321
30322
30323
30331
30332
30333
300111
300112
300113
300121
300122
300123
300131
300132
300133
300211
300212
300213
300221
300222
300223
300231
300232
300233
33111
33112
33113
33121
33122
33123
33131
33132
33133
302311
302312
302313
302321
302322
302323
302331
302332
302333
