0313117411111208143169516156401061815199211971
0313117411111208143169516156401061815199211972411
03131174111112081431695161564010618151992119724111
031311741111120814316951615640106181519921197241111
031311741111120814316951615640106181519921197241111111
0313117411111208143169516156401061815199211972411111151833
03131174111112081431695161564010618151992119724111111518114
03131174111112081431695161564010618151992119724111111518120
0313117411111208143169516156401061815199211972411111151116
03131174111112081431695161564010618151992119716
