000000000
0100
02000
030
0010
00200
0030
000100
000200
00030
0000100
000020
000030
0000010
0000020
0000030
00000010
00000020
00000030
000000010
000000020
000000030
000000001
000000002
000000003
0110
0120
0130
0101
0102
0103
0210
02200
0230
02010
02020
02030
02001
02002
02003
031
032
033
0011
0012
0013
00210
00220
00230
002010
002020
002030
0031
0032
0033
000110
000120
000130
000101
000102
000103
000210
000220
000230
000201
000202
000203
00031
00032
00033
0000110
0000120
0000130
0000101
0000102
0000103
000021
000022
000023
000031
000032
000033
0000011
0000012
0000013
0000021
0000022
0000023
0000031
0000032
0000033
00000011
00000012
00000013
00000021
00000022
00000023
00000031
00000032
00000033
000000011
000000012
000000013
000000021
000000022
000000023
000000031
000000032
000000033
0111
0112
0113
0121
0122
0123
0131
0132
0133
0211
0212
0213
02210
02220
02230
02201
02202
02203
0231
0232
0233
02011
02012
02013
02021
02022
02023
02031
02032
02033
00211
00212
00213
00221
00222
00223
00231
00232
00233
002011
002012
002013
002021
002022
002023
002031
002032
002033
000111
000112
000113
000121
000122
000123
000131
000132
000133
000211
000212
000213
000221
000222
000223
000231
000232
000233
0000111
0000112
0000113
0000121
0000122
0000123
0000131
0000132
0000133
02211
02212
02213
02221
02222
02223
02231
02232
02233
200000000
210
22000
23000
2010
20200
2030
20010
200200
20030
20001000
2000200
200030
2000010
2000020
2000030
20000010
20000020
20000030
200000010
200000020
200000030
200000001
200000002
200000003
211
212
213
2210
2220
2230
22010
22020
22030
22001
22002
22003
2310
2320
2330
23010
23020
23030
23001
23002
23003
2011
2012
2013
20210
2022
20230
20201
20202
20203
2031
2032
2033
20011
20012
20013
200210
200220
200230
200201
200202
200203
20031
20032
20033
2000110
2000120
2000130
20001010
20001020
20001030
20001001
20001002
20001003
2000210
2000220
2000230
2000201
2000202
2000203
200031
200032
200033
2000011
2000012
2000013
2000021
2000022
2000023
2000031
2000032
2000033
20000011
20000012
20000013
20000021
20000022
20000023
20000031
20000032
20000033
200000011
200000012
200000013
200000021
200000022
200000023
200000031
200000032
200000033
2211
2212
2213
2221
2222
2223
2231
2232
2233
22011
22012
22013
22021
22022
22023
22031
22032
22033
2311
2312
2313
2321
2322
2323
2331
2332
2333
23011
23012
23013
23021
23022
23023
23031
23032
23033
20211
20212
20213
20231
20232
20233
200211
200212
200213
200221
200222
200223
200231
200232
200233
2000111
2000112
2000113
2000121
2000122
2000123
2000131
2000132
2000133
20001011
20001012
20001013
20001021
20001022
20001023
20001031
20001032
20001033
2000211
2000212
2000213
2000221
2000222
2000223
2000231
2000232
2000233
10000000
110
120000
130
1010
10200
1030
1001000
10020000
10030
100010
100020
100030
1000010
1000020
1000030
10000010
10000020
10000030
10000001
10000002
10000003
111
112
113
121
12200
1230
12010
12020
12030
120010
120020
120030
120001
120002
120003
131
132
133
1011
1012
1013
10210
10220
10230
10201
10202
10203
1031
1032
1033
100110
100120
100130
1001010
1001020
1001030
1001001
1001002
1001003
100210
100220
100230
1002010
1002020
1002030
10020010
10020020
10020030
10020001
10020002
10020003
10031
10032
10033
100011
100012
100013
100021
100022
100023
100031
100032
100033
1000011
1000012
1000013
1000021
1000022
1000023
1000031
1000032
1000033
10000011
10000012
10000013
10000021
10000022
10000023
10000031
10000032
10000033
12210
12220
12230
12201
12202
12203
1231
1232
1233
12011
12012
12013
12021
12022
12023
12031
12032
12033
120011
120012
120013
120021
120022
120023
120031
120032
120033
10211
10212
10213
10221
10222
10223
10231
10232
10233
100111
100112
100113
100121
100122
100123
100131
100132
100133
1001011
1001012
1001013
1001021
1001022
1001023
1001031
1001032
1001033
100211
100212
100213
100221
100222
100223
100231
100232
100233
1002011
1002012
1002013
1002021
1002022
1002023
1002031
1002032
1002033
10020011
10020012
10020013
10020021
10020022
10020023
10020031
10020032
10020033
12211
12212
12213
12221
12222
12223
12231
12232
12233
300000000
310
32000
33000
3010
30200
3030
30010
300200
30030
30001000
3000200
300030
3000010
3000020
3000030
30000010
30000020
30000030
300000010
300000020
300000030
300000001
300000002
300000003
311
312
313
3210
3220
3230
32010
32020
32030
32001
32002
32003
3310
3320
3330
33010
33020
33030
33001
33002
33003
3011
3012
3013
30210
30220
3023
30201
30202
30203
3031
3032
3033
30011
30012
30013
300210
300220
300230
300201
300202
300203
30031
30032
30033
3000110
3000120
3000130
30001010
30001020
30001030
30001001
30001002
30001003
3000210
3000220
3000230
3000201
3000202
3000203
300031
300032
300033
3000011
3000012
3000013
3000021
3000022
3000023
3000031
3000032
3000033
30000011
30000012
30000013
30000021
30000022
30000023
30000031
30000032
30000033
300000011
300000012
300000013
300000021
300000022
300000023
300000031
300000032
300000033
3211
3212
3213
3221
3222
3223
3231
3232
3233
32011
32012
32013
32021
32022
32023
32031
32032
32033
3311
3312
3313
3321
3322
3323
3331
3332
3333
33011
33012
33013
33021
33022
33023
33031
33032
33033
30211
30212
30213
30221
30222
30223
300211
300212
300213
300221
300222
300223
300231
300232
300233
3000111
3000112
3000113
3000121
3000122
3000123
3000131
3000132
3000133
30001011
30001012
30001013
30001021
30001022
30001023
30001031
30001032
30001033
3000211
3000212
3000213
3000221
3000222
3000223
3000231
3000232
3000233
