09211115171191914185956088038111031611
092111151711919141859560880381110316561
09211115171191914185956088038111039
092111151711919141859560880381110313
092111151711919141859560880381110311
09211115171191914185956088038118
092111151711919141859560880381111
092111151711919141859560880381140
09211115171191914185956088038114219
09211115171191914185956088038114218
0921111517119191418595608803811426
09211115171191914185956088038114212
092111151711919141859560880381142142
09211115171191914185956088038114216
09211115175
09211115178
0921111511
0921111511
