0010000020030010102000
001000002003001010200110120020100
00100000200300101020011012002010130111021101
001000002003001010200110120020101301110211021010300
001000002003001010200110120020101301110211021010301
00100000200300101020011012002010130111021102101030220
00100000200300101020011012002010130111021102101030221202302
001000002003001010200110120020101301110211021010302212023031302
0010000020030010102001101200201013011102110210103022120230313032210
0010000020030010102001101200201013011102110210103022120230313032211110200
00100000200300101020011012002010130111021102101030221202303130322111102011
00100000200300101020011012002010130111021102101030221202303130322111102012312033103021130122
00100000200300101020011012002010130111021102101030221202303130322111102012312033103021130123202120311203
001000002003001010200110120020101301110211021010302212023031303221111020123120331030211301232021203112120330
001000002003001010200110120020101301110211021010302212023031303221111020123120331030211301232021203112120331
0010000020030010102001101200201013011102110210103022120230313032211110201231203310302113012320212031121203321
001000002003001010200110120020101301110211021010302212023031303221111020123120331030211301232021203112120332230
00100000200300101020011012002010130111021102101030221202303130322111102012312033103021130123202120311212033223130
00100000200300101020011012002010130111021102101030221202303130322111102012312033103021130123202120311212033223131
00100000200300101020011012002010130111021102101030221202303130322111102012312033103021130123202120311212033223132
00100000200300101020011012002010130111021102101030221202303130322111102012312033103021130123202120311212033223133
001000002003001010200110120020101301110211021010302212023031303221111020123120331030211301232021203112120332232223
0010000020030010102001101200201013011102110210103022120230313032211110201231203310302113012320212031121203322323
0010000020030010102001101200201013011102110210103022120230313032211110201231203310302113012320212031121203322331313
0010000020030010102001101200201013011102110210103022120230313032211110201231203310302113012320212031121203322331321030220
00100000200300101020011012002010130111021102101030221202303130322111102012312033103021130123202120311212033223313210302211212
0010000020030010102001101200201013011102110210103022120230313032211110201231203310302113012320212031121203322331321030221121322
0010000020030010102001101200201013011102110210103022120230313032211110201231203310302113012320212031121203322331321030221121323311300
0010000020030010102001101200201013011102110210103022120230313032211110201231203310302113012320212031121203322331321030221121323311301
00100000200300101020011012002010130111021102101030221202303130322111102012312033103021130123202120311212033223313210302211213233113021
001000002003001010200110120020101301110211021010302212023031303221111020123120331030211301232021203112120332233132103022112132331130222310
0010000020030010102001101200201013011102110210103022120230313032211110201231203310302113012320212031121203322331321030221121323311302223113
001000002003001010200110120020101301110211021010302212023031303221111020123120331030211301232021203112120332233132103022112132331130222312
001000002003001010200110120020101301110211021010302212023031303221111020123120331030211301232021203112120332233132103022112132331130222313
001000002003001010200110120020101301110211021010302212023031303221111020123120331030211301232021203112120332233132103022112132331130222320
001000002003001010200110120020101301110211021010302212023031303221111020123120331030211301232021203112120332233132103022112132331130222321
001000002003001010200110120020101301110211021010302212023031303221111020123120331030211301232021203112120332233132103022112132331130222322
00100000200300101020011012002010130111021102101030221202303130322111102012312033103021130123202120311212033223313210302211213233113022232312
001000002003001010200110120020101301110211021010302212023031303221111020123120331030211301232021203112120332233132103022112132331130222323132
00100000200300101020011012002010130111021102101030221202303130322111102012312033103021130123202120311212033223313210302211213233113022232313322
00100000200300101020011012002010130111021102101030221202303130322111102012312033103021130123202120311212033223313210302211213233113022232313323
00100000200300101020011012002010130111021102101030221202303130322111102012312033103021130123202120311212033223313210302211213233113022232313332
00100000200300101020011012002010130111021102101030221202303130322111102012312033103021130123202120311212033223313210302211213233113022232313333
001000002003001010200110120020101301110211021010302212023031303221111020123120331030211301232021203112120332233132103022112132331130222330
001000002003001010200110120020101301110211021010302212023031303221111020123120331030211301232021203112120332233132103022112132331130222331
001000002003001010200110120020101301110211021010302212023031303221111020123120331030211301232021203112120332233132103022112132331130222332
0010000020030010102001101200201013011102110210103022120230313032211110201231203310302113012320212031121203322331321030221121323311302223333
001000002003001010200110120020101301110211021010302212023031303221111020123120331030211301232021203112120332233132103022112132331130223
0010000020030010102001101200201013011102110210103022120230313032211110201231203310302113012320212031121203322331321030221121323311303
0010000020030010102001101200201013011102110210103022120230313032211110201231203310302113012320212031121203322331321030221121323312
0010000020030010102001101200201013011102110210103022120230313032211110201231203310302113012320212031121203322331321030221121323313
0010000020030010102001101200201013011102110210103022120230313032211110201231203310302113012320212031121203322331321030221121323322
0010000020030010102001101200201013011102110210103022120230313032211110201231203310302113012320212031121203322331321030221121323323
0010000020030010102001101200201013011102110210103022120230313032211110201231203310302113012320212031121203322331321030221121323330
0010000020030010102001101200201013011102110210103022120230313032211110201231203310302113012320212031121203322331321030221121323331
0010000020030010102001101200201013011102110210103022120230313032211110201231203310302113012320212031121203322331321030221121323332
0010000020030010102001101200201013011102110210103022120230313032211110201231203310302113012320212031121203322331321030221121323333
001000002003001010200110120020101301110211021010302212023031303221111020123120331030211301232021203112120332233132103023
00100000200300101020011012002010130111021102101030221202303130322111102012312033103021130123202120311212033223313210303
001000002003001010200110120020101301110211021010302212023031303221111020123120331030211301232021203112120333
0010000020030010102001101200201013011102110210103022120230313032211110201231203310302113012320213
0010000020030010102001101200201013011102110210103022120230313032211110201231203310302113012321
0010000020030010102001101200201013011102110210103022120230313032211110201231203310302113012322
0010000020030010102001101200201013011102110210103022120230313032211110201231203310302113012323
0010000020030010102001101200201013011102110210103022120230313032211110201231203310303
0010000020030010102001101200201013011102110210103022120230313032211110201231203311
0010000020030010102001101200201013011102110210103022120230313032211110201231203312
0010000020030010102001101200201013011102110210103022120230313032211110201231203313
001000002003001010200110120020101301110211021010303
2000100000210003001010201020100
2000100000210003001010201020101101200300
200010000021000300101020102010110120030130111021101
20001000002100030010102010201011012003013011102110220
20001000002100030010102010201011012003013011102110221202301
20001000002100030010102010201011012003013011102110221202302
200010000021000300101020102010110120030130111021102212023031302
2000100000210003001010201020101101200301301110211022120230313032210
2000100000210003001010201020101101200301301110211022120230313032211110200
20001000002100030010102010201011012003013011102110221202303130322111102011
20001000002100030010102010201011012003013011102110221202303130322111102012312033103021130122
20001000002100030010102010201011012003013011102110221202303130322111102012312033103021130123202120311203
200010000021000300101020102010110120030130111021102212023031303221111020123120331030211301232021203112120330
200010000021000300101020102010110120030130111021102212023031303221111020123120331030211301232021203112120331
2000100000210003001010201020101101200301301110211022120230313032211110201231203310302113012320212031121203321
200010000021000300101020102010110120030130111021102212023031303221111020123120331030211301232021203112120332230
20001000002100030010102010201011012003013011102110221202303130322111102012312033103021130123202120311212033223130
20001000002100030010102010201011012003013011102110221202303130322111102012312033103021130123202120311212033223131
20001000002100030010102010201011012003013011102110221202303130322111102012312033103021130123202120311212033223132
20001000002100030010102010201011012003013011102110221202303130322111102012312033103021130123202120311212033223133
200010000021000300101020102010110120030130111021102212023031303221111020123120331030211301232021203112120332232223
2000100000210003001010201020101101200301301110211022120230313032211110201231203310302113012320212031121203322323
2000100000210003001010201020101101200301301110211022120230313032211110201231203310302113012320212031121203322331313
2000100000210003001010201020101101200301301110211022120230313032211110201231203310302113012320212031121203322331321030220
20001000002100030010102010201011012003013011102110221202303130322111102012312033103021130123202120311212033223313210302211212
2000100000210003001010201020101101200301301110211022120230313032211110201231203310302113012320212031121203322331321030221121322
2000100000210003001010201020101101200301301110211022120230313032211110201231203310302113012320212031121203322331321030221121323311300
2000100000210003001010201020101101200301301110211022120230313032211110201231203310302113012320212031121203322331321030221121323311301
20001000002100030010102010201011012003013011102110221202303130322111102012312033103021130123202120311212033223313210302211213233113021
200010000021000300101020102010110120030130111021102212023031303221111020123120331030211301232021203112120332233132103022112132331130222310
2000100000210003001010201020101101200301301110211022120230313032211110201231203310302113012320212031121203322331321030221121323311302223113
200010000021000300101020102010110120030130111021102212023031303221111020123120331030211301232021203112120332233132103022112132331130222312
200010000021000300101020102010110120030130111021102212023031303221111020123120331030211301232021203112120332233132103022112132331130222313
200010000021000300101020102010110120030130111021102212023031303221111020123120331030211301232021203112120332233132103022112132331130222320
200010000021000300101020102010110120030130111021102212023031303221111020123120331030211301232021203112120332233132103022112132331130222321
200010000021000300101020102010110120030130111021102212023031303221111020123120331030211301232021203112120332233132103022112132331130222322
20001000002100030010102010201011012003013011102110221202303130322111102012312033103021130123202120311212033223313210302211213233113022232312
200010000021000300101020102010110120030130111021102212023031303221111020123120331030211301232021203112120332233132103022112132331130222323132
20001000002100030010102010201011012003013011102110221202303130322111102012312033103021130123202120311212033223313210302211213233113022232313322
20001000002100030010102010201011012003013011102110221202303130322111102012312033103021130123202120311212033223313210302211213233113022232313323
20001000002100030010102010201011012003013011102110221202303130322111102012312033103021130123202120311212033223313210302211213233113022232313332
20001000002100030010102010201011012003013011102110221202303130322111102012312033103021130123202120311212033223313210302211213233113022232313333
200010000021000300101020102010110120030130111021102212023031303221111020123120331030211301232021203112120332233132103022112132331130222330
200010000021000300101020102010110120030130111021102212023031303221111020123120331030211301232021203112120332233132103022112132331130222331
200010000021000300101020102010110120030130111021102212023031303221111020123120331030211301232021203112120332233132103022112132331130222332
2000100000210003001010201020101101200301301110211022120230313032211110201231203310302113012320212031121203322331321030221121323311302223333
200010000021000300101020102010110120030130111021102212023031303221111020123120331030211301232021203112120332233132103022112132331130223
2000100000210003001010201020101101200301301110211022120230313032211110201231203310302113012320212031121203322331321030221121323311303
2000100000210003001010201020101101200301301110211022120230313032211110201231203310302113012320212031121203322331321030221121323312
2000100000210003001010201020101101200301301110211022120230313032211110201231203310302113012320212031121203322331321030221121323313
2000100000210003001010201020101101200301301110211022120230313032211110201231203310302113012320212031121203322331321030221121323322
2000100000210003001010201020101101200301301110211022120230313032211110201231203310302113012320212031121203322331321030221121323323
2000100000210003001010201020101101200301301110211022120230313032211110201231203310302113012320212031121203322331321030221121323330
2000100000210003001010201020101101200301301110211022120230313032211110201231203310302113012320212031121203322331321030221121323331
2000100000210003001010201020101101200301301110211022120230313032211110201231203310302113012320212031121203322331321030221121323332
2000100000210003001010201020101101200301301110211022120230313032211110201231203310302113012320212031121203322331321030221121323333
200010000021000300101020102010110120030130111021102212023031303221111020123120331030211301232021203112120332233132103023
20001000002100030010102010201011012003013011102110221202303130322111102012312033103021130123202120311212033223313210303
200010000021000300101020102010110120030130111021102212023031303221111020123120331030211301232021203112120333
2000100000210003001010201020101101200301301110211022120230313032211110201231203310302113012320213
2000100000210003001010201020101101200301301110211022120230313032211110201231203310302113012321
2000100000210003001010201020101101200301301110211022120230313032211110201231203310302113012322
2000100000210003001010201020101101200301301110211022120230313032211110201231203310302113012323
2000100000210003001010201020101101200301301110211022120230313032211110201231203310303
2000100000210003001010201020101101200301301110211022120230313032211110201231203311
2000100000210003001010201020101101200301301110211022120230313032211110201231203312
2000100000210003001010201020101101200301301110211022120230313032211110201231203313
2000100000210003001010201020101101200302
2000100000210003001010201020101101200303
100000011012000101020002003020100
10000001101200010102000200302010130111021101
100000011012000101020002003020101301110211021010300
100000011012000101020002003020101301110211021010301
10000001101200010102000200302010130111021102101030220
10000001101200010102000200302010130111021102101030221202301
10000001101200010102000200302010130111021102101030221202302
100000011012000101020002003020101301110211021010302212023031302
1000000110120001010200020030201013011102110210103022120230313032210
1000000110120001010200020030201013011102110210103022120230313032211110200
10000001101200010102000200302010130111021102101030221202303130322111102011
10000001101200010102000200302010130111021102101030221202303130322111102012312033103021130122
10000001101200010102000200302010130111021102101030221202303130322111102012312033103021130123202120311203
100000011012000101020002003020101301110211021010302212023031303221111020123120331030211301232021203112120330
100000011012000101020002003020101301110211021010302212023031303221111020123120331030211301232021203112120331
1000000110120001010200020030201013011102110210103022120230313032211110201231203310302113012320212031121203321
100000011012000101020002003020101301110211021010302212023031303221111020123120331030211301232021203112120332230
10000001101200010102000200302010130111021102101030221202303130322111102012312033103021130123202120311212033223130
10000001101200010102000200302010130111021102101030221202303130322111102012312033103021130123202120311212033223131
10000001101200010102000200302010130111021102101030221202303130322111102012312033103021130123202120311212033223132
10000001101200010102000200302010130111021102101030221202303130322111102012312033103021130123202120311212033223133
100000011012000101020002003020101301110211021010302212023031303221111020123120331030211301232021203112120332232223
1000000110120001010200020030201013011102110210103022120230313032211110201231203310302113012320212031121203322323
1000000110120001010200020030201013011102110210103022120230313032211110201231203310302113012320212031121203322331313
1000000110120001010200020030201013011102110210103022120230313032211110201231203310302113012320212031121203322331321030220
10000001101200010102000200302010130111021102101030221202303130322111102012312033103021130123202120311212033223313210302211212
1000000110120001010200020030201013011102110210103022120230313032211110201231203310302113012320212031121203322331321030221121322
1000000110120001010200020030201013011102110210103022120230313032211110201231203310302113012320212031121203322331321030221121323311300
1000000110120001010200020030201013011102110210103022120230313032211110201231203310302113012320212031121203322331321030221121323311301
10000001101200010102000200302010130111021102101030221202303130322111102012312033103021130123202120311212033223313210302211213233113021
100000011012000101020002003020101301110211021010302212023031303221111020123120331030211301232021203112120332233132103022112132331130222310
1000000110120001010200020030201013011102110210103022120230313032211110201231203310302113012320212031121203322331321030221121323311302223113
100000011012000101020002003020101301110211021010302212023031303221111020123120331030211301232021203112120332233132103022112132331130222312
100000011012000101020002003020101301110211021010302212023031303221111020123120331030211301232021203112120332233132103022112132331130222313
100000011012000101020002003020101301110211021010302212023031303221111020123120331030211301232021203112120332233132103022112132331130222320
100000011012000101020002003020101301110211021010302212023031303221111020123120331030211301232021203112120332233132103022112132331130222321
100000011012000101020002003020101301110211021010302212023031303221111020123120331030211301232021203112120332233132103022112132331130222322
10000001101200010102000200302010130111021102101030221202303130322111102012312033103021130123202120311212033223313210302211213233113022232312
100000011012000101020002003020101301110211021010302212023031303221111020123120331030211301232021203112120332233132103022112132331130222323132
10000001101200010102000200302010130111021102101030221202303130322111102012312033103021130123202120311212033223313210302211213233113022232313322
10000001101200010102000200302010130111021102101030221202303130322111102012312033103021130123202120311212033223313210302211213233113022232313323
10000001101200010102000200302010130111021102101030221202303130322111102012312033103021130123202120311212033223313210302211213233113022232313332
10000001101200010102000200302010130111021102101030221202303130322111102012312033103021130123202120311212033223313210302211213233113022232313333
100000011012000101020002003020101301110211021010302212023031303221111020123120331030211301232021203112120332233132103022112132331130222330
100000011012000101020002003020101301110211021010302212023031303221111020123120331030211301232021203112120332233132103022112132331130222331
100000011012000101020002003020101301110211021010302212023031303221111020123120331030211301232021203112120332233132103022112132331130222332
1000000110120001010200020030201013011102110210103022120230313032211110201231203310302113012320212031121203322331321030221121323311302223333
100000011012000101020002003020101301110211021010302212023031303221111020123120331030211301232021203112120332233132103022112132331130223
1000000110120001010200020030201013011102110210103022120230313032211110201231203310302113012320212031121203322331321030221121323311303
1000000110120001010200020030201013011102110210103022120230313032211110201231203310302113012320212031121203322331321030221121323312
1000000110120001010200020030201013011102110210103022120230313032211110201231203310302113012320212031121203322331321030221121323313
1000000110120001010200020030201013011102110210103022120230313032211110201231203310302113012320212031121203322331321030221121323322
1000000110120001010200020030201013011102110210103022120230313032211110201231203310302113012320212031121203322331321030221121323323
1000000110120001010200020030201013011102110210103022120230313032211110201231203310302113012320212031121203322331321030221121323330
1000000110120001010200020030201013011102110210103022120230313032211110201231203310302113012320212031121203322331321030221121323331
1000000110120001010200020030201013011102110210103022120230313032211110201231203310302113012320212031121203322331321030221121323332
1000000110120001010200020030201013011102110210103022120230313032211110201231203310302113012320212031121203322331321030221121323333
100000011012000101020002003020101301110211021010302212023031303221111020123120331030211301232021203112120332233132103023
10000001101200010102000200302010130111021102101030221202303130322111102012312033103021130123202120311212033223313210303
100000011012000101020002003020101301110211021010302212023031303221111020123120331030211301232021203112120333
1000000110120001010200020030201013011102110210103022120230313032211110201231203310302113012320213
1000000110120001010200020030201013011102110210103022120230313032211110201231203310302113012321
1000000110120001010200020030201013011102110210103022120230313032211110201231203310302113012322
1000000110120001010200020030201013011102110210103022120230313032211110201231203310302113012323
1000000110120001010200020030201013011102110210103022120230313032211110201231203310303
1000000110120001010200020030201013011102110210103022120230313032211110201231203311
1000000110120001010200020030201013011102110210103022120230313032211110201231203312
1000000110120001010200020030201013011102110210103022120230313032211110201231203313
100000011012000101020002003020101301110211021010303
30010000010010200020031100
300100000100102000200311011012002011012021010300
3001000001001020002003110110120020110120210103013021101
300100000100102000200311011012002011012021010301302110220
300100000100102000200311011012002011012021010301302110221302301
300100000100102000200311011012002011012021010301302110221302302
30010000010010200020031101101200201101202101030130211022130230322103310302111110200
300100000100102000200311011012002011012021010301302110221302303221033103021111102011
30010000010010200020031101101200201101202101030130211022130230322103310302111110201231203
300100000100102000200311011012002011012021010301302110221302303221033103021111102012312120122
3001000001001020002003110110120020110120210103013021102213023032210331030211111020123121201232022
300100000100102000200311011012002011012021010301302110221302303221033103021111102012312120123202313303
3001000001001020002003110110120020110120210103013021102213023032210331030211111020123121201232023133130311203
30010000010010200020031101101200201101202101030130211022130230322103310302111110201231212012320231331303112120
30010000010010200020031101101200201101202101030130211022130230322103310302111110201231212012320231331303112121
3001000001001020002003110110120020110120210103013021102213023032210331030211111020123121201232023133130311212230
300100000100102000200311011012002011012021010301302110221302303221033103021111102012312120123202313313031121223130
300100000100102000200311011012002011012021010301302110221302303221033103021111102012312120123202313313031121223131
300100000100102000200311011012002011012021010301302110221302303221033103021111102012312120123202313313031121223132
300100000100102000200311011012002011012021010301302110221302303221033103021111102012312120123202313313031121223133
3001000001001020002003110110120020110120210103013021102213023032210331030211111020123121201232023133130311212232223
30010000010010200020031101101200201101202101030130211022130230322103310302111110201231212012320231331303112122323
30010000010010200020031101101200201101202101030130211022130230322103310302111110201231212012320231331303112122331321030220
300100000100102000200311011012002011012021010301302110221302303221033103021111102012312120123202313313031121223313210302211212
3001000001001020002003110110120020110120210103013021102213023032210331030211111020123121201232023133130311212233132103022112132
300100000100102000200311011012002011012021010301302110221302303221033103021111102012312120123202313313031121223313210302211213321300
300100000100102000200311011012002011012021010301302110221302303221033103021111102012312120123202313313031121223313210302211213321301
30010000010010200020031101101200201101202101030130211022130230322103310302111110201231212012320231331303112122331321030221121332130222310
300100000100102000200311011012002011012021010301302110221302303221033103021111102012312120123202313313031121223313210302211213321302223113
30010000010010200020031101101200201101202101030130211022130230322103310302111110201231212012320231331303112122331321030221121332130222312
30010000010010200020031101101200201101202101030130211022130230322103310302111110201231212012320231331303112122331321030221121332130222313
30010000010010200020031101101200201101202101030130211022130230322103310302111110201231212012320231331303112122331321030221121332130222320
30010000010010200020031101101200201101202101030130211022130230322103310302111110201231212012320231331303112122331321030221121332130222321
30010000010010200020031101101200201101202101030130211022130230322103310302111110201231212012320231331303112122331321030221121332130222322
3001000001001020002003110110120020110120210103013021102213023032210331030211111020123121201232023133130311212233132103022112133213022232312
3001000001001020002003110110120020110120210103013021102213023032210331030211111020123121201232023133130311212233132103022112133213022232313322
3001000001001020002003110110120020110120210103013021102213023032210331030211111020123121201232023133130311212233132103022112133213022232313323
3001000001001020002003110110120020110120210103013021102213023032210331030211111020123121201232023133130311212233132103022112133213022232313332
3001000001001020002003110110120020110120210103013021102213023032210331030211111020123121201232023133130311212233132103022112133213022232313333
30010000010010200020031101101200201101202101030130211022130230322103310302111110201231212012320231331303112122331321030221121332130222330
30010000010010200020031101101200201101202101030130211022130230322103310302111110201231212012320231331303112122331321030221121332130222331
30010000010010200020031101101200201101202101030130211022130230322103310302111110201231212012320231331303112122331321030221121332130222332
30010000010010200020031101101200201101202101030130211022130230322103310302111110201231212012320231331303112122331321030221121332130222333
30010000010010200020031101101200201101202101030130211022130230322103310302111110201231212012320231331303112122331321030221121332130223
300100000100102000200311011012002011012021010301302110221302303221033103021111102012312120123202313313031121223313210302211213321303
30010000010010200020031101101200201101202101030130211022130230322103310302111110201231212012320231331303112122331321030222
30010000010010200020031101101200201101202101030130211022130230322103310302111110201231212012320231331303112122331321030223
30010000010010200020031101101200201101202101030130211022130230322103310302111110201231212012320231331303112122331321030230
30010000010010200020031101101200201101202101030130211022130230322103310302111110201231212012320231331303112122331321030231
30010000010010200020031101101200201101202101030130211022130230322103310302111110201231212012320231331303112122331321030232
30010000010010200020031101101200201101202101030130211022130230322103310302111110201231212012320231331303112122331321030233
30010000010010200020031101101200201101202101030130211022130230322103310302111110201231212012320231331303112122331321030311
30010000010010200020031101101200201101202101030130211022130230322103310302111110201231212012320231331303112122331321030312
30010000010010200020031101101200201101202101030130211022130230322103310302111110201231212012320231331303112122331321030313
3001000001001020002003110110120020110120210103013021102213023032210331030211111020123121201232023133130311212233132103032
3001000001001020002003110110120020110120210103013021102213023032210331030211111020123121201232023133130311212233132103033
3001000001001020002003110110120020110120210103013021102213023032210331030211111020123121201232023133130311212233133
30010000010010200020031101101200201101202101030130211022130230322103310302111110201231212012320231332
30010000010010200020031101101200201101202101030130211022130230322103310302111110201231212012320231333
30010000010010200020031101101200201101202101030130211022130230322103310302111110201231212012321
30010000010010200020031101101200201101202101030130211022130230322103310302111110201231212012322
30010000010010200020031101101200201101202101030130211022130230322103310302111110201231212012323
30010000010010200020031101101200201101202101030130211022130230322103310302111110201231213
30010000010010200020031101101200201101202101030130211022130230322103310303
30010000010010200020031101101200201101202101030130211022130230322103311
30010000010010200020031101101200201101202101030130211022130230322103312
30010000010010200020031101101200201101202101030130211022130230322103313
300100000100102000200311011012002011012021010302
300100000100102000200311011012002011012021010303
