00000000
0100
020
030
0010
0020
0030
00010
00020
00030
000010
000020
0000300
0000010
0000020
0000030
00000010
00000020
00000030
00000001
00000002
00000003
01100
0120
0130
01010
01020
01030
021
022
023
031
032
033
0011
0012
0013
0021
0022
0023
0031
0032
0033
00011
00012
00013
00021
00022
00023
00031
00032
00033
000011
000012
000013
000021
000022
000023
0000310
0000320
0000330
0000301
0000302
0000303
0000011
0000012
0000013
0000021
0000022
0000023
0000031
0000032
0000033
00000011
00000012
00000013
00000021
00000022
00000023
00000031
00000032
00000033
01110
01120
01130
01101
01102
01103
0121
0122
0123
0131
0132
0133
01011
01012
01013
01021
01022
01023
01031
01032
01033
0000311
0000312
0000313
0000321
0000322
0000323
0000331
0000332
0000333
01111
01112
01113
01121
01122
01123
01131
01132
01133
10000000000
110
120
130
10100
1020
1030
1001
10020
10030
100010
100020
100030
1000010
1000020
1000030
10000010
10000020
10000030
100000010
100000020
100000030
1000000010
1000000020
1000000030
10000000010
10000000020
10000000030
10000000001
10000000002
10000000003
111
112
113
121
122
123
131
132
133
10110
10120
10130
10101
10102
10103
1021
1022
1023
1031
1032
1033
10021
10022
10023
10031
10032
10033
100011
100012
100013
100021
100022
100023
100031
100032
100033
1000011
1000012
1000013
1000021
1000022
1000023
1000031
1000032
1000033
10000011
10000012
10000013
10000021
10000022
10000023
10000031
10000032
10000033
100000011
100000012
100000013
100000021
100000022
100000023
100000031
100000032
100000033
1000000011
1000000012
1000000013
1000000021
1000000022
1000000023
1000000031
1000000032
1000000033
10000000011
10000000012
10000000013
10000000021
10000000022
10000000023
10000000031
10000000032
10000000033
10111
10112
10113
10121
10122
10123
10131
10132
10133
300
310000
32000000
330
301
302
303
3110
3120
31300
31010
31020
31030
310010
310020
310030
310001
310002
310003
3210
3220
3230
32010
32020
3203
320010
320020
320030
3200010
3200020
3200030
32000010
32000020
32000030
32000001
32000002
32000003
331
332
333
3111
3112
3113
3121
3122
3123
31310
31320
31330
31301
31302
31303
31011
31012
31013
31021
31022
31023
31031
31032
31033
310011
310012
310013
310021
310022
310023
310031
310032
310033
3211
3212
3213
3221
3222
3223
3231
3232
3233
32011
32012
32013
32021
32022
32023
320011
320012
320013
320021
320022
320023
320031
320032
320033
3200011
3200012
3200013
3200021
3200022
3200023
3200031
3200032
3200033
32000011
32000012
32000013
32000021
32000022
32000023
32000031
32000032
32000033
31311
31312
31313
31321
31322
31323
31331
31332
31333
2000
210000000
2200
230
2010
2020
2030
2001
2002
2003
21100
2120
2130
21010
2102
21030
210010
210020
210030
2100010
2100020
2100030
21000010
21000020
21000030
210000010
210000020
210000030
210000001
210000002
210000003
2210
2220
2230
2201
2202
2203
231
232
233
2011
2012
2013
2021
2022
2023
2031
2032
2033
21110
21120
21130
21101
21102
21103
2121
2122
2123
2131
2132
2133
21011
21012
21013
21031
21032
21033
210011
210012
210013
210021
210022
210023
210031
210032
210033
2100011
2100012
2100013
2100021
2100022
2100023
2100031
2100032
2100033
21000011
21000012
21000013
21000021
21000022
21000023
21000031
21000032
21000033
210000011
210000012
210000013
210000021
210000022
210000023
210000031
210000032
210000033
2211
2212
2213
2221
2222
2223
2231
2232
2233
21111
21112
21113
21121
21122
21123
21131
21132
21133
