000000
010
0200
030
0010000
00200
0030
000100
000200
00030
000010
0000200
000030
000001
000002
000003
011
012
013
02100
0220
0230
0201
0202
0203
031
032
033
00110
00120
00130
001010
001020
001030
0010010
0010020
0010030
0010001
0010002
0010003
00210
00220
00230
00201
00202
00203
0031
0032
0033
000110
000120
000130
000101
000102
000103
000210
000220
000230
000201
000202
000203
00031
00032
00033
000011
000012
000013
0000210
0000220
0000230
0000201
0000202
0000203
000031
000032
000033
02110
02120
02130
02101
02102
02103
02210
02220
02230
0231
0232
0233
00111
00112
00113
00121
00122
00123
00131
00132
00133
001011
001012
001013
001021
001022
001023
001031
001032
001033
0010011
0010012
0010013
0010021
0010022
0010023
0010031
0010032
0010033
00211
00212
00213
00221
00222
00223
00231
00232
00233
000111
000112
000113
000121
000122
000123
000131
000132
000133
000211
000212
000213
000221
000222
000223
000231
000232
000233
0000211
0000212
0000213
0000221
0000222
0000223
0000231
0000232
0000233
02111
02112
02113
02121
02122
02123
02131
02132
02133
02211
02212
02213
02221
02222
02223
02231
02232
02233
20000
210000
2200
230
20100
20200
2030
20010
200200
20030
20001
20002
20003
2110
2120
2130
210100
21020
21030
2100100
210020
2100300
210001
210002
210003
2210
2220
2230
2201
2202
2203
231
232
233
20110
20120
20130
20101
20102
20103
20210
20220
20230
20201
20202
20203
2031
2032
2033
20011
20012
20013
200210
200220
200230
200201
200202
200203
20031
20032
20033
2111
2112
2113
2121
2122
2123
2131
2132
2133
210110
2101200
210130
210101
210102
210103
21021
21022
21023
21031
21032
21033
2100110
2100120
2100130
2100101
2100102
2100103
210021
210022
210023
2100310
210032
2100330
2100301
2100302
2100303
2211
2212
2213
2221
2222
2223
2231
2232
2233
20111
20112
20113
20121
20122
20123
20131
20132
20133
20211
20212
20213
20221
20222
20223
20231
20232
20233
200211
200212
200213
200221
200222
200223
200231
200232
200233
210111
210112
210113
2101210
2101220
2101230
2101201
2101202
2101203
210131
210132
210133
2100111
2100112
2100113
2100121
2100122
2100123
2100131
2100132
2100133
2100311
2100312
2100313
2100331
2100332
2100333
2101211
2101212
2101213
2101221
2101222
2101223
2101231
2101232
2101233
3000000
3100
320
330
301000
3020
3030
300100
30020
300300
3000100
3000200
3000300
3000010
3000020
3000030
3000001
3000002
3000003
3110
3120
3130
3101
3102
3103
321
322
323
331
332
333
30110
301200
30130
301010
301020
301030
301001
301002
301003
3021
3022
3023
3031
3032
3033
300110
300120
300130
300101
300102
300103
30021
30022
30023
300310
300320
30033
300301
300302
300303
3000110
3000120
3000130
3000101
3000102
3000103
3000210
3000220
3000230
3000201
3000202
3000203
3000310
3000320
3000330
3000301
3000302
3000303
3000011
3000012
3000013
3000021
3000022
3000023
3000031
3000032
3000033
3111
3112
3113
3121
3122
3123
3131
3132
3133
30111
30112
30113
301210
301220
301230
301201
301202
301203
30131
30132
30133
301011
301012
301013
301021
301022
301023
301031
301032
301033
300111
300112
300113
300121
300122
300123
300131
300132
300133
300311
300312
300313
300321
300322
300323
3000111
3000112
3000113
3000121
3000122
3000123
3000131
3000132
3000133
3000211
3000212
3000213
3000221
3000222
3000223
3000231
3000232
3000233
3000311
3000312
3000313
3000321
3000322
3000323
3000331
3000332
3000333
301211
301212
301213
301221
301222
301223
301231
301232
301233
10000
1100
1200
130
1010
10200
1030
10010
10020
10030
10001
10002
10003
111000
11200
11300
1101
1102
1103
1210
1220
1230
1201
1202
1203
131
132
133
1011
1012
1013
10210
10220
10230
10201
10202
10203
1031
1032
1033
10011
10012
10013
10021
10022
10023
10031
10032
10033
111100
111200
11130
111010
111020
1110300
111001
111002
111003
11210
11220
11230
11201
11202
11203
11310
11320
11330
11301
11302
11303
1211
1212
1213
1221
1222
1223
1231
1232
1233
10211
10212
10213
10221
10222
10223
10231
10232
10233
111110
1111200
111130
111101
111102
111103
111210
111220
111230
111201
111202
111203
11131
11132
11133
111011
111012
111013
111021
111022
111023
111031
1110320
1110330
1110301
1110302
1110303
11211
11212
11213
11221
11222
11223
11231
11232
11233
11311
11312
11313
11321
11322
11323
11331
11332
11333
111111
111112
111113
1111210
1111220
1111230
1111201
1111202
1111203
111131
111132
111133
111211
111212
111213
111221
111222
111223
111231
111232
111233
1110321
1110322
1110323
1110331
1110332
1110333
1111211
1111212
1111213
1111221
1111222
1111223
1111231
1111232
1111233
