00000000
0100
020
0300
0010
0020
00300
000100
000200
00030
0000100
000020
0000300
0000010
00000200
0000030
00000010
00000020
00000030
00000001
00000002
00000003
0110
0120
0130
0101
0102
0103
0210
02200
0230
0310
0320
0330
0301
0302
0303
0011
0012
0013
0021
0022
0023
0031000
00320
00330
00301
00302
00303
0001100
000120
000130
000101
000102
000103
000210
000220
000230
000201
000202
000203
00031
00032
00033
0000110
0000120
0000130
0000101
0000102
0000103
000021
000022
000023
0000310
0000320
0000330
0000301
0000302
0000303
0000011
0000012
0000013
00000210
00000220
00000230
00000201
00000202
00000203
0000031
0000032
0000033
00000011
00000012
00000013
00000021
00000022
00000023
00000031
00000032
00000033
0111
0112
0113
0121
0122
0123
0131
0132
0133
0211
0212
0213
02210
02220
022300
02201
02202
02203
0231
0232
0233
0311
0312
0313
0321
0322
0323
0331
0332
0333
003110
003120
003130
0031010
0031020
0031030
0031001
0031002
0031003
00321
00322
00323
00331
00332
00333
0001110
0001120
0001130
0001101
0001102
0001103
000121
000122
000123
000131
000132
000133
000211
000212
000213
000221
000222
000223
000231
000232
000233
0000111
0000112
0000113
0000121
0000122
0000123
0000131
0000132
0000133
0000311
0000312
0000313
0000321
0000322
0000323
0000331
0000332
0000333
00000211
00000212
00000213
00000221
00000222
00000223
00000231
00000232
00000233
02211
02212
02213
02221
02222
02223
022310
022320
022330
022301
022302
022303
003111
003112
003113
003121
003122
003123
003131
003132
003133
0031011
0031012
0031013
0031021
0031022
0031023
0031031
0031032
0031033
0001111
0001112
0001113
0001121
0001122
0001123
0001131
0001132
0001133
022311
022312
022313
022321
022322
022323
022331
022332
022333
200
21000000
2200
23000000
201
202
203
2110
212000
2130
21010
21020
21030
210010
2100200
210030
21000100
2100020
21000300
210000100
210000200
21000030
21000001
21000002
21000003
2210
2220
2230
2201
2202
2203
2310
2320
2330
23010
23020
23030
230010
230020
2300300
2300010
2300020
2300030
23000010
23000020
23000030
23000001
23000002
23000003
2111
2112
2113
21210
21220
21230
212010
212020
212030
212001
212002
212003
2131
2132
2133
21011
21012
21013
21021
21022
21023
21031
21032
21033
210011
210012
210013
2100210
2100220
2100230
2100201
2100202
2100203
210031
210032
210033
21000110
21000120
21000130
21000101
21000102
21000103
2100021
2100022
2100023
21000310
21000320
21000330
21000301
21000302
21000303
210000110
21000012
210000130
210000101
210000102
210000103
210000210
210000220
210000230
210000201
210000202
210000203
21000031
21000032
21000033
2211
2212
2213
2221
2222
2223
2231
2232
2233
2311
2312
2313
2321
2322
2323
2331
2332
2333
23011
23012
23013
23021
23022
23023
23031
23032
23033
230011
230012
230013
230021
230022
230023
2300310
2300320
2300330
2300301
2300302
2300303
2300011
2300012
2300013
2300021
2300022
2300023
2300031
2300032
2300033
23000011
23000012
23000013
23000021
23000022
23000023
23000031
23000032
23000033
21211
21212
21213
21221
21222
21223
21231
21232
21233
212011
212012
212013
212021
212022
212023
212031
212032
212033
2100211
2100212
2100213
2100221
2100222
2100223
2100231
2100232
2100233
21000111
21000112
21000113
21000121
21000122
21000123
21000131
21000132
21000133
21000311
21000312
21000313
21000321
21000322
21000323
21000331
21000332
21000333
210000111
210000112
210000113
210000131
210000132
210000133
210000211
210000212
210000213
210000221
210000222
210000223
210000231
210000232
210000233
2300311
2300312
2300313
2300321
2300322
2300323
2300331
2300332
2300333
1000000
11000
120
130
101000
1020
103000
100100
100200
10030
100010
100020
1000300
1000010
10000200
1000030
1000001
1000002
1000003
1110
1120
1130
11010
11020
11030
11001
11002
11003
121
122
123
131
132
133
10110
101200
10130
101010000
101020
101030
101001
101002
101003
1021
1022
1023
10310
10320
10330
103010
103020
103030
103001
103002
103003
10011
100120
100130
100101
100102
100103
100210
100220
100230
100201
100202
100203
10031
10032
10033
100011
100012
100013
100021
100022
100023
1000310
1000320
1000330
1000301
1000302
1000303
1000011
1000012
1000013
10000210
10000220
10000230
10000201
10000202
10000203
1000031
1000032
1000033
1111
1112
1113
1121
1122
1123
1131
1132
1133
11011
11012
11013
11021
11022
11023
11031
11032
11033
10111
10112
10113
101210
101220
1012300
101201
101202
101203
10131
10132
10133
1010110
1010120
1010130
10101010
10101020
10101030
101010010
101010020
101010030
101010001
101010002
101010003
101021
101022
101023
101031
101032
101033
10311
10312
10313
10321
10322
10323
10331
10332
10333
103011
103012
103013
103021
103022
103023
103031
103032
103033
100121
100122
100123
100131
100132
100133
100211
100212
100213
100221
100222
100223
100231
100232
100233
1000311
1000312
1000313
1000321
1000322
1000323
1000331
1000332
1000333
10000211
10000212
10000213
10000221
10000222
10000223
10000231
10000232
10000233
101211
101212
101213
101221
101222
101223
1012310
1012320
1012330
1012301
1012302
1012303
1010111
1010112
1010113
1010121
1010122
1010123
1010131
1010132
1010133
10101011
10101012
10101013
10101021
10101022
10101023
10101031
10101032
10101033
101010011
101010012
101010013
101010021
101010022
101010023
101010031
101010032
101010033
1012311
1012312
1012313
1012321
1012322
1012323
1012331
1012332
1012333
3000000
31000
320
330
301000
3020
303000
300100
300200
30030
300010
300020
3000300
3000010
30000200
3000030
3000001
3000002
3000003
3110
3120
3130
31010
31020
31030
31001
31002
31003
321
322
323
331
332
333
30110
301200
30130
301010000
301020
301030
301001
301002
301003
3021
3022
3023
30310
30320
30330
303010
303020
303030
303001
303002
303003
300110
300120
30013
300101
300102
300103
300210
300220
300230
300201
300202
300203
30031
30032
30033
300011
300012
300013
300021
300022
300023
3000310
3000320
3000330
3000301
3000302
3000303
3000011
3000012
3000013
30000210
30000220
30000230
30000201
30000202
30000203
3000031
3000032
3000033
3111
3112
3113
3121
3122
3123
3131
3132
3133
31011
31012
31013
31021
31022
31023
31031
31032
31033
30111
30112
30113
301210
301220
3012300
301201
301202
301203
30131
30132
30133
3010110
3010120
3010130
30101010
30101020
30101030
301010010
301010020
301010030
301010001
301010002
301010003
301021
301022
301023
301031
301032
301033
30311
30312
30313
30321
30322
30323
30331
30332
30333
303011
303012
303013
303021
303022
303023
303031
303032
303033
300111
300112
300113
300121
300122
300123
300211
300212
300213
300221
300222
300223
300231
300232
300233
3000311
3000312
3000313
3000321
3000322
3000323
3000331
3000332
3000333
30000211
30000212
30000213
30000221
30000222
30000223
30000231
30000232
30000233
301211
301212
301213
301221
301222
301223
3012310
3012320
3012330
3012301
3012302
3012303
3010111
3010112
3010113
3010121
3010122
3010123
3010131
3010132
3010133
30101011
30101012
30101013
30101021
30101022
30101023
30101031
30101032
30101033
301010011
301010012
301010013
301010021
301010022
301010023
301010031
301010032
301010033
3012311
3012312
3012313
3012321
3012322
3012323
3012331
3012332
3012333
