011218651951110811108371110110
011218651951110811108371110111115791111724818
011218651951110811108371110111115791111724811
0112186519511108111083711101111157911117241
0112186519511108111083711101111157911117247961
0112186519511108111083711101111157911117247967
011218651951110811108371110111115791111724796590
01121865195111081110837111011111579111172411
01121865195111081110837111011111579111172415
011218651951110811108371110111115791111728
011218651951110811108371110111115791111722
0112186519511108111083711101111157911111
011218651951110811108371110111115791111
0112186519511108111083711101111
011218651951110811108371110111111
011218651951110811108371111
01121865195111081110831
01121865195111081110830
