000001000000010101000101002020001102030020201001101021103020
00000100000001010100010100202000110203002020100110102110302111120
00000100000001010100010100202000110203002020100110102110302111121220
0000010000000101010001010020200011020300202010011010211030211112122130101200201020103012102220
00000100000001010100010100202000110203002020100110102110302111121221301012002010201030121022213030
000001000000010101000101002020001102030020201001101021103021111212213010120020102010301210222130312313021
000001000000010101000101002020001102030020201001101021103021111212213010120020102010301210222130312313022
000001000000010101000101002020001102030020201001101021103021111212213010120020102010301210222130312313023112
0000010000000101010001010020200011020300202010011010211030211112122130101200201020103012102221303123130231131112320330
0000010000000101010001010020200011020300202010011010211030211112122130101200201020103012102221303123130231131112320331
000001000000010101000101002020001102030020201001101021103021111212213010120020102010301210222130312313023113111232033223020
000001000000010101000101002020001102030020201001101021103021111212213010120020102010301210222130312313023113111232033223021
00000100000001010100010100202000110203002020100110102110302111121221301012002010201030121022213031231302311311123203322302232
00000100000001010100010100202000110203002020100110102110302111121221301012002010201030121022213031231302311311123203322302233030
00000100000001010100010100202000110203002020100110102110302111121221301012002010201030121022213031231302311311123203322302233031
00000100000001010100010100202000110203002020100110102110302111121221301012002010201030121022213031231302311311123203322302233032
00000100000001010100010100202000110203002020100110102110302111121221301012002010201030121022213031231302311311123203322302233033
000001000000010101000101002020001102030020201001101021103021111212213010120020102010301210222130312313023113111232033223022331
000001000000010101000101002020001102030020201001101021103021111212213010120020102010301210222130312313023113111232033223022332
00000100000001010100010100202000110203002020100110102110302111121221301012002010201030121022213031231302311311123203322302233310323
0000010000000101010001010020200011020300202010011010211030211112122130101200201020103012102221303123130231131112320332230223331033032030
000001000000010101000101002020001102030020201001101021103021111212213010120020102010301210222130312313023113111232033223022333103303203113
000001000000010101000101002020001102030020201001101021103021111212213010120020102010301210222130312313023113111232033223022333103303203122
000001000000010101000101002020001102030020201001101021103021111212213010120020102010301210222130312313023113111232033223022333103303203123
000001000000010101000101002020001102030020201001101021103021111212213010120020102010301210222130312313023113111232033223022333103303203132030
0000010000000101010001010020200011020300202010011010211030211112122130101200201020103012102221303123130231131112320332230223331033032031320313302122101
00000100000001010100010100202000110203002020100110102110302111121221301012002010201030121022213031231302311311123203322302233310330320313203133021221021112202
0000010000000101010001010020200011020300202010011010211030211112122130101200201020103012102221303123130231131112320332230223331033032031320313302122102111220330312
00000100000001010100010100202000110203002020100110102110302111121221301012002010201030121022213031231302311311123203322302233310330320313203133021221021112203303131
000001000000010101000101002020001102030020201001101021103021111212213010120020102010301210222130312313023113111232033223022333103303203132031330212210211122033031322110
000001000000010101000101002020001102030020201001101021103021111212213010120020102010301210222130312313023113111232033223022333103303203132031330212210211122033031322111
000001000000010101000101002020001102030020201001101021103021111212213010120020102010301210222130312313023113111232033223022333103303203132031330212210211122033031322112
000001000000010101000101002020001102030020201001101021103021111212213010120020102010301210222130312313023113111232033223022333103303203132031330212210211122033031322113
000001000000010101000101002020001102030020201001101021103021111212213010120020102010301210222130312313023113111232033223022333103303203132031330212210211122033031322120
000001000000010101000101002020001102030020201001101021103021111212213010120020102010301210222130312313023113111232033223022333103303203132031330212210211122033031322121211
000001000000010101000101002020001102030020201001101021103021111212213010120020102010301210222130312313023113111232033223022333103303203132031330212210211122033031322121212
000001000000010101000101002020001102030020201001101021103021111212213010120020102010301210222130312313023113111232033223022333103303203132031330212210211122033031322121213
0000010000000101010001010020200011020300202010011010211030211112122130101200201020103012102221303123130231131112320332230223331033032031320313302122102111220330313221212213
00000100000001010100010100202000110203002020100110102110302111121221301012002010201030121022213031231302311311123203322302233310330320313203133021221021112203303132212122221
00000100000001010100010100202000110203002020100110102110302111121221301012002010201030121022213031231302311311123203322302233310330320313203133021221021112203303132212122222
00000100000001010100010100202000110203002020100110102110302111121221301012002010201030121022213031231302311311123203322302233310330320313203133021221021112203303132212122223
0000010000000101010001010020200011020300202010011010211030211112122130101200201020103012102221303123130231131112320332230223331033032031320313302122102111220330313221212223130
000001000000010101000101002020001102030020201001101021103021111212213010120020102010301210222130312313023113111232033223022333103303203132031330212210211122033031322121222313132
000001000000010101000101002020001102030020201001101021103021111212213010120020102010301210222130312313023113111232033223022333103303203132031330212210211122033031322121222313133
0000010000000101010001010020200011020300202010011010211030211112122130101200201020103012102221303123130231131112320332230223331033032031320313302122102111220330313221212223132
00000100000001010100010100202000110203002020100110102110302111121221301012002010201030121022213031231302311311123203322302233310330320313203133021221021112203303132212122231333231
0000010000000101010001010020200011020300202010011010211030211112122130101200201020103012102221303123130231131112320332230223331033032031320313302122102111220330313221212223133323230
0000010000000101010001010020200011020300202010011010211030211112122130101200201020103012102221303123130231131112320332230223331033032031320313302122102111220330313221212223133323231
0000010000000101010001010020200011020300202010011010211030211112122130101200201020103012102221303123130231131112320332230223331033032031320313302122102111220330313221212223133323232
0000010000000101010001010020200011020300202010011010211030211112122130101200201020103012102221303123130231131112320332230223331033032031320313302122102111220330313221212223133323233
000001000000010101000101002020001102030020201001101021103021111212213010120020102010301210222130312313023113111232033223022333103303203132031330212210211122033031322121222313332333
00000100000001010100010100202000110203002020100110102110302111121221301012002010201030121022213031231302311311123203322302233310330320313203133021221021112203303132212122232
00000100000001010100010100202000110203002020100110102110302111121221301012002010201030121022213031231302311311123203322302233310330320313203133021221021112203303132212122233
000001000000010101000101002020001102030020201001101021103021111212213010120020102010301210222130312313023113111232033223022333103303203132031330212210211122033031322121223
000001000000010101000101002020001102030020201001101021103021111212213010120020102010301210222130312313023113111232033223022333103303203132031330212210211122033031322122
000001000000010101000101002020001102030020201001101021103021111212213010120020102010301210222130312313023113111232033223022333103303203132031330212210211122033031322123
000001000000010101000101002020001102030020201001101021103021111212213010120020102010301210222130312313023113111232033223022333103303203132031330212210211123
0000010000000101010001010020200011020300202010011010211030211112122130101200201020103012102221303123130231131112320332230223331033032031320313302123
0000010000000101010001010020200011020300202010011010211030211112122130101200201020103012102221303123130231131112320332230223331033032031320313302133
0000010000000101010001010020200011020300202010011010211030211112122130101200201020103012102221303123130231131112320332230223331033032031320313303
00000100000001010100010100202000110203002020100110102110302111121221301012002010201030121022213031231302311311123203322302233310330320313203133111
00000100000001010100010100202000110203002020100110102110302111121221301012002010201030121022213031231302311311123203322302233310330320313203133112
00000100000001010100010100202000110203002020100110102110302111121221301012002010201030121022213031231302311311123203322302233310330320313203133113
00000100000001010100010100202000110203002020100110102110302111121221301012002010201030121022213031231302311311123203322302233310330320313203133121
00000100000001010100010100202000110203002020100110102110302111121221301012002010201030121022213031231302311311123203322302233310330320313203133122
00000100000001010100010100202000110203002020100110102110302111121221301012002010201030121022213031231302311311123203322302233310330320313203133123
000001000000010101000101002020001102030020201001101021103021111212213010120020102010301210222130312313023113111232033223022333103303203132031331321
00000100000001010100010100202000110203002020100110102110302111121221301012002010201030121022213031231302311311123203322302233310330320313203133132232
00000100000001010100010100202000110203002020100110102110302111121221301012002010201030121022213031231302311311123203322302233310330320313203133132233
00000100000001010100010100202000110203002020100110102110302111121221301012002010201030121022213031231302311311123203322302233310330320313203133133
00000100000001010100010100202000110203002020100110102110302111121221301012002010201030121022213031231302311311123203322303
0000010000000101010001010020200011020300202010011010211030211112122130101200201020103012102221303123130231131112320332231
0000010000000101010001010020200011020300202010011010211030211112122130101200201020103012102221303123130231131112320332232
0000010000000101010001010020200011020300202010011010211030211112122130101200201020103012102221303123130231131112320332233
0000010000000101010001010020200011020300202010011010211030211112122130101200201020103012102222
0000010000000101010001010020200011020300202010011010211030211112122130101200201020103012102223
000001000000010101000101002020001102030020201001101021103021111212213010120020102010301211
000001000000010101000101002020001102030020201001101021103021111212213010120020102010301212
000001000000010101000101002020001102030020201001101021103021111212213010120020102010301213
00000100000001010100010100202000110203002020100110102110302111121221301012002010202
00000100000001010100010100202000110203002020100110102110302111121221301012002010203
0000010000000101010001010020200011020300202010011010211030211112122130101201
0000010000000101010001010020200011020300202010011010211030211112122130101202
0000010000000101010001010020200011020300202010011010211030211112122130101203
0000010000000101010001010020200011020300202010011010211030211113
000001000000010101000101003
00000101
00000102
00000103
2000000100001001000010200002010102010002030201102030110102110
20000001000010010000102000020101020100020302011020301101021111120
20000001000010010000102000020101020100020302011020301101021111121212002010201030121013030
200000010000100100001020000201010201000203020110203011010211111212120020102010301210130312130102220
200000010000100100001020000201010201000203020110203011010211111212120020102010301210130312130102221
200000010000100100001020000201010201000203020110203011010211111212120020102010301210130312130102222313021
200000010000100100001020000201010201000203020110203011010211111212120020102010301210130312130102222313022
200000010000100100001020000201010201000203020110203011010211111212120020102010301210130312130102222313023112
20000001000010010000102000020101020100020302011020301101021111121212002010201030121013031213010222231302311311122
2000000100001001000010200002010102010002030201102030110102111112121200201020103012101303121301022223130231131112320330
2000000100001001000010200002010102010002030201102030110102111112121200201020103012101303121301022223130231131112320331
200000010000100100001020000201010201000203020110203011010211111212120020102010301210130312130102222313023113111232033223020
200000010000100100001020000201010201000203020110203011010211111212120020102010301210130312130102222313023113111232033223021
20000001000010010000102000020101020100020302011020301101021111121212002010201030121013031213010222231302311311123203322302232
20000001000010010000102000020101020100020302011020301101021111121212002010201030121013031213010222231302311311123203322302233030
20000001000010010000102000020101020100020302011020301101021111121212002010201030121013031213010222231302311311123203322302233031
20000001000010010000102000020101020100020302011020301101021111121212002010201030121013031213010222231302311311123203322302233032
20000001000010010000102000020101020100020302011020301101021111121212002010201030121013031213010222231302311311123203322302233033
200000010000100100001020000201010201000203020110203011010211111212120020102010301210130312130102222313023113111232033223022331
200000010000100100001020000201010201000203020110203011010211111212120020102010301210130312130102222313023113111232033223022332
20000001000010010000102000020101020100020302011020301101021111121212002010201030121013031213010222231302311311123203322302233310323
2000000100001001000010200002010102010002030201102030110102111112121200201020103012101303121301022223130231131112320332230223331033032030
200000010000100100001020000201010201000203020110203011010211111212120020102010301210130312130102222313023113111232033223022333103303203113
200000010000100100001020000201010201000203020110203011010211111212120020102010301210130312130102222313023113111232033223022333103303203122
200000010000100100001020000201010201000203020110203011010211111212120020102010301210130312130102222313023113111232033223022333103303203123
200000010000100100001020000201010201000203020110203011010211111212120020102010301210130312130102222313023113111232033223022333103303203132030
2000000100001001000010200002010102010002030201102030110102111112121200201020103012101303121301022223130231131112320332230223331033032031320313302122101
20000001000010010000102000020101020100020302011020301101021111121212002010201030121013031213010222231302311311123203322302233310330320313203133021221021112202
2000000100001001000010200002010102010002030201102030110102111112121200201020103012101303121301022223130231131112320332230223331033032031320313302122102111220330312
20000001000010010000102000020101020100020302011020301101021111121212002010201030121013031213010222231302311311123203322302233310330320313203133021221021112203303131
200000010000100100001020000201010201000203020110203011010211111212120020102010301210130312130102222313023113111232033223022333103303203132031330212210211122033031322110
200000010000100100001020000201010201000203020110203011010211111212120020102010301210130312130102222313023113111232033223022333103303203132031330212210211122033031322111
200000010000100100001020000201010201000203020110203011010211111212120020102010301210130312130102222313023113111232033223022333103303203132031330212210211122033031322112
200000010000100100001020000201010201000203020110203011010211111212120020102010301210130312130102222313023113111232033223022333103303203132031330212210211122033031322113
200000010000100100001020000201010201000203020110203011010211111212120020102010301210130312130102222313023113111232033223022333103303203132031330212210211122033031322120
200000010000100100001020000201010201000203020110203011010211111212120020102010301210130312130102222313023113111232033223022333103303203132031330212210211122033031322121211
200000010000100100001020000201010201000203020110203011010211111212120020102010301210130312130102222313023113111232033223022333103303203132031330212210211122033031322121212
200000010000100100001020000201010201000203020110203011010211111212120020102010301210130312130102222313023113111232033223022333103303203132031330212210211122033031322121213
2000000100001001000010200002010102010002030201102030110102111112121200201020103012101303121301022223130231131112320332230223331033032031320313302122102111220330313221212213
20000001000010010000102000020101020100020302011020301101021111121212002010201030121013031213010222231302311311123203322302233310330320313203133021221021112203303132212122221
20000001000010010000102000020101020100020302011020301101021111121212002010201030121013031213010222231302311311123203322302233310330320313203133021221021112203303132212122222
20000001000010010000102000020101020100020302011020301101021111121212002010201030121013031213010222231302311311123203322302233310330320313203133021221021112203303132212122223
2000000100001001000010200002010102010002030201102030110102111112121200201020103012101303121301022223130231131112320332230223331033032031320313302122102111220330313221212223130
200000010000100100001020000201010201000203020110203011010211111212120020102010301210130312130102222313023113111232033223022333103303203132031330212210211122033031322121222313132
200000010000100100001020000201010201000203020110203011010211111212120020102010301210130312130102222313023113111232033223022333103303203132031330212210211122033031322121222313133
2000000100001001000010200002010102010002030201102030110102111112121200201020103012101303121301022223130231131112320332230223331033032031320313302122102111220330313221212223132
20000001000010010000102000020101020100020302011020301101021111121212002010201030121013031213010222231302311311123203322302233310330320313203133021221021112203303132212122231333231
2000000100001001000010200002010102010002030201102030110102111112121200201020103012101303121301022223130231131112320332230223331033032031320313302122102111220330313221212223133323230
2000000100001001000010200002010102010002030201102030110102111112121200201020103012101303121301022223130231131112320332230223331033032031320313302122102111220330313221212223133323231
2000000100001001000010200002010102010002030201102030110102111112121200201020103012101303121301022223130231131112320332230223331033032031320313302122102111220330313221212223133323232
2000000100001001000010200002010102010002030201102030110102111112121200201020103012101303121301022223130231131112320332230223331033032031320313302122102111220330313221212223133323233
200000010000100100001020000201010201000203020110203011010211111212120020102010301210130312130102222313023113111232033223022333103303203132031330212210211122033031322121222313332333
20000001000010010000102000020101020100020302011020301101021111121212002010201030121013031213010222231302311311123203322302233310330320313203133021221021112203303132212122232
20000001000010010000102000020101020100020302011020301101021111121212002010201030121013031213010222231302311311123203322302233310330320313203133021221021112203303132212122233
200000010000100100001020000201010201000203020110203011010211111212120020102010301210130312130102222313023113111232033223022333103303203132031330212210211122033031322121223
200000010000100100001020000201010201000203020110203011010211111212120020102010301210130312130102222313023113111232033223022333103303203132031330212210211122033031322122
200000010000100100001020000201010201000203020110203011010211111212120020102010301210130312130102222313023113111232033223022333103303203132031330212210211122033031322123
200000010000100100001020000201010201000203020110203011010211111212120020102010301210130312130102222313023113111232033223022333103303203132031330212210211123
2000000100001001000010200002010102010002030201102030110102111112121200201020103012101303121301022223130231131112320332230223331033032031320313302123
2000000100001001000010200002010102010002030201102030110102111112121200201020103012101303121301022223130231131112320332230223331033032031320313302133
2000000100001001000010200002010102010002030201102030110102111112121200201020103012101303121301022223130231131112320332230223331033032031320313303
20000001000010010000102000020101020100020302011020301101021111121212002010201030121013031213010222231302311311123203322302233310330320313203133111
20000001000010010000102000020101020100020302011020301101021111121212002010201030121013031213010222231302311311123203322302233310330320313203133112
20000001000010010000102000020101020100020302011020301101021111121212002010201030121013031213010222231302311311123203322302233310330320313203133113
20000001000010010000102000020101020100020302011020301101021111121212002010201030121013031213010222231302311311123203322302233310330320313203133121
20000001000010010000102000020101020100020302011020301101021111121212002010201030121013031213010222231302311311123203322302233310330320313203133122
20000001000010010000102000020101020100020302011020301101021111121212002010201030121013031213010222231302311311123203322302233310330320313203133123
200000010000100100001020000201010201000203020110203011010211111212120020102010301210130312130102222313023113111232033223022333103303203132031331321
20000001000010010000102000020101020100020302011020301101021111121212002010201030121013031213010222231302311311123203322302233310330320313203133132232
20000001000010010000102000020101020100020302011020301101021111121212002010201030121013031213010222231302311311123203322302233310330320313203133132233
20000001000010010000102000020101020100020302011020301101021111121212002010201030121013031213010222231302311311123203322302233310330320313203133133
20000001000010010000102000020101020100020302011020301101021111121212002010201030121013031213010222231302311311123203322303
2000000100001001000010200002010102010002030201102030110102111112121200201020103012101303121301022223130231131112320332231
2000000100001001000010200002010102010002030201102030110102111112121200201020103012101303121301022223130231131112320332232
2000000100001001000010200002010102010002030201102030110102111112121200201020103012101303121301022223130231131112320332233
200000010000100100001020000201010201000203020110203011010211111212120020102010301210130312130102223
200000010000100100001020000201010201000203020110203011010211111212120020102010301211
200000010000100100001020000201010201000203020110203011010211111212120020102010301212
200000010000100100001020000201010201000203020110203011010211111212120020102010301213
20000001000010010000102000020101020100020302011020301101021111121212002010202
20000001000010010000102000020101020100020302011020301101021111121212002010203
2000000100001001000010200002010102010002030201102030110102111112121201
2000000100001001000010200002010102010002030201102030110102111112121202
2000000100001001000010200002010102010002030201102030110102111112121203
2000000100001001000010200002010102010002030201102030110102111113
2000000100001001000010200003
200000010000101
200000010000102
200000010000103
10000001000010010000102000020101020100020302011020301101021111120
10000001000010010000102000020101020100020302011020301101021111121212002010201030121013030
1000000100001001000010200002010102010002030201102030110102111112121200201020103012101303120
100000010000100100001020000201010201000203020110203011010211111212120020102010301210130312130102220
100000010000100100001020000201010201000203020110203011010211111212120020102010301210130312130102221
100000010000100100001020000201010201000203020110203011010211111212120020102010301210130312130102222313021
100000010000100100001020000201010201000203020110203011010211111212120020102010301210130312130102222313022
100000010000100100001020000201010201000203020110203011010211111212120020102010301210130312130102222313023112
10000001000010010000102000020101020100020302011020301101021111121212002010201030121013031213010222231302311311122
1000000100001001000010200002010102010002030201102030110102111112121200201020103012101303121301022223130231131112320330
1000000100001001000010200002010102010002030201102030110102111112121200201020103012101303121301022223130231131112320331
100000010000100100001020000201010201000203020110203011010211111212120020102010301210130312130102222313023113111232033223020
100000010000100100001020000201010201000203020110203011010211111212120020102010301210130312130102222313023113111232033223021
10000001000010010000102000020101020100020302011020301101021111121212002010201030121013031213010222231302311311123203322302232
10000001000010010000102000020101020100020302011020301101021111121212002010201030121013031213010222231302311311123203322302233030
10000001000010010000102000020101020100020302011020301101021111121212002010201030121013031213010222231302311311123203322302233031
10000001000010010000102000020101020100020302011020301101021111121212002010201030121013031213010222231302311311123203322302233032
10000001000010010000102000020101020100020302011020301101021111121212002010201030121013031213010222231302311311123203322302233033
100000010000100100001020000201010201000203020110203011010211111212120020102010301210130312130102222313023113111232033223022331
100000010000100100001020000201010201000203020110203011010211111212120020102010301210130312130102222313023113111232033223022332
10000001000010010000102000020101020100020302011020301101021111121212002010201030121013031213010222231302311311123203322302233310323
1000000100001001000010200002010102010002030201102030110102111112121200201020103012101303121301022223130231131112320332230223331033032030
100000010000100100001020000201010201000203020110203011010211111212120020102010301210130312130102222313023113111232033223022333103303203113
100000010000100100001020000201010201000203020110203011010211111212120020102010301210130312130102222313023113111232033223022333103303203122
100000010000100100001020000201010201000203020110203011010211111212120020102010301210130312130102222313023113111232033223022333103303203123
100000010000100100001020000201010201000203020110203011010211111212120020102010301210130312130102222313023113111232033223022333103303203132030
1000000100001001000010200002010102010002030201102030110102111112121200201020103012101303121301022223130231131112320332230223331033032031320313302122101
10000001000010010000102000020101020100020302011020301101021111121212002010201030121013031213010222231302311311123203322302233310330320313203133021221021112202
1000000100001001000010200002010102010002030201102030110102111112121200201020103012101303121301022223130231131112320332230223331033032031320313302122102111220330312
10000001000010010000102000020101020100020302011020301101021111121212002010201030121013031213010222231302311311123203322302233310330320313203133021221021112203303131
100000010000100100001020000201010201000203020110203011010211111212120020102010301210130312130102222313023113111232033223022333103303203132031330212210211122033031322110
100000010000100100001020000201010201000203020110203011010211111212120020102010301210130312130102222313023113111232033223022333103303203132031330212210211122033031322111
100000010000100100001020000201010201000203020110203011010211111212120020102010301210130312130102222313023113111232033223022333103303203132031330212210211122033031322112
100000010000100100001020000201010201000203020110203011010211111212120020102010301210130312130102222313023113111232033223022333103303203132031330212210211122033031322113
100000010000100100001020000201010201000203020110203011010211111212120020102010301210130312130102222313023113111232033223022333103303203132031330212210211122033031322120
100000010000100100001020000201010201000203020110203011010211111212120020102010301210130312130102222313023113111232033223022333103303203132031330212210211122033031322121211
100000010000100100001020000201010201000203020110203011010211111212120020102010301210130312130102222313023113111232033223022333103303203132031330212210211122033031322121212
100000010000100100001020000201010201000203020110203011010211111212120020102010301210130312130102222313023113111232033223022333103303203132031330212210211122033031322121213
1000000100001001000010200002010102010002030201102030110102111112121200201020103012101303121301022223130231131112320332230223331033032031320313302122102111220330313221212213
10000001000010010000102000020101020100020302011020301101021111121212002010201030121013031213010222231302311311123203322302233310330320313203133021221021112203303132212122221
10000001000010010000102000020101020100020302011020301101021111121212002010201030121013031213010222231302311311123203322302233310330320313203133021221021112203303132212122222
10000001000010010000102000020101020100020302011020301101021111121212002010201030121013031213010222231302311311123203322302233310330320313203133021221021112203303132212122223
1000000100001001000010200002010102010002030201102030110102111112121200201020103012101303121301022223130231131112320332230223331033032031320313302122102111220330313221212223130
100000010000100100001020000201010201000203020110203011010211111212120020102010301210130312130102222313023113111232033223022333103303203132031330212210211122033031322121222313132
100000010000100100001020000201010201000203020110203011010211111212120020102010301210130312130102222313023113111232033223022333103303203132031330212210211122033031322121222313133
1000000100001001000010200002010102010002030201102030110102111112121200201020103012101303121301022223130231131112320332230223331033032031320313302122102111220330313221212223132
10000001000010010000102000020101020100020302011020301101021111121212002010201030121013031213010222231302311311123203322302233310330320313203133021221021112203303132212122231333231
1000000100001001000010200002010102010002030201102030110102111112121200201020103012101303121301022223130231131112320332230223331033032031320313302122102111220330313221212223133323230
1000000100001001000010200002010102010002030201102030110102111112121200201020103012101303121301022223130231131112320332230223331033032031320313302122102111220330313221212223133323231
1000000100001001000010200002010102010002030201102030110102111112121200201020103012101303121301022223130231131112320332230223331033032031320313302122102111220330313221212223133323232
1000000100001001000010200002010102010002030201102030110102111112121200201020103012101303121301022223130231131112320332230223331033032031320313302122102111220330313221212223133323233
100000010000100100001020000201010201000203020110203011010211111212120020102010301210130312130102222313023113111232033223022333103303203132031330212210211122033031322121222313332333
10000001000010010000102000020101020100020302011020301101021111121212002010201030121013031213010222231302311311123203322302233310330320313203133021221021112203303132212122232
10000001000010010000102000020101020100020302011020301101021111121212002010201030121013031213010222231302311311123203322302233310330320313203133021221021112203303132212122233
100000010000100100001020000201010201000203020110203011010211111212120020102010301210130312130102222313023113111232033223022333103303203132031330212210211122033031322121223
100000010000100100001020000201010201000203020110203011010211111212120020102010301210130312130102222313023113111232033223022333103303203132031330212210211122033031322122
100000010000100100001020000201010201000203020110203011010211111212120020102010301210130312130102222313023113111232033223022333103303203132031330212210211122033031322123
100000010000100100001020000201010201000203020110203011010211111212120020102010301210130312130102222313023113111232033223022333103303203132031330212210211123
1000000100001001000010200002010102010002030201102030110102111112121200201020103012101303121301022223130231131112320332230223331033032031320313302123
1000000100001001000010200002010102010002030201102030110102111112121200201020103012101303121301022223130231131112320332230223331033032031320313302133
1000000100001001000010200002010102010002030201102030110102111112121200201020103012101303121301022223130231131112320332230223331033032031320313303
10000001000010010000102000020101020100020302011020301101021111121212002010201030121013031213010222231302311311123203322302233310330320313203133111
10000001000010010000102000020101020100020302011020301101021111121212002010201030121013031213010222231302311311123203322302233310330320313203133112
10000001000010010000102000020101020100020302011020301101021111121212002010201030121013031213010222231302311311123203322302233310330320313203133113
10000001000010010000102000020101020100020302011020301101021111121212002010201030121013031213010222231302311311123203322302233310330320313203133121
10000001000010010000102000020101020100020302011020301101021111121212002010201030121013031213010222231302311311123203322302233310330320313203133122
10000001000010010000102000020101020100020302011020301101021111121212002010201030121013031213010222231302311311123203322302233310330320313203133123
100000010000100100001020000201010201000203020110203011010211111212120020102010301210130312130102222313023113111232033223022333103303203132031331321
10000001000010010000102000020101020100020302011020301101021111121212002010201030121013031213010222231302311311123203322302233310330320313203133132232
10000001000010010000102000020101020100020302011020301101021111121212002010201030121013031213010222231302311311123203322302233310330320313203133132233
10000001000010010000102000020101020100020302011020301101021111121212002010201030121013031213010222231302311311123203322302233310330320313203133133
10000001000010010000102000020101020100020302011020301101021111121212002010201030121013031213010222231302311311123203322303
1000000100001001000010200002010102010002030201102030110102111112121200201020103012101303121301022223130231131112320332231
1000000100001001000010200002010102010002030201102030110102111112121200201020103012101303121301022223130231131112320332232
1000000100001001000010200002010102010002030201102030110102111112121200201020103012101303121301022223130231131112320332233
100000010000100100001020000201010201000203020110203011010211111212120020102010301210130312130102223
100000010000100100001020000201010201000203020110203011010211111212120020102010301211
100000010000100100001020000201010201000203020110203011010211111212120020102010301212
100000010000100100001020000201010201000203020110203011010211111212120020102010301213
10000001000010010000102000020101020100020302011020301101021111121212002010202
10000001000010010000102000020101020100020302011020301101021111121212002010203
1000000100001001000010200002010102010002030201102030110102111112121201
1000000100001001000010200002010102010002030201102030110102111112121202
1000000100001001000010200002010102010002030201102030110102111112121203
1000000100001001000010200002010102010002030201102030110102111113
1000000100001001000010200003
100000010000101
100000010000102
100000010000103
30000010000000101010000201010200020110210201000203020301101021111120
30000010000000101010000201010200020110210201000203020301101021111121212002010201030121013030
3000001000000010101000020101020002011021020100020302030110102111112121200201020103012101303120
300000100000001010100002010102000201102102010002030203011010211111212120020102010301210130312130102220
300000100000001010100002010102000201102102010002030203011010211111212120020102010301210130312130102221
3000001000000010101000020101020002011021020100020302030110102111112121200201020103012101303121301022223131122
300000100000001010100002010102000201102102010002030203011010211111212120020102010301210130312130102222313112320330
300000100000001010100002010102000201102102010002030203011010211111212120020102010301210130312130102222313112320331
30000010000000101010000201010200020110210201000203020301101021111121212002010201030121013031213010222231311232033223020
30000010000000101010000201010200020110210201000203020301101021111121212002010201030121013031213010222231311232033223021
3000001000000010101000020101020002011021020100020302030110102111112121200201020103012101303121301022223131123203322302232
3000001000000010101000020101020002011021020100020302030110102111112121200201020103012101303121301022223131123203322302233030
3000001000000010101000020101020002011021020100020302030110102111112121200201020103012101303121301022223131123203322302233031
3000001000000010101000020101020002011021020100020302030110102111112121200201020103012101303121301022223131123203322302233032
3000001000000010101000020101020002011021020100020302030110102111112121200201020103012101303121301022223131123203322302233033
30000010000000101010000201010200020110210201000203020301101021111121212002010201030121013031213010222231311232033223022331311122
30000010000000101010000201010200020110210201000203020301101021111121212002010201030121013031213010222231311232033223022331311123
3000001000000010101000020101020002011021020100020302030110102111112121200201020103012101303121301022223131123203322302233131113103232
30000010000000101010000201010200020110210201000203020301101021111121212002010201030121013031213010222231311232033223022331311131032332030330212210113
30000010000000101010000201010200020110210201000203020301101021111121212002010201030121013031213010222231311232033223022331311131032332030330212210122
30000010000000101010000201010200020110210201000203020301101021111121212002010201030121013031213010222231311232033223022331311131032332030330212210123
30000010000000101010000201010200020110210201000203020301101021111121212002010201030121013031213010222231311232033223022331311131032332030330212210131
30000010000000101010000201010200020110210201000203020301101021111121212002010201030121013031213010222231311232033223022331311131032332030330212210132030
30000010000000101010000201010200020110210201000203020301101021111121212002010201030121013031213010222231311232033223022331311131032332030330212210132031
3000001000000010101000020101020002011021020100020302030110102111112121200201020103012101303121301022223131123203322302233131113103233203033021221013203232
3000001000000010101000020101020002011021020100020302030110102111112121200201020103012101303121301022223131123203322302233131113103233203033021221013203233
300000100000001010100002010102000201102102010002030203011010211111212120020102010301210130312130102222313112320332230223313111310323320303302122101320333
300000100000001010100002010102000201102102010002030203011010211111212120020102010301210130312130102222313112320332230223313111310323320303302122101321112202
3000001000000010101000020101020002011021020100020302030110102111112121200201020103012101303121301022223131123203322302233131113103233203033021221013211122033022110
3000001000000010101000020101020002011021020100020302030110102111112121200201020103012101303121301022223131123203322302233131113103233203033021221013211122033022111
3000001000000010101000020101020002011021020100020302030110102111112121200201020103012101303121301022223131123203322302233131113103233203033021221013211122033022112
3000001000000010101000020101020002011021020100020302030110102111112121200201020103012101303121301022223131123203322302233131113103233203033021221013211122033022113
3000001000000010101000020101020002011021020100020302030110102111112121200201020103012101303121301022223131123203322302233131113103233203033021221013211122033022120
3000001000000010101000020101020002011021020100020302030110102111112121200201020103012101303121301022223131123203322302233131113103233203033021221013211122033022121211
3000001000000010101000020101020002011021020100020302030110102111112121200201020103012101303121301022223131123203322302233131113103233203033021221013211122033022121212
3000001000000010101000020101020002011021020100020302030110102111112121200201020103012101303121301022223131123203322302233131113103233203033021221013211122033022121213
30000010000000101010000201010200020110210201000203020301101021111121212002010201030121013031213010222231311232033223022331311131032332030330212210132111220330221212213
300000100000001010100002010102000201102102010002030203011010211111212120020102010301210130312130102222313112320332230223313111310323320303302122101321112203302212122221
300000100000001010100002010102000201102102010002030203011010211111212120020102010301210130312130102222313112320332230223313111310323320303302122101321112203302212122222
300000100000001010100002010102000201102102010002030203011010211111212120020102010301210130312130102222313112320332230223313111310323320303302122101321112203302212122223
30000010000000101010000201010200020110210201000203020301101021111121212002010201030121013031213010222231311232033223022331311131032332030330212210132111220330221212223130
300000100000001010100002010102000201102102010002030203011010211111212120020102010301210130312130102222313112320332230223313111310323320303302122101321112203302212122231313
30000010000000101010000201010200020110210201000203020301101021111121212002010201030121013031213010222231311232033223022331311131032332030330212210132111220330221212223132
300000100000001010100002010102000201102102010002030203011010211111212120020102010301210130312130102222313112320332230223313111310323320303302122101321112203302212122231330
300000100000001010100002010102000201102102010002030203011010211111212120020102010301210130312130102222313112320332230223313111310323320303302122101321112203302212122231331
30000010000000101010000201010200020110210201000203020301101021111121212002010201030121013031213010222231311232033223022331311131032332030330212210132111220330221212223133230312
300000100000001010100002010102000201102102010002030203011010211111212120020102010301210130312130102222313112320332230223313111310323320303302122101321112203302212122231332303133231
300000100000001010100002010102000201102102010002030203011010211111212120020102010301210130312130102222313112320332230223313111310323320303302122101321112203302212122231332303133232
3000001000000010101000020101020002011021020100020302030110102111112121200201020103012101303121301022223131123203322302233131113103233203033021221013211122033022121222313323031332333
30000010000000101010000201010200020110210201000203020301101021111121212002010201030121013031213010222231311232033223022331311131032332030330212210132111220330221212223133231
30000010000000101010000201010200020110210201000203020301101021111121212002010201030121013031213010222231311232033223022331311131032332030330212210132111220330221212223133232
30000010000000101010000201010200020110210201000203020301101021111121212002010201030121013031213010222231311232033223022331311131032332030330212210132111220330221212223133233
300000100000001010100002010102000201102102010002030203011010211111212120020102010301210130312130102222313112320332230223313111310323320303302122101321112203302212122232
300000100000001010100002010102000201102102010002030203011010211111212120020102010301210130312130102222313112320332230223313111310323320303302122101321112203302212122233
3000001000000010101000020101020002011021020100020302030110102111112121200201020103012101303121301022223131123203322302233131113103233203033021221013211122033022121223
3000001000000010101000020101020002011021020100020302030110102111112121200201020103012101303121301022223131123203322302233131113103233203033021221013211122033022122
3000001000000010101000020101020002011021020100020302030110102111112121200201020103012101303121301022223131123203322302233131113103233203033021221013211122033022123
3000001000000010101000020101020002011021020100020302030110102111112121200201020103012101303121301022223131123203322302233131113103233203033021221013211123
30000010000000101010000201010200020110210201000203020301101021111121212002010201030121013031213010222231311232033223022331311131032332030330213
300000100000001010100002010102000201102102010002030203011010211111212120020102010301210130312130102222313112320332230223313111310323320303303
3000001000000010101000020101020002011021020100020302030110102111112121200201020103012101303121301022223131123203322302233131113103233203033111
3000001000000010101000020101020002011021020100020302030110102111112121200201020103012101303121301022223131123203322302233131113103233203033112
3000001000000010101000020101020002011021020100020302030110102111112121200201020103012101303121301022223131123203322302233131113103233203033113
3000001000000010101000020101020002011021020100020302030110102111112121200201020103012101303121301022223131123203322302233131113103233203033121
3000001000000010101000020101020002011021020100020302030110102111112121200201020103012101303121301022223131123203322302233131113103233203033122
3000001000000010101000020101020002011021020100020302030110102111112121200201020103012101303121301022223131123203322302233131113103233203033123
30000010000000101010000201010200020110210201000203020301101021111121212002010201030121013031213010222231311232033223022331311131032332030331321
300000100000001010100002010102000201102102010002030203011010211111212120020102010301210130312130102222313112320332230223313111310323320303313223
3000001000000010101000020101020002011021020100020302030110102111112121200201020103012101303121301022223131123203322302233131113103233203033133
30000010000000101010000201010200020110210201000203020301101021111121212002010201030121013031213010222231311232033223022331311131033
3000001000000010101000020101020002011021020100020302030110102111112121200201020103012101303121301022223131123203322303
300000100000001010100002010102000201102102010002030203011010211111212120020102010301210130312130102222313112320332231
300000100000001010100002010102000201102102010002030203011010211111212120020102010301210130312130102222313112320332232
300000100000001010100002010102000201102102010002030203011010211111212120020102010301210130312130102222313112320332233
300000100000001010100002010102000201102102010002030203011010211111212120020102010301210130312130102223
300000100000001010100002010102000201102102010002030203011010211111212120020102010301211
300000100000001010100002010102000201102102010002030203011010211111212120020102010301212
300000100000001010100002010102000201102102010002030203011010211111212120020102010301213
30000010000000101010000201010200020110210201000203020301101021111121212002010202
30000010000000101010000201010200020110210201000203020301101021111121212002010203
3000001000000010101000020101020002011021020100020302030110102111112121201
3000001000000010101000020101020002011021020100020302030110102111112121202
3000001000000010101000020101020002011021020100020302030110102111112121203
3000001000000010101000020101020002011021020100020302030110102111113
300000100000001010100003
300000101
300000102
300000103
