1000000
11000
120
13000
10100
1020
10300
10010
10020
100300
10001
100020
100030
1000010
1000020
1000030
1000001
1000002
1000003
1110
1120
1130
11010
11020
11030
11001
11002
11003
121
122
123
1310
1320
1330
13010
13020
13030
13001
13002
13003
10110
10120
10130
10101
10102
10103
1021
1022
1023
10310
10320
10330
10301
10302
10303
10011
10012
10013
10021
10022
10023
100310
100320
100330
100301
100302
100303
100021
100022
100023
100031
100032
100033
1000011
1000012
1000013
1000021
1000022
1000023
1000031
1000032
1000033
1111
1112
1113
1121
1122
1123
1131
1132
1133
11011
11012
11013
11021
11022
11023
11031
11032
11033
1311
1312
1313
1321
1322
1323
1331
1332
1333
13011
13012
13013
13021
13022
13023
13031
13032
13033
10111
10112
10113
10121
10122
10123
10131
10132
10133
10311
10312
10313
10321
10322
10323
10331
10332
10333
100311
100312
100313
100321
100322
100323
100331
100332
100333
30000000
3100
320
33000
3010
3020
30300
30010
30020
300300
300010
300020
3000300
3000010
3000020
300003
30000010
30000020
30000030
30000001
30000002
30000003
3110
3120
3130
3101
3102
3103
321
322
323
3310
3320
3330
33010
33020
33030
33001
33002
33003
3011
3012
3013
3021
3022
3023
30310
30320
30330
30301
30302
30303
30011
30012
30013
30021
30022
30023
300310
300320
300330
300301
300302
300303
300011
300012
300013
300021
300022
300023
3000310
3000320
3000330
3000301
3000302
3000303
3000011
3000012
3000013
3000021
3000022
3000023
30000011
30000012
30000013
30000021
30000022
30000023
30000031
30000032
30000033
3111
3112
3113
3121
3122
3123
3131
3132
3133
3311
3312
3313
3321
3322
3323
3331
3332
3333
33011
33012
33013
33021
33022
33023
33031
33032
33033
30311
30312
30313
30321
30322
30323
30331
30332
30333
300311
300312
300313
300321
300322
300323
300331
300332
300333
3000311
3000312
3000313
3000321
3000322
3000323
3000331
3000332
3000333
000
0100000
0200
0300
0010
0020
00300
0110
0120
01300
01010
01020
01030
010010
010020
0100300
0100010
0100020
01000300
0100001
0100002
0100003
0210
0220
0230
0201
0202
0203
0310
0320
0330
0301
0302
0303
0011
0012
0013
0021
0022
0023
00310
00320
00330
00301
00302
00303
0111
0112
0113
0121
0122
0123
01310
01320
01330
01301
01302
01303
01011
01012
01013
01021
01022
01023
01031
01032
01033
010011
010012
010013
010021
010022
010023
0100310
0100320
0100330
0100301
0100302
0100303
0100011
0100012
0100013
0100021
0100022
0100023
01000310
01000320
01000330
01000301
01000302
01000303
0211
0212
0213
0221
0222
0223
0231
0232
0233
0311
0312
0313
0321
0322
0323
0331
0332
0333
00311
00312
00313
00321
00322
00323
00331
00332
00333
01311
01312
01313
01321
01322
01323
01331
01332
01333
0100311
0100312
0100313
0100321
0100322
0100323
0100331
0100332
0100333
01000311
01000312
01000313
01000321
01000322
01000323
01000331
01000332
01000333
2000000
21000
220
23000
20100
2020
20300
20010
20020
200300
200010
20002
200030
2000010
2000020
2000030
2000001
2000002
2000003
2110
2120
2130
21010
21020
21030
21001
21002
21003
221
222
223
2310
2320
2330
23010
23020
23030
23001
23002
23003
20110
20120
20130
20101
20102
20103
2021
2022
2023
20310
20320
20330
20301
20302
20303
20011
20012
20013
20021
20022
20023
200310
200320
200330
200301
200302
200303
200011
200012
200013
200031
200032
200033
2000011
2000012
2000013
2000021
2000022
2000023
2000031
2000032
2000033
2111
2112
2113
2121
2122
2123
2131
2132
2133
21011
21012
21013
21021
21022
21023
21031
21032
21033
2311
2312
2313
2321
2322
2323
2331
2332
2333
23011
23012
23013
23021
23022
23023
23031
23032
23033
20111
20112
20113
20121
20122
20123
20131
20132
20133
20311
20312
20313
20321
20322
20323
20331
20332
20333
200311
200312
200313
200321
200322
200323
200331
200332
200333
