2000001001010020011010021011030
2000001001010020011010021011031202013030211111
2000001001010020011010021011031202013030211112202110
20000010010100200110100210110312020130302111122021112002301202121303120313221
2000001001010020011010021011031202013030211112202111200230120212130312031322230
2000001001010020011010021011031202013030211112202111200230120212130312031322231
200000100101002001101002101103120201303021111220211120023012021213031203132223231
200000100101002001101002101103120201303021111220211120023012021213031203132223232
2000001001010020011010021011031202013030211112202111200230120212130312031322232333
200000100101002001101002101103120201303021111220211120023012021213031203133
2000001001010020011010021011031202013030211112202111200230120212130313
20000010010100200110100210110312020130302111122021112002301202121303212
20000010010100200110100210110312020130302111122021112002301202121303213
2000001001010020011010021011031202013030211112202111200230120212130322210
2000001001010020011010021011031202013030211112202111200230120212130322211
2000001001010020011010021011031202013030211112202111200230120212130322212
2000001001010020011010021011031202013030211112202111200230120212130322213
2000001001010020011010021011031202013030211112202111200230120212130322220
2000001001010020011010021011031202013030211112202111200230120212130322221
2000001001010020011010021011031202013030211112202111200230120212130322222
2000001001010020011010021011031202013030211112202111200230120212130322223
20000010010100200110100210110312020130302111122021112002301202121303222300
20000010010100200110100210110312020130302111122021112002301202121303222301
20000010010100200110100210110312020130302111122021112002301202121303222302
20000010010100200110100210110312020130302111122021112002301202121303222303
20000010010100200110100210110312020130302111122021112002301202121303222310
200000100101002001101002101103120201303021111220211120023012021213032223112030
200000100101002001101002101103120201303021111220211120023012021213032223112031
200000100101002001101002101103120201303021111220211120023012021213032223112032
200000100101002001101002101103120201303021111220211120023012021213032223112033
20000010010100200110100210110312020130302111122021112002301202121303222311213
2000001001010020011010021011031202013030211112202111200230120212130322231122
20000010010100200110100210110312020130302111122021112002301202121303222311231
20000010010100200110100210110312020130302111122021112002301202121303222311232332
20000010010100200110100210110312020130302111122021112002301202121303222311232333
2000001001010020011010021011031202013030211112202111200230120212130322231130
2000001001010020011010021011031202013030211112202111200230120212130322231131
2000001001010020011010021011031202013030211112202111200230120212130322231132
2000001001010020011010021011031202013030211112202111200230120212130322231133
2000001001010020011010021011031202013030211112202111200230120212130322232
2000001001010020011010021011031202013030211112202111200230120212130322233
2000001001010020011010021011031202013030211112202111200230120212130323
2000001001010020011010021011031202013030211112202111200230120212130330
2000001001010020011010021011031202013030211112202111200230120212130331
2000001001010020011010021011031202013030211112202111200230120212130332
2000001001010020011010021011031202013030211112202111200230120212130333
200000100101002001101002101103120201303021111220211120023012022
200000100101002001101002101103120201303021111220211120023012023
200000100101002001101002101103120201303021111220211120023013
2000001001010020011010021011031202013030211112202111200230223
20000010010100200110100210110312020130302111122021112002303
20000010010100200110100210110312020130302111122021112003
20000010010100200110100210110312020130302111122021112012
20000010010100200110100210110312020130302111122021112013
2000001001010020011010021011031202013030211112202111202
2000001001010020011010021011031202013030211112202111203
200000100101002001101003
000001001010020011010021011030
000001001010020011010021011031202013030211111
00000100101002001101002101103120201303021111220203230110
000001001010020011010021011031202013030211112202032301112002
00000100101002001101002101103120201303021111220203230111200313213021220331
000001001010020011010021011031202013030211112202032301112003132130212203321
00000100101002001101002101103120201303021111220203230111200313213021220332230
00000100101002001101002101103120201303021111220203230111200313213021220332231
00000100101002001101002101103120201303021111220203230111200313213021220332232333
000001001010020011010021011031202013030211112202032301112003132130213
0000010010100200110100210110312020130302111122020323011120031321302210
0000010010100200110100210110312020130302111122020323011120031321302211
0000010010100200110100210110312020130302111122020323011120031321302212
0000010010100200110100210110312020130302111122020323011120031321302213
0000010010100200110100210110312020130302111122020323011120031321302220
0000010010100200110100210110312020130302111122020323011120031321302221
0000010010100200110100210110312020130302111122020323011120031321302222
0000010010100200110100210110312020130302111122020323011120031321302223
00000100101002001101002101103120201303021111220203230111200313213022300
00000100101002001101002101103120201303021111220203230111200313213022301
00000100101002001101002101103120201303021111220203230111200313213022302
00000100101002001101002101103120201303021111220203230111200313213022303
00000100101002001101002101103120201303021111220203230111200313213022310
000001001010020011010021011031202013030211112202032301112003132130223112030
000001001010020011010021011031202013030211112202032301112003132130223112031
000001001010020011010021011031202013030211112202032301112003132130223112032
000001001010020011010021011031202013030211112202032301112003132130223112033
0000010010100200110100210110312020130302111122020323011120031321302231121
0000010010100200110100210110312020130302111122020323011120031321302231122
000001001010020011010021011031202013030211112202032301112003132130223112312
000001001010020011010021011031202013030211112202032301112003132130223112313
000001001010020011010021011031202013030211112202032301112003132130223112322
00000100101002001101002101103120201303021111220203230111200313213022311232333
0000010010100200110100210110312020130302111122020323011120031321302231130
0000010010100200110100210110312020130302111122020323011120031321302231131
0000010010100200110100210110312020130302111122020323011120031321302231132
0000010010100200110100210110312020130302111122020323011120031321302231133
0000010010100200110100210110312020130302111122020323011120031321302232
0000010010100200110100210110312020130302111122020323011120031321302233
00000100101002001101002101103120201303021111220203230111200313213023
000001001010020011010021011031202013030211112202032301112003132130312
000001001010020011010021011031202013030211112202032301112003132130313
000001001010020011010021011031202013030211112202032301112003132130320
000001001010020011010021011031202013030211112202032301112003132130321
000001001010020011010021011031202013030211112202032301112003132130322
000001001010020011010021011031202013030211112202032301112003132130323
000001001010020011010021011031202013030211112202032301112003132130330
000001001010020011010021011031202013030211112202032301112003132130331
000001001010020011010021011031202013030211112202032301112003132130332
000001001010020011010021011031202013030211112202032301112003132130333
000001001010020011010021011031202013030211112202032301112012
000001001010020011010021011031202013030211112202032301112013
00000100101002001101002101103120201303021111220203230111202
00000100101002001101002101103120201303021111220203230111203
0000010010100200110100210110312020130302111122020323012
0000010010100200110100210110312020130302111122020323013
0000010010100200110100210110312020130302111122020323021
00000100101002001101002101103120201303021111220203230223
000001001010020011010021011031202013030211112202032303
300000101002000102011030
3000001010020001020110312030130
300000101002000102011031203013101001110211200220202111
30000010100200010201103120301310100111021120022020211230110
30000010100200010201103120301310100111021120022020211230111302121
300000101002000102011031203013101001110211200220202112301113021220313230
300000101002000102011031203013101001110211200220202112301113021220313231
3000001010020001020110312030131010011102112002202021123011130212203132321
3000001010020001020110312030131010011102112002202021123011130212203132322
30000010100200010201103120301310100111021120022020211230111302122031323232
300000101002000102011031203013101001110211200220202112301113021220313232333
3000001010020001020110312030131010011102112002202021123011130212203133
3000001010020001020110312030131010011102112002202021123011130213
30000010100200010201103120301310100111021120022020211230111302210
30000010100200010201103120301310100111021120022020211230111302211
30000010100200010201103120301310100111021120022020211230111302212
30000010100200010201103120301310100111021120022020211230111302213
30000010100200010201103120301310100111021120022020211230111302220
30000010100200010201103120301310100111021120022020211230111302221
30000010100200010201103120301310100111021120022020211230111302222
30000010100200010201103120301310100111021120022020211230111302223
300000101002000102011031203013101001110211200220202112301113022300
300000101002000102011031203013101001110211200220202112301113022301
300000101002000102011031203013101001110211200220202112301113022302
300000101002000102011031203013101001110211200220202112301113022303
300000101002000102011031203013101001110211200220202112301113022310
3000001010020001020110312030131010011102112002202021123011130223112031
3000001010020001020110312030131010011102112002202021123011130223112032
3000001010020001020110312030131010011102112002202021123011130223112033
30000010100200010201103120301310100111021120022020211230111302231121
30000010100200010201103120301310100111021120022020211230111302231122
3000001010020001020110312030131010011102112002202021123011130223112312
3000001010020001020110312030131010011102112002202021123011130223112313
3000001010020001020110312030131010011102112002202021123011130223112322
300000101002000102011031203013101001110211200220202112301113022311232332
300000101002000102011031203013101001110211200220202112301113022311232333
30000010100200010201103120301310100111021120022020211230111302231130
30000010100200010201103120301310100111021120022020211230111302231131
30000010100200010201103120301310100111021120022020211230111302231132
30000010100200010201103120301310100111021120022020211230111302231133
30000010100200010201103120301310100111021120022020211230111302232
30000010100200010201103120301310100111021120022020211230111302233
300000101002000102011031203013101001110211200220202112301113023
3000001010020001020110312030131010011102112002202021123011130312
3000001010020001020110312030131010011102112002202021123011130313
3000001010020001020110312030131010011102112002202021123011130320
3000001010020001020110312030131010011102112002202021123011130321
3000001010020001020110312030131010011102112002202021123011130322
3000001010020001020110312030131010011102112002202021123011130323
3000001010020001020110312030131010011102112002202021123011130330
3000001010020001020110312030131010011102112002202021123011130331
3000001010020001020110312030131010011102112002202021123011130332
3000001010020001020110312030131010011102112002202021123011130333
3000001010020001020110312030131010011102112002202021123012
3000001010020001020110312030131010011102112002202021123013
3000001010020001020110312030131010011102112002202021123021
30000010100200010201103120301310100111021120022020211230223
300000101002000102011031203013101001110211200220202112303
300000101002000102011031203013101001110211200220203
3000001010020001020110312030131010011102112003
3000001010020001020110312030131010011102112012
3000001010020001020110312030131010011102112013
300000101002000102011031203013101001110211202
300000101002000102011031203013101001110211203
1000000100101002001101102011030
10000001001010020011011020110312030130
1000000100101002001101102011031203013110211200220202111
100000010010100200110110201103120301311021120022020211230120212130311
1000000100101002001101102011031203013110211200220202112301202121303120313221
100000010010100200110110201103120301311021120022020211230120212130312031322230
100000010010100200110110201103120301311021120022020211230120212130312031322231
10000001001010020011011020110312030131102112002202021123012021213031203132223232
100000010010100200110110201103120301311021120022020211230120212130312031322232333
10000001001010020011011020110312030131102112002202021123012021213031203133
100000010010100200110110201103120301311021120022020211230120212130313
1000000100101002001101102011031203013110211200220202112301202121303212
1000000100101002001101102011031203013110211200220202112301202121303213
100000010010100200110110201103120301311021120022020211230120212130322210
100000010010100200110110201103120301311021120022020211230120212130322211
100000010010100200110110201103120301311021120022020211230120212130322212
100000010010100200110110201103120301311021120022020211230120212130322213
100000010010100200110110201103120301311021120022020211230120212130322220
100000010010100200110110201103120301311021120022020211230120212130322221
100000010010100200110110201103120301311021120022020211230120212130322222
100000010010100200110110201103120301311021120022020211230120212130322223
1000000100101002001101102011031203013110211200220202112301202121303222300
1000000100101002001101102011031203013110211200220202112301202121303222301
1000000100101002001101102011031203013110211200220202112301202121303222302
1000000100101002001101102011031203013110211200220202112301202121303222303
1000000100101002001101102011031203013110211200220202112301202121303222310
10000001001010020011011020110312030131102112002202021123012021213032223112030
10000001001010020011011020110312030131102112002202021123012021213032223112031
10000001001010020011011020110312030131102112002202021123012021213032223112032
10000001001010020011011020110312030131102112002202021123012021213032223112033
1000000100101002001101102011031203013110211200220202112301202121303222311213
100000010010100200110110201103120301311021120022020211230120212130322231122
1000000100101002001101102011031203013110211200220202112301202121303222311231
1000000100101002001101102011031203013110211200220202112301202121303222311232332
1000000100101002001101102011031203013110211200220202112301202121303222311232333
100000010010100200110110201103120301311021120022020211230120212130322231130
100000010010100200110110201103120301311021120022020211230120212130322231131
100000010010100200110110201103120301311021120022020211230120212130322231132
100000010010100200110110201103120301311021120022020211230120212130322231133
100000010010100200110110201103120301311021120022020211230120212130322232
100000010010100200110110201103120301311021120022020211230120212130322233
100000010010100200110110201103120301311021120022020211230120212130323
100000010010100200110110201103120301311021120022020211230120212130330
100000010010100200110110201103120301311021120022020211230120212130331
100000010010100200110110201103120301311021120022020211230120212130332
100000010010100200110110201103120301311021120022020211230120212130333
10000001001010020011011020110312030131102112002202021123012022
10000001001010020011011020110312030131102112002202021123012023
10000001001010020011011020110312030131102112002202021123013
10000001001010020011011020110312030131102112002202021123021
100000010010100200110110201103120301311021120022020211230223
1000000100101002001101102011031203013110211200220202112303
1000000100101002001101102011031203013110211200220203
10000001001010020011011020110312030131102112003
10000001001010020011011020110312030131102112012
10000001001010020011011020110312030131102112013
1000000100101002001101102011031203013110211202
1000000100101002001101102011031203013110211203
