0000
010
02000000
0300
0010
00200
0030
00010
00020
00030
011
012
013
0210
02200
0230
02010
02020
020300
02001000
020020
020030
0200010
0200020
0200030
02000010
02000020
02000030
02000001
02000002
02000003
03100
0320
0330
0301
0302
0303
0011
0012
0013
00210
002200
00230
00201
00202
00203
0031
0032
0033
00011
00012
00013
00021
00022
00023
00031
00032
00033
0211
0212
0213
02210
02220
02230
02201
02202
02203
0231
0232
0233
02011
02012
02013
02021
02022
02023
020310
020320
020330
020301
020302
020303
0200110
0200120
0200130
02001010
02001020
02001030
02001001
02001002
02001003
020021
020022
020023
020031
020032
020033
0200011
0200012
0200013
0200021
0200022
0200023
0200031
0200032
0200033
02000011
02000012
02000013
02000021
02000022
02000023
02000031
02000032
02000033
03110
03120
03130
03101
03102
03103
0321
0322
0323
0331
0332
0333
00211
00212
00213
002210
002220
002230
002201
002202
002203
00231
00232
00233
02211
02212
02213
02221
02222
02223
02231
02232
02233
020311
020312
020313
020321
020322
020323
020331
020332
020333
0200111
0200112
0200113
0200121
0200122
0200123
0200131
0200132
0200133
02001011
02001012
02001013
02001021
02001022
02001023
02001031
02001032
02001033
03111
03112
03113
03121
03122
03123
03131
03132
03133
002211
002212
002213
002221
002222
002223
002231
002232
002233
20000
210
22000000
2300
2010
20200
2030
20010
2002
20030
20001
20002
20003
211
212
213
2210
22200
2230
22010
22020
220300
22001000
220020
220030
2200010
2200020
2200030
22000010
22000020
22000030
22000001
22000002
22000003
23100
2320
2330
2301
2302
2303
2011
2012
2013
20210
202200
20230
20201
20202
20203
2031
2032
2033
20011
20012
20013
20031
20032
20033
2211
2212
2213
22210
22220
22230
22201
22202
22203
2231
2232
2233
22011
22012
22013
22021
22022
22023
220310
220320
220330
220301
220302
220303
2200110
2200120
2200130
22001010
22001020
22001030
22001001
22001002
22001003
220021
220022
220023
220031
220032
220033
2200011
2200012
2200013
2200021
2200022
2200023
2200031
2200032
2200033
22000011
22000012
22000013
22000021
22000022
22000023
22000031
22000032
22000033
23110
23120
23130
23101
23102
23103
2321
2322
2323
2331
2332
2333
20211
20212
20213
202210
202220
202230
202201
202202
202203
20231
20232
20233
22211
22212
22213
22221
22222
22223
22231
22232
22233
220311
220312
220313
220321
220322
220323
220331
220332
220333
2200111
2200112
2200113
2200121
2200122
2200123
2200131
2200132
2200133
22001011
22001012
22001013
22001021
22001022
22001023
22001031
22001032
22001033
23111
23112
23113
23121
23122
23123
23131
23132
23133
202211
202212
202213
202221
202222
202223
202231
202232
202233
1000
110000000
1200
130
101000
10200
1030
1001
1002
1003
1110
1120
1130
11010
11020
11030
1100100
1100200
110030
110001
1100020
1100030
11000010
110000200
11000030
110000010
110000020
110000030
110000001
110000002
110000003
12100
1220
1230
1201
1202
1203
131
132
133
10110
10120
10130
101010
101020
101030
101001
101002
101003
10210
10220
10230
10201
10202
10203
1031
1032
1033
1111
1112
1113
1121
1122
1123
1131
1132
1133
11011
11012
11013
11021
11022
11023
11031
11032
11033
1100110
1100120
1100130
1100101
1100102
1100103
1100210
1100220
1100230
1100201
1100202
1100203
110031
110032
110033
1100021
1100022
1100023
1100031
1100032
1100033
11000011
11000012
11000013
110000210
110000220
110000230
110000201
110000202
110000203
11000031
11000032
11000033
110000011
110000012
110000013
110000021
110000022
110000023
110000031
110000032
110000033
12110
12120
12130
12101
12102
12103
1221
1222
1223
1231
1232
1233
10111
10112
10113
10121
10122
10123
10131
10132
10133
101011
101012
101013
101021
101022
101023
101031
101032
101033
10211
10212
10213
10221
10222
10223
10231
10232
10233
1100111
1100112
1100113
1100121
1100122
1100123
1100131
1100132
1100133
1100211
1100212
1100213
1100221
1100222
1100223
1100231
1100232
1100233
110000211
110000212
110000213
110000221
110000222
110000223
110000231
110000232
110000233
12111
12112
12113
12121
12122
12123
12131
12132
12133
3000
310000000
3200
330
301000
30200
3030
3001
3002
3003
3110
3120
3130
31010
31020
31030
3100100
3100200
310030
3100010
3100020
310003
31000010
310000200
31000030
310000010
310000020
310000030
310000001
310000002
310000003
32100
3220
3230
3201
3202
3203
331
332
333
30110
30120
30130
301010
301020
301030
301001
301002
301003
30210
30220
30230
30201
30202
30203
3031
3032
3033
3111
3112
3113
3121
3122
3123
3131
3132
3133
31011
31012
31013
31021
31022
31023
31031
31032
31033
3100110
3100120
3100130
3100101
3100102
3100103
3100210
3100220
3100230
3100201
3100202
3100203
310031
310032
310033
3100011
3100012
3100013
3100021
3100022
3100023
31000011
31000012
31000013
310000210
310000220
310000230
310000201
310000202
310000203
31000031
31000032
31000033
310000011
310000012
310000013
310000021
310000022
310000023
310000031
310000032
310000033
32110
32120
32130
32101
32102
32103
3221
3222
3223
3231
3232
3233
30111
30112
30113
30121
30122
30123
30131
30132
30133
301011
301012
301013
301021
301022
301023
301031
301032
301033
30211
30212
30213
30221
30222
30223
30231
30232
30233
3100111
3100112
3100113
3100121
3100122
3100123
3100131
3100132
3100133
3100211
3100212
3100213
3100221
3100222
3100223
3100231
3100232
3100233
310000211
310000212
310000213
310000221
310000222
310000223
310000231
310000232
310000233
32111
32112
32113
32121
32122
32123
32131
32132
32133
