1000010000101100020103011010
1000010000101100020103011011120202111301
10000100001011000201030110111202021113022010203111202120
1000010000101100020103011011120202111302201020311120212120
100001000010110002010301101112020211130220102031112021212130
100001000010110002010301101112020211130220102031112021212131
1000010000101100020103011011120202111302201020311120212121321
10000100001011000201030110111202021113022010203111202121213223022
10000100001011000201030110111202021113022010203111202121213223023123021222
10000100001011000201030110111202021113022010203111202121213223023123021223212
100001000010110002010301101112020211130220102031112021212132230231230212232132
100001000010110002010301101112020211130220102031112021212132230231230212232133303
10000100001011000201030110111202021113022010203111202121213223023123021223213331
100001000010110002010301101112020211130220102031112021212132230231230212232133322130313
10000100001011000201030110111202021113022010203111202121213223023123021223213332213032231
1000010000101100020103011011120202111302201020311120212121322302312302122321333221303223230312
10000100001011000201030110111202021113022010203111202121213223023123021223213332213032232303133
100001000010110002010301101112020211130220102031112021212132230231230212232133322130322323032
100001000010110002010301101112020211130220102031112021212132230231230212232133322130322323033331
100001000010110002010301101112020211130220102031112021212132230231230212232133322130322323033332
100001000010110002010301101112020211130220102031112021212132230231230212232133322130322323033333
10000100001011000201030110111202021113022010203111202121213223023123021223213332213032233
10000100001011000201030110111202021113022010203111202121213223023123021223213332223
1000010000101100020103011011120202111302201020311120212121322302312302123
100001000010110002010301101112020211130220102031112021212132230231230213
10000100001011000201030110111202021113022010203111203
100001000010110002010301101112020211130220102031113
100001000010110002010301101112020211130220103
10000100001011000201030110111203
20000101000010102110003011010
20000101000010102110003011011120202111301
200001010000101021100030110111202021113022010203111202120
20000101000010102110003011011120202111302201020311120212120
2000010100001010211000301101112020211130220102031112021212130
2000010100001010211000301101112020211130220102031112021212131
20000101000010102110003011011120202111302201020311120212121321
200001010000101021100030110111202021113022010203111202121213223022
200001010000101021100030110111202021113022010203111202121213223023123021222
200001010000101021100030110111202021113022010203111202121213223023123021223212
2000010100001010211000301101112020211130220102031112021212132230231230212232132
2000010100001010211000301101112020211130220102031112021212132230231230212232133303
200001010000101021100030110111202021113022010203111202121213223023123021223213331
20000101000010102110003011011120202111302201020311120212121322302312302122321333222313
200001010000101021100030110111202021113022010203111202121213223023123021223213332223223330312
2000010100001010211000301101112020211130220102031112021212132230231230212232133322232233303133
20000101000010102110003011011120202111302201020311120212121322302312302122321333222322333032
20000101000010102110003011011120202111302201020311120212121322302312302122321333222322333033031
2000010100001010211000301101112020211130220102031112021212132230231230212232133322232233303303231
2000010100001010211000301101112020211130220102031112021212132230231230212232133322232233303303232
20000101000010102110003011011120202111302201020311120212121322302312302122321333222322333033032333
20000101000010102110003011011120202111302201020311120212121322302312302123
2000010100001010211000301101112020211130220102031112021212132230231230213
20000101000010102110003011011120202111302201020311120213
200001010000101021100030110111202021113022010203111203
2000010100001010211000301101112020211130220102031113
2000010100001010211000301101112020211130220103
200001010000101021100030110111203
3000010000001010102010310
300001000000101010201031112012111301
300001000000101010201031112012111302201020311020230211202111220
30000100000010101020103111201211130220102031102023021120211122122130
30000100000010101020103111201211130220102031102023021120211122122131
3000010000001010102010311120121113022010203110202302112021112212213223020
3000010000001010102010311120121113022010203110202302112021112212213223021
3000010000001010102010311120121113022010203110202302112021112212213223022
3000010000001010102010311120121113022010203110202302112021112212213223023132
3000010000001010102010311120121113022010203110202302112021112212213223023133212
3000010000001010102010311120121113022010203110202302112021112212213223023133213
300001000000101010201031112012111302201020311020230211202111221221322302313322212
300001000000101010201031112012111302201020311020230211202111221221322302313322213031
300001000000101010201031112012111302201020311020230211202111221221322302313322213032303123303
30000100000010101020103111201211130220102031102023021120211122122132230231332221303230312331
3000010000001010102010311120121113022010203110202302112021112212213223023133222130323031233232
30000100000010101020103111201211130220102031102023021120211122122132230231332221303230312332333133
300001000000101010201031112012111302201020311020230211202111221221322302313322213032303123323332
3000010000001010102010311120121113022010203110202302112021112212213223023133222130323031233233333
3000010000001010102010311120121113022010203110202302112021112212213223023133222130323032
3000010000001010102010311120121113022010203110202302112021112212213223023133222130323033
300001000000101010201031112012111302201020311020230211202111221221322302313322223
30000100000010101020103111201211130220102031102023021120211123
3000010000001010102010311120121113022010203110202302112021113
300001000000101010201031112012111302201020311020230211203
3000010000001010102010311120121113022010203110202302113
30000100000010101020103111201211130220102031103
30000100000010101020103111201211130220103
000010100001010202030200030101020112010
000010100001010202030200030101020112011302111
0000101000010102020302000301010201120113021122102023031112112031122122130
0000101000010102020302000301010201120113021122102023031112112031122122131
000010100001010202030200030101020112011302112210202303111211203112212213223020
000010100001010202030200030101020112011302112210202303111211203112212213223021
000010100001010202030200030101020112011302112210202303111211203112212213223022
00001010000101020203020003010102011201130211221020230311121120311221221322302312
000010100001010202030200030101020112011302112210202303111211203112212213223023132
000010100001010202030200030101020112011302112210202303111211203112212213223023133213
00001010000101020203020003010102011201130211221020230311121120311221221322302313322212
00001010000101020203020003010102011201130211221020230311121120311221221322302313322213031
000010100001010202030200030101020112011302112210202303111211203112212213223023133222130323133303
00001010000101020203020003010102011201130211221020230311121120311221221322302313322213032313331
0000101000010102020302000301010201120113021122102023031112112031122122132230231332221303231333231
0000101000010102020302000301010201120113021122102023031112112031122122132230231332221303231333232
000010100001010202030200030101020112011302112210202303111211203112212213223023133222130323133323332
0000101000010102020302000301010201120113021122102023031112112031122122132230231332221303231333233333
00001010000101020203020003010102011201130211221020230311121120311221221322302313322223
0000101000010102020302000301010201120113021122102023031112112031122123
0000101000010102020302000301010201120113021122102023031112112031123
0000101000010102020302000301010201120113021122102023031112112031132
0000101000010102020302000301010201120113021122102023031112112031133
0000101000010102020302000301010201120113021122102023031113
0000101000010102020302000301010201120113021122103
00001010000101020203020003010103
