20000000001001001010110102010100211102020030020310301110
20000000001001001010110102010100211102020030020310301111200120203030
20000000001001001010110102010100211102020030020310301111200120203031120130
20000000001001001010110102010100211102020030020310301111200120203031120131210
2000000000100100101011010201010021110202003002031030111120012020303112013121130
20000000001001001010110102010100211102020030020310301111200120203031120131211310
2000000000100100101011010201010021110202003002031030111120012020303112013121131120
2000000000100100101011010201010021110202003002031030111120012020303112013121131121
20000000001001001010110102010100211102020030020310301111200120203031120131211311221
200000000010010010101101020101002111020200300203103011112001202030311201312113112221220
200000000010010010101101020101002111020200300203103011112001202030311201312113112221221
2000000000100100101011010201010021110202003002031030111120012020303112013121131122212223231302
20000000001001001010110102010100211102020030020310301111200120203031120131211311222122232313032
2000000000100100101011010201010021110202003002031030111120012020303112013121131122212223231303313323
2000000000100100101011010201010021110202003002031030111120012020303112013121131122212223231303313330
200000000010010010101101020101002111020200300203103011112001202030311201312113112221222323130331333132320
200000000010010010101101020101002111020200300203103011112001202030311201312113112221222323130331333132321
200000000010010010101101020101002111020200300203103011112001202030311201312113112221222323130331333132322
200000000010010010101101020101002111020200300203103011112001202030311201312113112221222323130331333132323
200000000010010010101101020101002111020200300203103011112001202030311201312113112221222323130331333132330
200000000010010010101101020101002111020200300203103011112001202030311201312113112221222323130331333132331
200000000010010010101101020101002111020200300203103011112001202030311201312113112221222323130331333132332
200000000010010010101101020101002111020200300203103011112001202030311201312113112221222323130331333132333
200000000010010010101101020101002111020200300203103011112001202030311201312113112221222323130331333133
2000000000100100101011010201010021110202003002031030111120012020303112013122
2000000000100100101011010201010021110202003002031030111120012020303112013123
20000000001001001010110102010100211102020030020310301111200120203031120132
20000000001001001010110102010100211102020030020310301111200120203031120133
20000000001001001010110102010100211102020030020310301111200121
20000000001001001010110102010100211102020030020310301111200122
20000000001001001010110102010100211102020030020310301111200123
20000000001001001010110102010100211102020030020310301111200130
20000000001001001010110102010100211102020030020310301111200131
20000000001001001010110102010100211102020030020310301111200132
20000000001001001010110102010100211102020030020310301111200133
200000000010010010101101020101002111020200300203103011112002
200000000010010010101101020101002111020200300203103011112003
200000000010010010101101020101002111020200300203103011112011
200000000010010010101101020101002111020200300203103011112012
200000000010010010101101020101002111020200300203103011112013
20000000001001001010110102010100211102020030020310301111202020
20000000001001001010110102010100211102020030020310301111202021
20000000001001001010110102010100211102020030020310301111202022
20000000001001001010110102010100211102020030020310301111202023
200000000010010010101101020101002111020200300203103011112020301
200000000010010010101101020101002111020200300203103011112020302
200000000010010010101101020101002111020200300203103011112020303
200000000010010010101101020101002111020200300203103011112020311
200000000010010010101101020101002111020200300203103011112020312
200000000010010010101101020101002111020200300203103011112020313
20000000001001001010110102010100211102020030020310301111202032
20000000001001001010110102010100211102020030020310301111202033
200000000010010010101101020101002111020200300203103011112021121
200000000010010010101101020101002111020200300203103011112021122
200000000010010010101101020101002111020200300203103011112021123
2000000000100100101011010201010021110202003002031030111120211302
2000000000100100101011010201010021110202003002031030111120211303
20000000001001001010110102010100211102020030020310301111202113112
20000000001001001010110102010100211102020030020310301111202113113
200000000010010010101101020101002111020200300203103011112021131221
200000000010010010101101020101002111020200300203103011112021131222
200000000010010010101101020101002111020200300203103011112021131223
200000000010010010101101020101002111020200300203103011112021131231322
2000000000100100101011010201010021110202003002031030111120211312313232102
2000000000100100101011010201010021110202003002031030111120211312313232103
2000000000100100101011010201010021110202003002031030111120211312313232112
2000000000100100101011010201010021110202003002031030111120211312313232113
200000000010010010101101020101002111020200300203103011112021131231323212
200000000010010010101101020101002111020200300203103011112021131231323213221
200000000010010010101101020101002111020200300203103011112021131231323213222
200000000010010010101101020101002111020200300203103011112021131231323213223
200000000010010010101101020101002111020200300203103011112021131231323213230
200000000010010010101101020101002111020200300203103011112021131231323213231
200000000010010010101101020101002111020200300203103011112021131231323213232
2000000000100100101011010201010021110202003002031030111120211312313232132330
2000000000100100101011010201010021110202003002031030111120211312313232132331
2000000000100100101011010201010021110202003002031030111120211312313232132332
2000000000100100101011010201010021110202003002031030111120211312313232132333
2000000000100100101011010201010021110202003002031030111120211312313232133
2000000000100100101011010201010021110202003002031030111120211312313233
20000000001001001010110102010100211102020030020310301111202113123133
20000000001001001010110102010100211102020030020310301111203
20000000001001001010110102010100211102020030020310301112
20000000001001001010110102010100211102020030020310301113
20000000001001001010110102010100211103
2000000000101
2000000000102
2000000000103
000000000001010010101102020101003010021110201103103011202030200
000000000001010010101102020101003010021110201103103011202030201201130
000000000001010010101102020101003010021110201103103011202030201201131210
000000000001010010101102020101003010021110201103103011202030201201131211120213030
000000000001010010101102020101003010021110201103103011202030201201131211120213031
0000000000010100101011020201010030100211102011031030112020302012011312111202130321220
000000000001010010101102020101003010021110201103103011202030201201131211120213032122130
0000000000010100101011020201010030100211102011031030112020302012011312111202130321221313310
000000000001010010101102020101003010021110201103103011202030201201131211120213032122131331120
000000000001010010101102020101003010021110201103103011202030201201131211120213032122131331121
000000000001010010101102020101003010021110201103103011202030201201131211120213032122131331122230
000000000001010010101102020101003010021110201103103011202030201201131211120213032122131331122231
0000000000010100101011020201010030100211102011031030112020302012011312111202130321221313311222320
0000000000010100101011020201010030100211102011031030112020302012011312111202130321221313311222321
000000000001010010101102020101003010021110201103103011202030201201131211120213032122131331122232232313032
00000000000101001010110202010100301002111020110310301120203020120113121112021303212213133112223223231303313322
00000000000101001010110202010100301002111020110310301120203020120113121112021303212213133112223223231303313323
000000000001010010101102020101003010021110201103103011202030201201131211120213032122131331122232232313033133330
000000000001010010101102020101003010021110201103103011202030201201131211120213032122131331122232232313033133331
000000000001010010101102020101003010021110201103103011202030201201131211120213032122131331122232232313033133332
000000000001010010101102020101003010021110201103103011202030201201131211120213032122131331122232232313033133333
0000000000010100101011020201010030100211102011031030112020302012011312111202130321221313311222323
000000000001010010101102020101003010021110201103103011202030201201131211120213032122132
000000000001010010101102020101003010021110201103103011202030201201131211120213032122133
00000000000101001010110202010100301002111020110310301120203020120113122
00000000000101001010110202010100301002111020110310301120203020120113123
000000000001010010101102020101003010021110201103103011202030201201132
000000000001010010101102020101003010021110201103103011202030201201133
0000000000010100101011020201010030100211102011031030112020302012012
0000000000010100101011020201010030100211102011031030112020302012013
000000000001010010101102020101003010021110201103103011202030201202020
000000000001010010101102020101003010021110201103103011202030201202021
000000000001010010101102020101003010021110201103103011202030201202022
000000000001010010101102020101003010021110201103103011202030201202023
0000000000010100101011020201010030100211102011031030112020302012020301
0000000000010100101011020201010030100211102011031030112020302012020302
0000000000010100101011020201010030100211102011031030112020302012020303
0000000000010100101011020201010030100211102011031030112020302012020311
0000000000010100101011020201010030100211102011031030112020302012020312
0000000000010100101011020201010030100211102011031030112020302012020313
000000000001010010101102020101003010021110201103103011202030201202032
000000000001010010101102020101003010021110201103103011202030201202033
0000000000010100101011020201010030100211102011031030112020302012021121
0000000000010100101011020201010030100211102011031030112020302012021122
0000000000010100101011020201010030100211102011031030112020302012021123
00000000000101001010110202010100301002111020110310301120203020120211302
00000000000101001010110202010100301002111020110310301120203020120211303
000000000001010010101102020101003010021110201103103011202030201202113112
000000000001010010101102020101003010021110201103103011202030201202113113
0000000000010100101011020201010030100211102011031030112020302012021131221
0000000000010100101011020201010030100211102011031030112020302012021131222
0000000000010100101011020201010030100211102011031030112020302012021131223
0000000000010100101011020201010030100211102011031030112020302012021131231322
00000000000101001010110202010100301002111020110310301120203020120211312313232102
00000000000101001010110202010100301002111020110310301120203020120211312313232103
00000000000101001010110202010100301002111020110310301120203020120211312313232112
00000000000101001010110202010100301002111020110310301120203020120211312313232113
0000000000010100101011020201010030100211102011031030112020302012021131231323212
0000000000010100101011020201010030100211102011031030112020302012021131231323213220
0000000000010100101011020201010030100211102011031030112020302012021131231323213221
0000000000010100101011020201010030100211102011031030112020302012021131231323213222
0000000000010100101011020201010030100211102011031030112020302012021131231323213223
00000000000101001010110202010100301002111020110310301120203020120211312313232132302
00000000000101001010110202010100301002111020110310301120203020120211312313232132303
0000000000010100101011020201010030100211102011031030112020302012021131231323213231
0000000000010100101011020201010030100211102011031030112020302012021131231323213232
00000000000101001010110202010100301002111020110310301120203020120211312313232132330
00000000000101001010110202010100301002111020110310301120203020120211312313232132331
00000000000101001010110202010100301002111020110310301120203020120211312313232132332
00000000000101001010110202010100301002111020110310301120203020120211312313232132333
00000000000101001010110202010100301002111020110310301120203020120211312313232133
00000000000101001010110202010100301002111020110310301120203020120211312313233
000000000001010010101102020101003010021110201103103011202030201202113123133
000000000001010010101102020101003010021110201103103011202030201203
00000000000101001010110202010100301002111020110310301121
00000000000101001010110202010100301002111020110310301122
00000000000101001010110202010100301002111020110310301123
00000000000101001010110202010100301002111020111
00000000000101001010110202010100301002111020112
00000000000101001010110202010100301002111020113
0000000000010100101011020201010030100211103
0000000000010100101011020201010030101
0000000000010100101011020201010030102
0000000000010100101011020201010030103
300000000001010010101102020101003010021110201103103011202030200
300000000001010010101102020101003010021110201103103011202030201200210
300000000001010010101102020101003010021110201103103011202030201200211120213030
300000000001010010101102020101003010021110201103103011202030201200211120213031
3000000000010100101011020201010030100211102011031030112020302012002111202130321220
300000000001010010101102020101003010021110201103103011202030201200211120213032122130
300000000001010010101102020101003010021110201103103011202030201200211120213032122131222230
3000000000010100101011020201010030100211102011031030112020302012002111202130321221312222313310
300000000001010010101102020101003010021110201103103011202030201200211120213032122131222231331120
300000000001010010101102020101003010021110201103103011202030201200211120213032122131222231331121
30000000000101001010110202010100301002111020110310301120203020120021112021303212213122223133112232313032
3000000000010100101011020201010030100211102011031030112020302012002111202130321221312222313311223231303313323
30000000000101001010110202010100301002111020110310301120203020120021112021303212213122223133112232313033133320
30000000000101001010110202010100301002111020110310301120203020120021112021303212213122223133112232313033133321
30000000000101001010110202010100301002111020110310301120203020120021112021303212213122223133112232313033133322
30000000000101001010110202010100301002111020110310301120203020120021112021303212213122223133112232313033133323
30000000000101001010110202010100301002111020110310301120203020120021112021303212213122223133112232313033133330
30000000000101001010110202010100301002111020110310301120203020120021112021303212213122223133112232313033133331
30000000000101001010110202010100301002111020110310301120203020120021112021303212213122223133112232313033133332
30000000000101001010110202010100301002111020110310301120203020120021112021303212213122223133112232313033133333
30000000000101001010110202010100301002111020110310301120203020120021112021303212213123
300000000001010010101102020101003010021110201103103011202030201200211120213032122132
300000000001010010101102020101003010021110201103103011202030201200211120213032122133
3000000000010100101011020201010030100211102011031030112020302012003
300000000001010010101102020101003010021110201103103011202030201201130
300000000001010010101102020101003010021110201103103011202030201201131
300000000001010010101102020101003010021110201103103011202030201201132
300000000001010010101102020101003010021110201103103011202030201201133
3000000000010100101011020201010030100211102011031030112020302012012
3000000000010100101011020201010030100211102011031030112020302012013
300000000001010010101102020101003010021110201103103011202030201202020
300000000001010010101102020101003010021110201103103011202030201202021
300000000001010010101102020101003010021110201103103011202030201202022
300000000001010010101102020101003010021110201103103011202030201202023
3000000000010100101011020201010030100211102011031030112020302012020301
3000000000010100101011020201010030100211102011031030112020302012020302
3000000000010100101011020201010030100211102011031030112020302012020303
3000000000010100101011020201010030100211102011031030112020302012020311
3000000000010100101011020201010030100211102011031030112020302012020312
3000000000010100101011020201010030100211102011031030112020302012020313
300000000001010010101102020101003010021110201103103011202030201202032
300000000001010010101102020101003010021110201103103011202030201202033
3000000000010100101011020201010030100211102011031030112020302012021121
3000000000010100101011020201010030100211102011031030112020302012021122
3000000000010100101011020201010030100211102011031030112020302012021123
30000000000101001010110202010100301002111020110310301120203020120211302
30000000000101001010110202010100301002111020110310301120203020120211303
300000000001010010101102020101003010021110201103103011202030201202113112
300000000001010010101102020101003010021110201103103011202030201202113113
3000000000010100101011020201010030100211102011031030112020302012021131221
3000000000010100101011020201010030100211102011031030112020302012021131222
3000000000010100101011020201010030100211102011031030112020302012021131223
3000000000010100101011020201010030100211102011031030112020302012021131231322
30000000000101001010110202010100301002111020110310301120203020120211312313232102
30000000000101001010110202010100301002111020110310301120203020120211312313232103
30000000000101001010110202010100301002111020110310301120203020120211312313232112
30000000000101001010110202010100301002111020110310301120203020120211312313232113
3000000000010100101011020201010030100211102011031030112020302012021131231323212
3000000000010100101011020201010030100211102011031030112020302012021131231323213220
3000000000010100101011020201010030100211102011031030112020302012021131231323213221
3000000000010100101011020201010030100211102011031030112020302012021131231323213222
3000000000010100101011020201010030100211102011031030112020302012021131231323213223
3000000000010100101011020201010030100211102011031030112020302012021131231323213231
3000000000010100101011020201010030100211102011031030112020302012021131231323213232
30000000000101001010110202010100301002111020110310301120203020120211312313232132330
30000000000101001010110202010100301002111020110310301120203020120211312313232132331
30000000000101001010110202010100301002111020110310301120203020120211312313232132332
30000000000101001010110202010100301002111020110310301120203020120211312313232132333
30000000000101001010110202010100301002111020110310301120203020120211312313232133
30000000000101001010110202010100301002111020110310301120203020120211312313233
300000000001010010101102020101003010021110201103103011202030201202113123133
300000000001010010101102020101003010021110201103103011202030201203
30000000000101001010110202010100301002111020110310301121
30000000000101001010110202010100301002111020110310301122
30000000000101001010110202010100301002111020110310301123
30000000000101001010110202010100301002111020111
30000000000101001010110202010100301002111020112
30000000000101001010110202010100301002111020113
3000000000010100101011020201010030100211103
3000000000010100101011020201010030101
3000000000010100101011020201010030102
3000000000010100101011020201010030103
10000000001010001010102020011010211102010030020310301110
10000000001010001010102020011010211102010030020310301111200120203020130
10000000001010001010102020011010211102010030020310301111200120203020131210
10000000001010001010102020011010211102010030020310301111200120203020131211121220
10000000001010001010102020011010211102010030020310301111200120203020131211121221
1000000000101000101010202001101021110201003002031030111120012020302013121112122213030
1000000000101000101010202001101021110201003002031030111120012020302013121112122213031
100000000010100010101020200110102111020100300203103011112001202030201312111212221303230
1000000000101000101010202001101021110201003002031030111120012020302013121112122213032313310
100000000010100010101020200110102111020100300203103011112001202030201312111212221303231331120
100000000010100010101020200110102111020100300203103011112001202030201312111212221303231331121
1000000000101000101010202001101021110201003002031030111120012020302013121112122213032313311222
1000000000101000101010202001101021110201003002031030111120012020302013121112122213032313311223231302
10000000001010001010102020011010211102010030020310301111200120203020131211121222130323133112232313032
1000000000101000101010202001101021110201003002031030111120012020302013121112122213032313311223231303313323
10000000001010001010102020011010211102010030020310301111200120203020131211121222130323133112232313033133320
10000000001010001010102020011010211102010030020310301111200120203020131211121222130323133112232313033133321
10000000001010001010102020011010211102010030020310301111200120203020131211121222130323133112232313033133322
10000000001010001010102020011010211102010030020310301111200120203020131211121222130323133112232313033133323
10000000001010001010102020011010211102010030020310301111200120203020131211121222130323133112232313033133330
10000000001010001010102020011010211102010030020310301111200120203020131211121222130323133112232313033133331
10000000001010001010102020011010211102010030020310301111200120203020131211121222130323133112232313033133332
10000000001010001010102020011010211102010030020310301111200120203020131211121222130323133112232313033133333
1000000000101000101010202001101021110201003002031030111120012020302013122
1000000000101000101010202001101021110201003002031030111120012020302013123
10000000001010001010102020011010211102010030020310301111200120203020132
10000000001010001010102020011010211102010030020310301111200120203020133
10000000001010001010102020011010211102010030020310301111200121
10000000001010001010102020011010211102010030020310301111200122
10000000001010001010102020011010211102010030020310301111200123
10000000001010001010102020011010211102010030020310301111200130
10000000001010001010102020011010211102010030020310301111200131
10000000001010001010102020011010211102010030020310301111200132
10000000001010001010102020011010211102010030020310301111200133
100000000010100010101020200110102111020100300203103011112002
100000000010100010101020200110102111020100300203103011112003
100000000010100010101020200110102111020100300203103011112011
100000000010100010101020200110102111020100300203103011112012
100000000010100010101020200110102111020100300203103011112013
10000000001010001010102020011010211102010030020310301111202020
10000000001010001010102020011010211102010030020310301111202021
10000000001010001010102020011010211102010030020310301111202022
10000000001010001010102020011010211102010030020310301111202023
100000000010100010101020200110102111020100300203103011112020301
100000000010100010101020200110102111020100300203103011112020302
100000000010100010101020200110102111020100300203103011112020303
100000000010100010101020200110102111020100300203103011112020311
100000000010100010101020200110102111020100300203103011112020312
100000000010100010101020200110102111020100300203103011112020313
10000000001010001010102020011010211102010030020310301111202032
10000000001010001010102020011010211102010030020310301111202033
100000000010100010101020200110102111020100300203103011112021121
100000000010100010101020200110102111020100300203103011112021122
100000000010100010101020200110102111020100300203103011112021123
1000000000101000101010202001101021110201003002031030111120211302
1000000000101000101010202001101021110201003002031030111120211303
10000000001010001010102020011010211102010030020310301111202113112
10000000001010001010102020011010211102010030020310301111202113113
100000000010100010101020200110102111020100300203103011112021131221
100000000010100010101020200110102111020100300203103011112021131222
100000000010100010101020200110102111020100300203103011112021131223
100000000010100010101020200110102111020100300203103011112021131231322
1000000000101000101010202001101021110201003002031030111120211312313232112
1000000000101000101010202001101021110201003002031030111120211312313232113
100000000010100010101020200110102111020100300203103011112021131231323212
100000000010100010101020200110102111020100300203103011112021131231323213220
100000000010100010101020200110102111020100300203103011112021131231323213221
100000000010100010101020200110102111020100300203103011112021131231323213222
100000000010100010101020200110102111020100300203103011112021131231323213223
100000000010100010101020200110102111020100300203103011112021131231323213230
100000000010100010101020200110102111020100300203103011112021131231323213231
100000000010100010101020200110102111020100300203103011112021131231323213232
1000000000101000101010202001101021110201003002031030111120211312313232132330
1000000000101000101010202001101021110201003002031030111120211312313232132331
1000000000101000101010202001101021110201003002031030111120211312313232132332
1000000000101000101010202001101021110201003002031030111120211312313232132333
1000000000101000101010202001101021110201003002031030111120211312313232133
1000000000101000101010202001101021110201003002031030111120211312313233
10000000001010001010102020011010211102010030020310301111202113123133
10000000001010001010102020011010211102010030020310301111203
10000000001010001010102020011010211102010030020310301112
10000000001010001010102020011010211102010030020310301113
100000000010100010101020200110102111020101
100000000010100010101020200110102111020102
100000000010100010101020200110102111020103
10000000001010001010102020011010211103
1000000000101000101010203
