200100000101102110200103010301120202022112030
20010000010110211020010301030112020202211203122121130
2001000001011021102001030103011202020221120312212113130
2001000001011021102001030103011202020221120312212113131
2001000001011021102001030103011202020221120312212113132322312
20010000010110211020010301030112020202211203122121131323223132133222311
20010000010110211020010301030112020202211203122121131323223132133222312333
20010000010110211020010301030112020202211203122121131323223132133222313
20010000010110211020010301030112020202211203122121131323223132133222321
20010000010110211020010301030112020202211203122121131323223132133222322
200100000101102110200103010301120202022112031221211313232231321332223233
2001000001011021102001030103011202020221120312212113132322313213322233031
20010000010110211020010301030112020202211203122121131323223132133222330323
2001000001011021102001030103011202020221120312212113132322313213322233033
2001000001011021102001030103011202020221120312213
20010000010110211020010301030112020203
200100000101102110200103010302
200100000101102110200103010303
100011012000200101030112102001030202021112030
100011012000200101030112102001030202021112031130
10001101200020010103011210200103020202111203113130
10001101200020010103011210200103020202111203113131
10001101200020010103011210200103020202111203113132122133123222
100011012000200101030112102001030202021112031131321221331232232133222311
10001101200020010103011210200103020202111203113132122133123223213322231233
100011012000200101030112102001030202021112031131321221331232232133222313
100011012000200101030112102001030202021112031131321221331232232133222321
100011012000200101030112102001030202021112031131321221331232232133222322
1000110120002001010301121020010302020211120311313212213312322321332223233
100011012000200101030112102001030202021112031131321221331232232133222330313
100011012000200101030112102001030202021112031131321221331232232133222330323
10001101200020010103011210200103020202111203113132122133123223213322233033
10001101200020010103011210200103020203
1000110120002001010302
1000110120002001010303
0010020010001102110200103010301120202031130
00100200100011021102001030103011202020311312030
00100200100011021102001030103011202020311312031130
00100200100011021102001030103011202020311312031131
0010020010001102110200103010301120202031131203113211
00100200100011021102001030103011202020311312031132121221221313222232321
00100200100011021102001030103011202020311312031132121221221313222232322
001002001000110211020010301030112020203113120311321212212213132222323233
0010020010001102110200103010301120202031131203113212122122131322223233031
00100200100011021102001030103011202020311312031132121221221313222232330323
001002001000110211020010301030112020203113120311321212212213132222323303332
0010020010001102110200103010301120202031131203113212122122131322223233033333
001002001000110211020010301030112020203113120311321212212213132223
0010020010001102110200103010301120202031131203113212122123
001002001000110211020010301030112020203113120311321212213
00100200100011021102001030103011202020312
00100200100011021102001030103011202020313
0010020010001102110200103010302
0010020010001102110200103010303
300001011020010011201031130200103020202110
3000010110200100112010311302001030202021112030
3000010110200100112010311302001030202021112031130
3000010110200100112010311302001030202021112031131
3000010110200100112010311302001030202021112031132121221221313222232321
3000010110200100112010311302001030202021112031132121221221313222232322
30000101102001001120103113020010302020211120311321212212213132222323233
300001011020010011201031130200103020202111203113212122122131322223233031
3000010110200100112010311302001030202021112031132121221221313222232330323
30000101102001001120103113020010302020211120311321212212213132222323303331
30000101102001001120103113020010302020211120311321212212213132222323303332
300001011020010011201031130200103020202111203113212122122131322223233033333
30000101102001001120103113020010302020211120311321212212213132223
300001011020010011201031130200103020202111203113212122123
30000101102001001120103113020010302020211120311321212213
300001011020010011201031130200103020203
3000010110200100112010312
3000010110200100112010313
30000101102001002
30000101102001003
