00001001010020030011002001202103011020
0000100101002003001100200120210301102120
0000100101002003001100200120210301102121301002022031110
00001001010020030011002001202103011021213010020220311113030
00001001010020030011002001202103011021213010020220311113031
00001001010020030011002001202103011021213010020220311113032230
00001001010020030011002001202103011021213010020220311113032231120121310
00001001010020030011002001202103011021213010020220311113032231120121311
000010010100200300110020012021030110212130100202203111130322311201213122
0000100101002003001100200120210301102121301002022031111303223112012131232
00001001010020030011002001202103011021213010020220311113032231120121312331320
00001001010020030011002001202103011021213010020220311113032231120121312331321
00001001010020030011002001202103011021213010020220311113032231120121312331322
00001001010020030011002001202103011021213010020220311113032231120121312331323
00001001010020030011002001202103011021213010020220311113032231120121312331330
00001001010020030011002001202103011021213010020220311113032231120121312331331
00001001010020030011002001202103011021213010020220311113032231120121312331332
00001001010020030011002001202103011021213010020220311113032231120121312331333
0000100101002003001100200120210301102121301002022031111303223112012132
0000100101002003001100200120210301102121301002022031111303223112012133
00001001010020030011002001202103011021213010020220311113032231120122
00001001010020030011002001202103011021213010020220311113032231120123
000010010100200300110020012021030110212130100202203111130322311202
000010010100200300110020012021030110212130100202203111130322311203
000010010100200300110020012021030110212130100202203111130322311211
000010010100200300110020012021030110212130100202203111130322311212
000010010100200300110020012021030110212130100202203111130322311213
000010010100200300110020012021030110212130100202203111130322311221
000010010100200300110020012021030110212130100202203111130322311222
000010010100200300110020012021030110212130100202203111130322311223
0000100101002003001100200120210301102121301002022031111303223112303
00001001010020030011002001202103011021213010020220311113032231123130
00001001010020030011002001202103011021213010020220311113032231123131
0000100101002003001100200120210301102121301002022031111303223112313232
0000100101002003001100200120210301102121301002022031111303223112313233
000010010100200300110020012021030110212130100202203111130322311231332110331
000010010100200300110020012021030110212130100202203111130322311231332110332
000010010100200300110020012021030110212130100202203111130322311231332110333
000010010100200300110020012021030110212130100202203111130322311231332111202
000010010100200300110020012021030110212130100202203111130322311231332111203
000010010100200300110020012021030110212130100202203111130322311231332111212
000010010100200300110020012021030110212130100202203111130322311231332111213
000010010100200300110020012021030110212130100202203111130322311231332111222130
000010010100200300110020012021030110212130100202203111130322311231332111222131
000010010100200300110020012021030110212130100202203111130322311231332111222132
000010010100200300110020012021030110212130100202203111130322311231332111222133
000010010100200300110020012021030110212130100202203111130322311231332111222233
000010010100200300110020012021030110212130100202203111130322311231332111223
00001001010020030011002001202103011021213010020220311113032231123133211123
000010010100200300110020012021030110212130100202203111130322311231332112
000010010100200300110020012021030110212130100202203111130322311231332113
0000100101002003001100200120210301102121301002022031112
0000100101002003001100200120210301102121301002022031113
000010010100200300110020012021030110212130101
000010010100200300110020012021030110212130102
000010010100200300110020012021030110212130103
0000100101002003001101
0000100101002003001102
0000100101002003001103
2000000100101011002103011020
200000010010101100210301102120
20000001001010110021030110212130002012022031110301002023030
200000010010101100210301102121300020120220311103010020230311201213030
200000010010101100210301102121300020120220311103010020230311201213031
2000000100101011002103011021213000201202203111030100202303112012130322322
2000000100101011002103011021213000201202203111030100202303112012130322323310
2000000100101011002103011021213000201202203111030100202303112012130322323311
2000000100101011002103011021213000201202203111030100202303112012130322323312
200000010010101100210301102121300020120220311103010020230311201213032232331320
200000010010101100210301102121300020120220311103010020230311201213032232331321
200000010010101100210301102121300020120220311103010020230311201213032232331322
200000010010101100210301102121300020120220311103010020230311201213032232331323
200000010010101100210301102121300020120220311103010020230311201213032232331330
200000010010101100210301102121300020120220311103010020230311201213032232331331
200000010010101100210301102121300020120220311103010020230311201213032232331332
200000010010101100210301102121300020120220311103010020230311201213032232331333
200000010010101100210301102121300020120220311103010020230311201213033
2000000100101011002103011021213000201202203111030100202303112012131
2000000100101011002103011021213000201202203111030100202303112012132
2000000100101011002103011021213000201202203111030100202303112012133
20000001001010110021030110212130002012022031110301002023031120122
20000001001010110021030110212130002012022031110301002023031120123
200000010010101100210301102121300020120220311103010020230311202
200000010010101100210301102121300020120220311103010020230311203
200000010010101100210301102121300020120220311103010020230311211
200000010010101100210301102121300020120220311103010020230311212
200000010010101100210301102121300020120220311103010020230311213
200000010010101100210301102121300020120220311103010020230311221
200000010010101100210301102121300020120220311103010020230311222
200000010010101100210301102121300020120220311103010020230311223
20000001001010110021030110212130002012022031110301002023031123130
200000010010101100210301102121300020120220311103010020230311231313
20000001001010110021030110212130002012022031110301002023031123132
200000010010101100210301102121300020120220311103010020230311231332110331
200000010010101100210301102121300020120220311103010020230311231332110332
200000010010101100210301102121300020120220311103010020230311231332110333
200000010010101100210301102121300020120220311103010020230311231332111202
200000010010101100210301102121300020120220311103010020230311231332111203
200000010010101100210301102121300020120220311103010020230311231332111212
200000010010101100210301102121300020120220311103010020230311231332111213
200000010010101100210301102121300020120220311103010020230311231332111222130
200000010010101100210301102121300020120220311103010020230311231332111222131
200000010010101100210301102121300020120220311103010020230311231332111222132
2000000100101011002103011021213000201202203111030100202303112313321112221332
2000000100101011002103011021213000201202203111030100202303112313321112221333
20000001001010110021030110212130002012022031110301002023031123133211122223
200000010010101100210301102121300020120220311103010020230311231332111223
20000001001010110021030110212130002012022031110301002023031123133211123
200000010010101100210301102121300020120220311103010020230311231332112
200000010010101100210301102121300020120220311103010020230311231332113
2000000100101011002103011021213000201202203111030101
2000000100101011002103011021213000201202203111030102
2000000100101011002103011021213000201202203111030103
20000001001010110021030110212130002012022031111
20000001001010110021030110212130002012022031112
20000001001010110021030110212130002012022031113
200000010010101101
200000010010101102
200000010010101103
1000001100200010101202103011020
100000110020001010120210301102120
10000011002000101012021030110212130002013010020220311103030
10000011002000101012021030110212130002013010020220311103031
10000011002000101012021030110212130002013010020220311103032230
10000011002000101012021030110212130002013010020220311103032231120121310
10000011002000101012021030110212130002013010020220311103032231120121311
100000110020001010120210301102121300020130100202203111030322311201213122
1000001100200010101202103011021213000201301002022031110303223112012131232
10000011002000101012021030110212130002013010020220311103032231120121312331320
10000011002000101012021030110212130002013010020220311103032231120121312331321
10000011002000101012021030110212130002013010020220311103032231120121312331322
10000011002000101012021030110212130002013010020220311103032231120121312331323
10000011002000101012021030110212130002013010020220311103032231120121312331330
10000011002000101012021030110212130002013010020220311103032231120121312331331
10000011002000101012021030110212130002013010020220311103032231120121312331332
10000011002000101012021030110212130002013010020220311103032231120121312331333
1000001100200010101202103011021213000201301002022031110303223112012132
1000001100200010101202103011021213000201301002022031110303223112012133
10000011002000101012021030110212130002013010020220311103032231120122
10000011002000101012021030110212130002013010020220311103032231120123
100000110020001010120210301102121300020130100202203111030322311202
100000110020001010120210301102121300020130100202203111030322311203
100000110020001010120210301102121300020130100202203111030322311211
100000110020001010120210301102121300020130100202203111030322311212
100000110020001010120210301102121300020130100202203111030322311213
100000110020001010120210301102121300020130100202203111030322311221
100000110020001010120210301102121300020130100202203111030322311222
100000110020001010120210301102121300020130100202203111030322311223
1000001100200010101202103011021213000201301002022031110303223112303
10000011002000101012021030110212130002013010020220311103032231123130
10000011002000101012021030110212130002013010020220311103032231123131
1000001100200010101202103011021213000201301002022031110303223112313232
1000001100200010101202103011021213000201301002022031110303223112313233
100000110020001010120210301102121300020130100202203111030322311231332110331
100000110020001010120210301102121300020130100202203111030322311231332110332
100000110020001010120210301102121300020130100202203111030322311231332110333
100000110020001010120210301102121300020130100202203111030322311231332111202
100000110020001010120210301102121300020130100202203111030322311231332111203
100000110020001010120210301102121300020130100202203111030322311231332111212
100000110020001010120210301102121300020130100202203111030322311231332111213
100000110020001010120210301102121300020130100202203111030322311231332111222130
100000110020001010120210301102121300020130100202203111030322311231332111222131
100000110020001010120210301102121300020130100202203111030322311231332111222132
100000110020001010120210301102121300020130100202203111030322311231332111222133
100000110020001010120210301102121300020130100202203111030322311231332111222233
100000110020001010120210301102121300020130100202203111030322311231332111223
10000011002000101012021030110212130002013010020220311103032231123133211123
100000110020001010120210301102121300020130100202203111030322311231332112
100000110020001010120210301102121300020130100202203111030322311231332113
1000001100200010101202103011021213000201301002022031111
1000001100200010101202103011021213000201301002022031112
1000001100200010101202103011021213000201301002022031113
100000110020001010120210301102121300020130101
100000110020001010120210301102121300020130102
100000110020001010120210301102121300020130103
1000001101
1000001102
1000001103
300001001001011020200110031110200300120210
30000100100101102020011003111020030012021120
300001001001011020200110031110200300120211213010020220321103310
3000010010010110202001100311102003001202112130100202203211033111201213030
3000010010010110202001100311102003001202112130100202203211033111201213031
30000100100101102020011003111020030012021121301002022032110331112012130321
3000010010010110202001100311102003001202112130100202203211033111201213032230
3000010010010110202001100311102003001202112130100202203211033111201213032231
30000100100101102020011003111020030012021121301002022032110331112012130322322
30000100100101102020011003111020030012021121301002022032110331112012130322323312
3000010010010110202001100311102003001202112130100202203211033111201213032232331320
3000010010010110202001100311102003001202112130100202203211033111201213032232331321
3000010010010110202001100311102003001202112130100202203211033111201213032232331322
3000010010010110202001100311102003001202112130100202203211033111201213032232331323
3000010010010110202001100311102003001202112130100202203211033111201213032232331330
3000010010010110202001100311102003001202112130100202203211033111201213032232331331
3000010010010110202001100311102003001202112130100202203211033111201213032232331332
3000010010010110202001100311102003001202112130100202203211033111201213032232331333
3000010010010110202001100311102003001202112130100202203211033111201213033
30000100100101102020011003111020030012021121301002022032110331112012131
30000100100101102020011003111020030012021121301002022032110331112012132
30000100100101102020011003111020030012021121301002022032110331112012133
300001001001011020200110031110200300120211213010020220321103311120122
300001001001011020200110031110200300120211213010020220321103311120123
3000010010010110202001100311102003001202112130100202203211033111202
3000010010010110202001100311102003001202112130100202203211033111203
3000010010010110202001100311102003001202112130100202203211033111212
3000010010010110202001100311102003001202112130100202203211033111213
3000010010010110202001100311102003001202112130100202203211033111221
3000010010010110202001100311102003001202112130100202203211033111222
3000010010010110202001100311102003001202112130100202203211033111223
30000100100101102020011003111020030012021121301002022032110331112303
300001001001011020200110031110200300120211213010020220321103311123130
3000010010010110202001100311102003001202112130100202203211033111231313
30000100100101102020011003111020030012021121301002022032110331112313232
30000100100101102020011003111020030012021121301002022032110331112313233
300001001001011020200110031110200300120211213010020220321103311123133
30000100100101102020011003111020030012021121301002022032110332
30000100100101102020011003111020030012021121301002022032110333
30000100100101102020011003111020030012021121301002022032111202
30000100100101102020011003111020030012021121301002022032111203
30000100100101102020011003111020030012021121301002022032111212
30000100100101102020011003111020030012021121301002022032111213
30000100100101102020011003111020030012021121301002022032111222130
30000100100101102020011003111020030012021121301002022032111222131
30000100100101102020011003111020030012021121301002022032111222132
30000100100101102020011003111020030012021121301002022032111222133
3000010010010110202001100311102003001202112130100202203211122223
30000100100101102020011003111020030012021121301002022032111223
3000010010010110202001100311102003001202112130100202203211123
30000100100101102020011003111020030012021121301002022032112
30000100100101102020011003111020030012021121301002022032113
3000010010010110202001100311102003001202112130101
3000010010010110202001100311102003001202112130102
3000010010010110202001100311102003001202112130103
300001001001011020200110031111
300001001001011020200110031112
300001001001011020200110031113
3000010010010110202001101
3000010010010110202001102
3000010010010110202001103
