00000001001000001020101010002011010102020100202020100003030110102021111210303003020110
000000010010000010201010100020110101020201002020201000030301101020211112103030030201112020
00000001001000001020101010002011010102020100202020100003030110102021111210303003020111202120
000000010010000010201010100020110101020201002020201000030301101020211112103030030201112021212121130
00000001001000001020101010002011010102020100202020100003030110102021111210303003020111202121212113130
00000001001000001020101010002011010102020100202020100003030110102021111210303003020111202121212113131
0000000100100000102010101000201101010202010020202010000303011010202111121030300302011120212121211313221122301
000000010010000010201010100020110101020201002020201000030301101020211112103030030201112021212121131322112230231020
000000010010000010201010100020110101020201002020201000030301101020211112103030030201112021212121131322112230231021311
000000010010000010201010100020110101020201002020201000030301101020211112103030030201112021212121131322112230231021312
0000000100100000102010101000201101010202010020202010000303011010202111121030300302011120212121211313221122302310213132021022301
0000000100100000102010101000201101010202010020202010000303011010202111121030300302011120212121211313221122302310213132021022302203330
000000010010000010201010100020110101020201002020201000030301101020211112103030030201112021212121131322112230231021313202102230220333110
00000001001000001020101010002011010102020100202020100003030110102021111210303003020111202121212113132211223023102131320210223022033311120
00000001001000001020101010002011010102020100202020100003030110102021111210303003020111202121212113132211223023102131320210223022033311121
00000001001000001020101010002011010102020100202020100003030110102021111210303003020111202121212113132211223023102131320210223022033311122
00000001001000001020101010002011010102020100202020100003030110102021111210303003020111202121212113132211223023102131320210223022033311123
00000001001000001020101010002011010102020100202020100003030110102021111210303003020111202121212113132211223023102131320210223022033311130
00000001001000001020101010002011010102020100202020100003030110102021111210303003020111202121212113132211223023102131320210223022033311131
00000001001000001020101010002011010102020100202020100003030110102021111210303003020111202121212113132211223023102131320210223022033311132
00000001001000001020101010002011010102020100202020100003030110102021111210303003020111202121212113132211223023102131320210223022033311133
00000001001000001020101010002011010102020100202020100003030110102021111210303003020111202121212113132211223023102131320210223022033311211
000000010010000010201010100020110101020201002020201000030301101020211112103030030201112021212121131322112230231021313202102230220333112121
0000000100100000102010101000201101010202010020202010000303011010202111121030300302011120212121211313221122302310213132021022302203331121222130132
0000000100100000102010101000201101010202010020202010000303011010202111121030300302011120212121211313221122302310213132021022302203331121222130133
00000001001000001020101010002011010102020100202020100003030110102021111210303003020111202121212113132211223023102131320210223022033311212221302
00000001001000001020101010002011010102020100202020100003030110102021111210303003020111202121212113132211223023102131320210223022033311212221303
00000001001000001020101010002011010102020100202020100003030110102021111210303003020111202121212113132211223023102131320210223022033311212221312
00000001001000001020101010002011010102020100202020100003030110102021111210303003020111202121212113132211223023102131320210223022033311212221313132211
0000000100100000102010101000201101010202010020202010000303011010202111121030300302011120212121211313221122302310213132021022302203331121222131313221230313
00000001001000001020101010002011010102020100202020100003030110102021111210303003020111202121212113132211223023102131320210223022033311212221313132212303203031130
00000001001000001020101010002011010102020100202020100003030110102021111210303003020111202121212113132211223023102131320210223022033311212221313132212303203031131
000000010010000010201010100020110101020201002020201000030301101020211112103030030201112021212121131322112230231021313202102230220333112122213131322123032030311322323
000000010010000010201010100020110101020201002020201000030301101020211112103030030201112021212121131322112230231021313202102230220333112122213131322123032030311322333
000000010010000010201010100020110101020201002020201000030301101020211112103030030201112021212121131322112230231021313202102230220333112122213131322123032030312
00000001001000001020101010002011010102020100202020100003030110102021111210303003020111202121212113132211223023102131320210223022033311212221313132212303203031321
0000000100100000102010101000201101010202010020202010000303011010202111121030300302011120212121211313221122302310213132021022302203331121222131313221230320303132213
0000000100100000102010101000201101010202010020202010000303011010202111121030300302011120212121211313221122302310213132021022302203331121222131313221230320303132222323
000000010010000010201010100020110101020201002020201000030301101020211112103030030201112021212121131322112230231021313202102230220333112122213131322123032030313222233
000000010010000010201010100020110101020201002020201000030301101020211112103030030201112021212121131322112230231021313202102230220333112122213131322123032030313223
000000010010000010201010100020110101020201002020201000030301101020211112103030030201112021212121131322112230231021313202102230220333112122213131322123032030313230
000000010010000010201010100020110101020201002020201000030301101020211112103030030201112021212121131322112230231021313202102230220333112122213131322123032030313231
000000010010000010201010100020110101020201002020201000030301101020211112103030030201112021212121131322112230231021313202102230220333112122213131322123032030313232
000000010010000010201010100020110101020201002020201000030301101020211112103030030201112021212121131322112230231021313202102230220333112122213131322123032030313233
00000001001000001020101010002011010102020100202020100003030110102021111210303003020111202121212113132211223023102131320210223022033311212221313132212303203031331
00000001001000001020101010002011010102020100202020100003030110102021111210303003020111202121212113132211223023102131320210223022033311212221313132212303203031332
00000001001000001020101010002011010102020100202020100003030110102021111210303003020111202121212113132211223023102131320210223022033311212221313132212303203031333
000000010010000010201010100020110101020201002020201000030301101020211112103030030201112021212121131322112230231021313202102230220333112122213131322123032031
000000010010000010201010100020110101020201002020201000030301101020211112103030030201112021212121131322112230231021313202102230220333112122213131322123032032233
000000010010000010201010100020110101020201002020201000030301101020211112103030030201112021212121131322112230231021313202102230220333112122213131322123032033
0000000100100000102010101000201101010202010020202010000303011010202111121030300302011120212121211313221122302310213132021022302203331121222131313222
0000000100100000102010101000201101010202010020202010000303011010202111121030300302011120212121211313221122302310213132021022302203331121222131313223
000000010010000010201010100020110101020201002020201000030301101020211112103030030201112021212121131322112230231021313202102230220333112122213131323
0000000100100000102010101000201101010202010020202010000303011010202111121030300302011120212121211313221122302310213132021022302203331121222131313311
0000000100100000102010101000201101010202010020202010000303011010202111121030300302011120212121211313221122302310213132021022302203331121222131313312
0000000100100000102010101000201101010202010020202010000303011010202111121030300302011120212121211313221122302310213132021022302203331121222131313313
0000000100100000102010101000201101010202010020202010000303011010202111121030300302011120212121211313221122302310213132021022302203331121222131313322
0000000100100000102010101000201101010202010020202010000303011010202111121030300302011120212121211313221122302310213132021022302203331121222131313323
00000001001000001020101010002011010102020100202020100003030110102021111210303003020111202121212113132211223023102131320210223022033311212221313133303
00000001001000001020101010002011010102020100202020100003030110102021111210303003020111202121212113132211223023102131320210223022033311212221313133312
00000001001000001020101010002011010102020100202020100003030110102021111210303003020111202121212113132211223023102131320210223022033311212221313133313
0000000100100000102010101000201101010202010020202010000303011010202111121030300302011120212121211313221122302310213132021022302203331121222131313332
0000000100100000102010101000201101010202010020202010000303011010202111121030300302011120212121211313221122302310213132021022302203331121222131313333
0000000100100000102010101000201101010202010020202010000303011010202111121030300302011120212121211313221122302310213132021022302203332
0000000100100000102010101000201101010202010020202010000303011010202111121030300302011120212121211313221122302310213132021022302203333
0000000100100000102010101000201101010202010020202010000303011010202111121030300302011120212121211313221122302310213132021022303
00000001001000001020101010002011010102020100202020100003030110102021111210303003020111202121212113132211223023102131320211
00000001001000001020101010002011010102020100202020100003030110102021111210303003020111202121212113132211223023102131320212
00000001001000001020101010002011010102020100202020100003030110102021111210303003020111202121212113132211223023102131320213
00000001001000001020101010002011010102020100202020100003030110102021111210303003020111202121212113132211223023102131320220
00000001001000001020101010002011010102020100202020100003030110102021111210303003020111202121212113132211223023102131320221
00000001001000001020101010002011010102020100202020100003030110102021111210303003020111202121212113132211223023102131320222
00000001001000001020101010002011010102020100202020100003030110102021111210303003020111202121212113132211223023102131320223
00000001001000001020101010002011010102020100202020100003030110102021111210303003020111202121212113132211223023102131320230
00000001001000001020101010002011010102020100202020100003030110102021111210303003020111202121212113132211223023102131320231
00000001001000001020101010002011010102020100202020100003030110102021111210303003020111202121212113132211223023102131320232
00000001001000001020101010002011010102020100202020100003030110102021111210303003020111202121212113132211223023102131320233
00000001001000001020101010002011010102020100202020100003030110102021111210303003020111202121212113132211223023102131320312
00000001001000001020101010002011010102020100202020100003030110102021111210303003020111202121212113132211223023102131320313
0000000100100000102010101000201101010202010020202010000303011010202111121030300302011120212121211313221122302310213132032
0000000100100000102010101000201101010202010020202010000303011010202111121030300302011120212121211313221122302310213132033
00000001001000001020101010002011010102020100202020100003030110102021111210303003020111202121212113132211223023102131321
00000001001000001020101010002011010102020100202020100003030110102021111210303003020111202121212113132211223023102131322
00000001001000001020101010002011010102020100202020100003030110102021111210303003020111202121212113132211223023102131323
00000001001000001020101010002011010102020100202020100003030110102021111210303003020111202121212113132211223023103
0000000100100000102010101000201101010202010020202010000303011010202111121030300302011120212121211313221122302311
0000000100100000102010101000201101010202010020202010000303011010202111121030300302011120212121211313221122302312
0000000100100000102010101000201101010202010020202010000303011010202111121030300302011120212121211313221122302313
0000000100100000102010101000201101010202010020202010000303011010202111121030300302011120212121211313221122303
0000000100100000102010101000201101010202010020202010000303011010202111121030300303
0000000100100000102010101000201101010202010020202010000303011010202111121030301
0000000100100000102010101000201101010202010020202010000303011010202111121030302
0000000100100000102010101000201101010202010020202010000303011010202111121030303
0000000100100000102010101000201101010202010020202010000303011010203
200000102000000101010002001001010102020100202020100003030110102021111210303003020110
2000001020000001010100020010010101020201002020201000030301101020211112103030030201112020
200000102000000101010002001001010102020100202020100003030110102021111210303003020111202120
2000001020000001010100020010010101020201002020201000030301101020211112103030030201112021212121130
200000102000000101010002001001010102020100202020100003030110102021111210303003020111202121212113130
200000102000000101010002001001010102020100202020100003030110102021111210303003020111202121212113131
20000010200000010101000200100101010202010020202010000303011010202111121030300302011120212121211313221122301
2000001020000001010100020010010101020201002020201000030301101020211112103030030201112021212121131322112230231020
2000001020000001010100020010010101020201002020201000030301101020211112103030030201112021212121131322112230231021311
2000001020000001010100020010010101020201002020201000030301101020211112103030030201112021212121131322112230231021312
2000001020000001010100020010010101020201002020201000030301101020211112103030030201112021212121131322112230231021313201103330
200000102000000101010002001001010102020100202020100003030110102021111210303003020111202121212113132211223023102131320110333110
20000010200000010101000200100101010202010020202010000303011010202111121030300302011120212121211313221122302310213132011033311120
20000010200000010101000200100101010202010020202010000303011010202111121030300302011120212121211313221122302310213132011033311121
20000010200000010101000200100101010202010020202010000303011010202111121030300302011120212121211313221122302310213132011033311122
20000010200000010101000200100101010202010020202010000303011010202111121030300302011120212121211313221122302310213132011033311123
20000010200000010101000200100101010202010020202010000303011010202111121030300302011120212121211313221122302310213132011033311130
20000010200000010101000200100101010202010020202010000303011010202111121030300302011120212121211313221122302310213132011033311131
20000010200000010101000200100101010202010020202010000303011010202111121030300302011120212121211313221122302310213132011033311132
20000010200000010101000200100101010202010020202010000303011010202111121030300302011120212121211313221122302310213132011033311133
20000010200000010101000200100101010202010020202010000303011010202111121030300302011120212121211313221122302310213132011033311211
200000102000000101010002001001010102020100202020100003030110102021111210303003020111202121212113132211223023102131320110333112120
200000102000000101010002001001010102020100202020100003030110102021111210303003020111202121212113132211223023102131320110333112121
2000001020000001010100020010010101020201002020201000030301101020211112103030030201112021212121131322112230231021313201103331121222130132
2000001020000001010100020010010101020201002020201000030301101020211112103030030201112021212121131322112230231021313201103331121222130133
20000010200000010101000200100101010202010020202010000303011010202111121030300302011120212121211313221122302310213132011033311212221302
20000010200000010101000200100101010202010020202010000303011010202111121030300302011120212121211313221122302310213132011033311212221303
20000010200000010101000200100101010202010020202010000303011010202111121030300302011120212121211313221122302310213132011033311212221312
20000010200000010101000200100101010202010020202010000303011010202111121030300302011120212121211313221122302310213132011033311212221313132211
2000001020000001010100020010010101020201002020201000030301101020211112103030030201112021212121131322112230231021313201103331121222131313221230313
200000102000000101010002001001010102020100202020100003030110102021111210303003020111202121212113132211223023102131320110333112122213131322123032030301
20000010200000010101000200100101010202010020202010000303011010202111121030300302011120212121211313221122302310213132011033311212221313132212303203030223
200000102000000101010002001001010102020100202020100003030110102021111210303003020111202121212113132211223023102131320110333112122213131322123032030302322
200000102000000101010002001001010102020100202020100003030110102021111210303003020111202121212113132211223023102131320110333112122213131322123032030302323
200000102000000101010002001001010102020100202020100003030110102021111210303003020111202121212113132211223023102131320110333112122213131322123032030302330
200000102000000101010002001001010102020100202020100003030110102021111210303003020111202121212113132211223023102131320110333112122213131322123032030302331
200000102000000101010002001001010102020100202020100003030110102021111210303003020111202121212113132211223023102131320110333112122213131322123032030302332
200000102000000101010002001001010102020100202020100003030110102021111210303003020111202121212113132211223023102131320110333112122213131322123032030302333
200000102000000101010002001001010102020100202020100003030110102021111210303003020111202121212113132211223023102131320110333112122213131322123032030303
2000001020000001010100020010010101020201002020201000030301101020211112103030030201112021212121131322112230231021313201103331121222131313221230320303113
2000001020000001010100020010010101020201002020201000030301101020211112103030030201112021212121131322112230231021313201103331121222131313221230320303122321
200000102000000101010002001001010102020100202020100003030110102021111210303003020111202121212113132211223023102131320110333112122213131322123032030312232213
20000010200000010101000200100101010202010020202010000303011010202111121030300302011120212121211313221122302310213132011033311212221313132212303203031223222232
20000010200000010101000200100101010202010020202010000303011010202111121030300302011120212121211313221122302310213132011033311212221313132212303203031223222233
20000010200000010101000200100101010202010020202010000303011010202111121030300302011120212121211313221122302310213132011033311212221313132212303203031223223
20000010200000010101000200100101010202010020202010000303011010202111121030300302011120212121211313221122302310213132011033311212221313132212303203031223230
20000010200000010101000200100101010202010020202010000303011010202111121030300302011120212121211313221122302310213132011033311212221313132212303203031223231
20000010200000010101000200100101010202010020202010000303011010202111121030300302011120212121211313221122302310213132011033311212221313132212303203031223232
20000010200000010101000200100101010202010020202010000303011010202111121030300302011120212121211313221122302310213132011033311212221313132212303203031223233
2000001020000001010100020010010101020201002020201000030301101020211112103030030201112021212121131322112230231021313201103331121222131313221230320303122331
2000001020000001010100020010010101020201002020201000030301101020211112103030030201112021212121131322112230231021313201103331121222131313221230320303122332
2000001020000001010100020010010101020201002020201000030301101020211112103030030201112021212121131322112230231021313201103331121222131313221230320303122333
200000102000000101010002001001010102020100202020100003030110102021111210303003020111202121212113132211223023102131320110333112122213131322123032030313
200000102000000101010002001001010102020100202020100003030110102021111210303003020111202121212113132211223023102131320110333112122213131322123032031
200000102000000101010002001001010102020100202020100003030110102021111210303003020111202121212113132211223023102131320110333112122213131322123032032233
200000102000000101010002001001010102020100202020100003030110102021111210303003020111202121212113132211223023102131320110333112122213131322123032033
2000001020000001010100020010010101020201002020201000030301101020211112103030030201112021212121131322112230231021313201103331121222131313222
2000001020000001010100020010010101020201002020201000030301101020211112103030030201112021212121131322112230231021313201103331121222131313223
200000102000000101010002001001010102020100202020100003030110102021111210303003020111202121212113132211223023102131320110333112122213131323
2000001020000001010100020010010101020201002020201000030301101020211112103030030201112021212121131322112230231021313201103331121222131313311
2000001020000001010100020010010101020201002020201000030301101020211112103030030201112021212121131322112230231021313201103331121222131313312
2000001020000001010100020010010101020201002020201000030301101020211112103030030201112021212121131322112230231021313201103331121222131313313
2000001020000001010100020010010101020201002020201000030301101020211112103030030201112021212121131322112230231021313201103331121222131313322
2000001020000001010100020010010101020201002020201000030301101020211112103030030201112021212121131322112230231021313201103331121222131313323
20000010200000010101000200100101010202010020202010000303011010202111121030300302011120212121211313221122302310213132011033311212221313133302
20000010200000010101000200100101010202010020202010000303011010202111121030300302011120212121211313221122302310213132011033311212221313133303
20000010200000010101000200100101010202010020202010000303011010202111121030300302011120212121211313221122302310213132011033311212221313133312
20000010200000010101000200100101010202010020202010000303011010202111121030300302011120212121211313221122302310213132011033311212221313133313
2000001020000001010100020010010101020201002020201000030301101020211112103030030201112021212121131322112230231021313201103331121222131313332
2000001020000001010100020010010101020201002020201000030301101020211112103030030201112021212121131322112230231021313201103331121222131313333
2000001020000001010100020010010101020201002020201000030301101020211112103030030201112021212121131322112230231021313201103332
2000001020000001010100020010010101020201002020201000030301101020211112103030030201112021212121131322112230231021313201103333
20000010200000010101000200100101010202010020202010000303011010202111121030300302011120212121211313221122302310213132012
20000010200000010101000200100101010202010020202010000303011010202111121030300302011120212121211313221122302310213132013
200000102000000101010002001001010102020100202020100003030110102021111210303003020111202121212113132211223023102131320210
200000102000000101010002001001010102020100202020100003030110102021111210303003020111202121212113132211223023102131320211
200000102000000101010002001001010102020100202020100003030110102021111210303003020111202121212113132211223023102131320212
200000102000000101010002001001010102020100202020100003030110102021111210303003020111202121212113132211223023102131320213
200000102000000101010002001001010102020100202020100003030110102021111210303003020111202121212113132211223023102131320221
200000102000000101010002001001010102020100202020100003030110102021111210303003020111202121212113132211223023102131320222
200000102000000101010002001001010102020100202020100003030110102021111210303003020111202121212113132211223023102131320223
200000102000000101010002001001010102020100202020100003030110102021111210303003020111202121212113132211223023102131320230
200000102000000101010002001001010102020100202020100003030110102021111210303003020111202121212113132211223023102131320231
200000102000000101010002001001010102020100202020100003030110102021111210303003020111202121212113132211223023102131320232
200000102000000101010002001001010102020100202020100003030110102021111210303003020111202121212113132211223023102131320233
20000010200000010101000200100101010202010020202010000303011010202111121030300302011120212121211313221122302310213132031
20000010200000010101000200100101010202010020202010000303011010202111121030300302011120212121211313221122302310213132032
20000010200000010101000200100101010202010020202010000303011010202111121030300302011120212121211313221122302310213132033
200000102000000101010002001001010102020100202020100003030110102021111210303003020111202121212113132211223023102131321
200000102000000101010002001001010102020100202020100003030110102021111210303003020111202121212113132211223023102131322
200000102000000101010002001001010102020100202020100003030110102021111210303003020111202121212113132211223023102131323
200000102000000101010002001001010102020100202020100003030110102021111210303003020111202121212113132211223023103
20000010200000010101000200100101010202010020202010000303011010202111121030300302011120212121211313221122302311
20000010200000010101000200100101010202010020202010000303011010202111121030300302011120212121211313221122302312
20000010200000010101000200100101010202010020202010000303011010202111121030300302011120212121211313221122302313
20000010200000010101000200100101010202010020202010000303011010202111121030300302011120212121211313221122303
20000010200000010101000200100101010202010020202010000303011010202111121030300303
20000010200000010101000200100101010202010020202010000303011010202111121030301
20000010200000010101000200100101010202010020202010000303011010202111121030302
20000010200000010101000200100101010202010020202010000303011010202111121030303
20000010200000010101000200100101010202010020202010000303011010203
10000001000001000001020101010002001020201003020103011010102020110
10000001000001000001020101010002001020201003020103011010102020111202030202120300
100000010000010000010201010100020010202010030201030110101020201112020302021203013010202111121030
1000000100000100000102010101000200102020100302010301101010202011120203020212030130102021111210312121130
100000010000010000010201010100020010202010030201030110101020201112020302021203013010202111121031212113130
100000010000010000010201010100020010202010030201030110101020201112020302021203013010202111121031212113131
10000001000001000001020101010002001020201003020103011010102020111202030202120301301020211112103121211313221122301
1000000100000100000102010101000200102020100302010301101010202011120203020212030130102021111210312121131322112230231020
1000000100000100000102010101000200102020100302010301101010202011120203020212030130102021111210312121131322112230231021311
1000000100000100000102010101000200102020100302010301101010202011120203020212030130102021111210312121131322112230231021312
1000000100000100000102010101000200102020100302010301101010202011120203020212030130102021111210312121131322112230231021313201103330
10000001000001000001020101010002001020201003020103011010102020111202030202120301301020211112103121211313221122302310213132011033311120
10000001000001000001020101010002001020201003020103011010102020111202030202120301301020211112103121211313221122302310213132011033311121
10000001000001000001020101010002001020201003020103011010102020111202030202120301301020211112103121211313221122302310213132011033311122
10000001000001000001020101010002001020201003020103011010102020111202030202120301301020211112103121211313221122302310213132011033311123
10000001000001000001020101010002001020201003020103011010102020111202030202120301301020211112103121211313221122302310213132011033311130
10000001000001000001020101010002001020201003020103011010102020111202030202120301301020211112103121211313221122302310213132011033311131
10000001000001000001020101010002001020201003020103011010102020111202030202120301301020211112103121211313221122302310213132011033311132
10000001000001000001020101010002001020201003020103011010102020111202030202120301301020211112103121211313221122302310213132011033311133
10000001000001000001020101010002001020201003020103011010102020111202030202120301301020211112103121211313221122302310213132011033311211
100000010000010000010201010100020010202010030201030110101020201112020302021203013010202111121031212113132211223023102131320110333112120
100000010000010000010201010100020010202010030201030110101020201112020302021203013010202111121031212113132211223023102131320110333112121
10000001000001000001020101010002001020201003020103011010102020111202030202120301301020211112103121211313221122302310213132011033311212221302
10000001000001000001020101010002001020201003020103011010102020111202030202120301301020211112103121211313221122302310213132011033311212221303
10000001000001000001020101010002001020201003020103011010102020111202030202120301301020211112103121211313221122302310213132011033311212221312
10000001000001000001020101010002001020201003020103011010102020111202030202120301301020211112103121211313221122302310213132011033311212221313132211
10000001000001000001020101010002001020201003020103011010102020111202030202120301301020211112103121211313221122302310213132011033311212221313132212303132
10000001000001000001020101010002001020201003020103011010102020111202030202120301301020211112103121211313221122302310213132011033311212221313132212303133
100000010000010000010201010100020010202010030201030110101020201112020302021203013010202111121031212113132211223023102131320110333112122213131322123032030301
10000001000001000001020101010002001020201003020103011010102020111202030202120301301020211112103121211313221122302310213132011033311212221313132212303203030223
100000010000010000010201010100020010202010030201030110101020201112020302021203013010202111121031212113132211223023102131320110333112122213131322123032030302321
100000010000010000010201010100020010202010030201030110101020201112020302021203013010202111121031212113132211223023102131320110333112122213131322123032030302322
100000010000010000010201010100020010202010030201030110101020201112020302021203013010202111121031212113132211223023102131320110333112122213131322123032030302323
100000010000010000010201010100020010202010030201030110101020201112020302021203013010202111121031212113132211223023102131320110333112122213131322123032030302331
100000010000010000010201010100020010202010030201030110101020201112020302021203013010202111121031212113132211223023102131320110333112122213131322123032030302332
100000010000010000010201010100020010202010030201030110101020201112020302021203013010202111121031212113132211223023102131320110333112122213131322123032030302333
100000010000010000010201010100020010202010030201030110101020201112020302021203013010202111121031212113132211223023102131320110333112122213131322123032030303
100000010000010000010201010100020010202010030201030110101020201112020302021203013010202111121031212113132211223023102131320110333112122213131322123032030311
1000000100000100000102010101000200102020100302010301101010202011120203020212030130102021111210312121131322112230231021313201103331121222131313221230320303122321
100000010000010000010201010100020010202010030201030110101020201112020302021203013010202111121031212113132211223023102131320110333112122213131322123032030312232213
10000001000001000001020101010002001020201003020103011010102020111202030202120301301020211112103121211313221122302310213132011033311212221313132212303203031223222232
10000001000001000001020101010002001020201003020103011010102020111202030202120301301020211112103121211313221122302310213132011033311212221313132212303203031223222233
10000001000001000001020101010002001020201003020103011010102020111202030202120301301020211112103121211313221122302310213132011033311212221313132212303203031223223
10000001000001000001020101010002001020201003020103011010102020111202030202120301301020211112103121211313221122302310213132011033311212221313132212303203031223230
10000001000001000001020101010002001020201003020103011010102020111202030202120301301020211112103121211313221122302310213132011033311212221313132212303203031223231
10000001000001000001020101010002001020201003020103011010102020111202030202120301301020211112103121211313221122302310213132011033311212221313132212303203031223232
10000001000001000001020101010002001020201003020103011010102020111202030202120301301020211112103121211313221122302310213132011033311212221313132212303203031223233
1000000100000100000102010101000200102020100302010301101010202011120203020212030130102021111210312121131322112230231021313201103331121222131313221230320303122332
1000000100000100000102010101000200102020100302010301101010202011120203020212030130102021111210312121131322112230231021313201103331121222131313221230320303122333
100000010000010000010201010100020010202010030201030110101020201112020302021203013010202111121031212113132211223023102131320110333112122213131322123032030313
100000010000010000010201010100020010202010030201030110101020201112020302021203013010202111121031212113132211223023102131320110333112122213131322123032031
100000010000010000010201010100020010202010030201030110101020201112020302021203013010202111121031212113132211223023102131320110333112122213131322123032032233
100000010000010000010201010100020010202010030201030110101020201112020302021203013010202111121031212113132211223023102131320110333112122213131322123032033
1000000100000100000102010101000200102020100302010301101010202011120203020212030130102021111210312121131322112230231021313201103331121222131313222
1000000100000100000102010101000200102020100302010301101010202011120203020212030130102021111210312121131322112230231021313201103331121222131313223
100000010000010000010201010100020010202010030201030110101020201112020302021203013010202111121031212113132211223023102131320110333112122213131323
1000000100000100000102010101000200102020100302010301101010202011120203020212030130102021111210312121131322112230231021313201103331121222131313311
1000000100000100000102010101000200102020100302010301101010202011120203020212030130102021111210312121131322112230231021313201103331121222131313312
1000000100000100000102010101000200102020100302010301101010202011120203020212030130102021111210312121131322112230231021313201103331121222131313313
1000000100000100000102010101000200102020100302010301101010202011120203020212030130102021111210312121131322112230231021313201103331121222131313322
1000000100000100000102010101000200102020100302010301101010202011120203020212030130102021111210312121131322112230231021313201103331121222131313323
10000001000001000001020101010002001020201003020103011010102020111202030202120301301020211112103121211313221122302310213132011033311212221313133303
10000001000001000001020101010002001020201003020103011010102020111202030202120301301020211112103121211313221122302310213132011033311212221313133312
10000001000001000001020101010002001020201003020103011010102020111202030202120301301020211112103121211313221122302310213132011033311212221313133313
1000000100000100000102010101000200102020100302010301101010202011120203020212030130102021111210312121131322112230231021313201103331121222131313332
1000000100000100000102010101000200102020100302010301101010202011120203020212030130102021111210312121131322112230231021313201103331121222131313333
100000010000010000010201010100020010202010030201030110101020201112020302021203013010202111121031212113132211223023102131320110333113
1000000100000100000102010101000200102020100302010301101010202011120203020212030130102021111210312121131322112230231021313201103332
1000000100000100000102010101000200102020100302010301101010202011120203020212030130102021111210312121131322112230231021313201103333
10000001000001000001020101010002001020201003020103011010102020111202030202120301301020211112103121211313221122302310213132012
10000001000001000001020101010002001020201003020103011010102020111202030202120301301020211112103121211313221122302310213132013
100000010000010000010201010100020010202010030201030110101020201112020302021203013010202111121031212113132211223023102131320211
100000010000010000010201010100020010202010030201030110101020201112020302021203013010202111121031212113132211223023102131320212
100000010000010000010201010100020010202010030201030110101020201112020302021203013010202111121031212113132211223023102131320213
100000010000010000010201010100020010202010030201030110101020201112020302021203013010202111121031212113132211223023102131320220
100000010000010000010201010100020010202010030201030110101020201112020302021203013010202111121031212113132211223023102131320221
100000010000010000010201010100020010202010030201030110101020201112020302021203013010202111121031212113132211223023102131320222
100000010000010000010201010100020010202010030201030110101020201112020302021203013010202111121031212113132211223023102131320223
100000010000010000010201010100020010202010030201030110101020201112020302021203013010202111121031212113132211223023102131320230
100000010000010000010201010100020010202010030201030110101020201112020302021203013010202111121031212113132211223023102131320231
100000010000010000010201010100020010202010030201030110101020201112020302021203013010202111121031212113132211223023102131320232
100000010000010000010201010100020010202010030201030110101020201112020302021203013010202111121031212113132211223023102131320233
10000001000001000001020101010002001020201003020103011010102020111202030202120301301020211112103121211313221122302310213132031
10000001000001000001020101010002001020201003020103011010102020111202030202120301301020211112103121211313221122302310213132032
10000001000001000001020101010002001020201003020103011010102020111202030202120301301020211112103121211313221122302310213132033
100000010000010000010201010100020010202010030201030110101020201112020302021203013010202111121031212113132211223023102131321
100000010000010000010201010100020010202010030201030110101020201112020302021203013010202111121031212113132211223023102131322
100000010000010000010201010100020010202010030201030110101020201112020302021203013010202111121031212113132211223023102131323
100000010000010000010201010100020010202010030201030110101020201112020302021203013010202111121031212113132211223023103
10000001000001000001020101010002001020201003020103011010102020111202030202120301301020211112103121211313221122302311
10000001000001000001020101010002001020201003020103011010102020111202030202120301301020211112103121211313221122302312
10000001000001000001020101010002001020201003020103011010102020111202030202120301301020211112103121211313221122302313
10000001000001000001020101010002001020201003020103011010102020111202030202120301301020211112103121211313221122303
100000010000010000010201010100020010202010030201030110101020201112020302021203013010203
10000001000001000001020101010002001020201003020103011010102020111202030202120302
10000001000001000001020101010002001020201003020103011010102020111202030202120303
100000010000010000010201010100020010202010030201030110101020201112020303
30000010000010200000010101000200102020100302010301101010202010102021111210303003020110
300000100000102000000101010002001020201003020103011010102020101020211112103030030201112020
30000010000010200000010101000200102020100302010301101010202010102021111210303003020111202120
300000100000102000000101010002001020201003020103011010102020101020211112103030030201112021212121130
30000010000010200000010101000200102020100302010301101010202010102021111210303003020111202121212113130
30000010000010200000010101000200102020100302010301101010202010102021111210303003020111202121212113131
3000001000001020000001010100020010202010030201030110101020201010202111121030300302011120212121211313221122301
300000100000102000000101010002001020201003020103011010102020101020211112103030030201112021212121131322112230231020
300000100000102000000101010002001020201003020103011010102020101020211112103030030201112021212121131322112230231021311
300000100000102000000101010002001020201003020103011010102020101020211112103030030201112021212121131322112230231021312
300000100000102000000101010002001020201003020103011010102020101020211112103030030201112021212121131322112230231021313201103330
3000001000001020000001010100020010202010030201030110101020201010202111121030300302011120212121211313221122302310213132011033311120
3000001000001020000001010100020010202010030201030110101020201010202111121030300302011120212121211313221122302310213132011033311121
3000001000001020000001010100020010202010030201030110101020201010202111121030300302011120212121211313221122302310213132011033311122
3000001000001020000001010100020010202010030201030110101020201010202111121030300302011120212121211313221122302310213132011033311123
3000001000001020000001010100020010202010030201030110101020201010202111121030300302011120212121211313221122302310213132011033311130
3000001000001020000001010100020010202010030201030110101020201010202111121030300302011120212121211313221122302310213132011033311131
3000001000001020000001010100020010202010030201030110101020201010202111121030300302011120212121211313221122302310213132011033311132
3000001000001020000001010100020010202010030201030110101020201010202111121030300302011120212121211313221122302310213132011033311133
3000001000001020000001010100020010202010030201030110101020201010202111121030300302011120212121211313221122302310213132011033311211
30000010000010200000010101000200102020100302010301101010202010102021111210303003020111202121212113132211223023102131320110333112120
30000010000010200000010101000200102020100302010301101010202010102021111210303003020111202121212113132211223023102131320110333112121
3000001000001020000001010100020010202010030201030110101020201010202111121030300302011120212121211313221122302310213132011033311212221302
3000001000001020000001010100020010202010030201030110101020201010202111121030300302011120212121211313221122302310213132011033311212221303
3000001000001020000001010100020010202010030201030110101020201010202111121030300302011120212121211313221122302310213132011033311212221312
3000001000001020000001010100020010202010030201030110101020201010202111121030300302011120212121211313221122302310213132011033311212221313132211
3000001000001020000001010100020010202010030201030110101020201010202111121030300302011120212121211313221122302310213132011033311212221313132212303132
3000001000001020000001010100020010202010030201030110101020201010202111121030300302011120212121211313221122302310213132011033311212221313132212303133
30000010000010200000010101000200102020100302010301101010202010102021111210303003020111202121212113132211223023102131320110333112122213131322123032030301
3000001000001020000001010100020010202010030201030110101020201010202111121030300302011120212121211313221122302310213132011033311212221313132212303203030223
30000010000010200000010101000200102020100302010301101010202010102021111210303003020111202121212113132211223023102131320110333112122213131322123032030302322
30000010000010200000010101000200102020100302010301101010202010102021111210303003020111202121212113132211223023102131320110333112122213131322123032030302323
30000010000010200000010101000200102020100302010301101010202010102021111210303003020111202121212113132211223023102131320110333112122213131322123032030302330
30000010000010200000010101000200102020100302010301101010202010102021111210303003020111202121212113132211223023102131320110333112122213131322123032030302331
30000010000010200000010101000200102020100302010301101010202010102021111210303003020111202121212113132211223023102131320110333112122213131322123032030302332
30000010000010200000010101000200102020100302010301101010202010102021111210303003020111202121212113132211223023102131320110333112122213131322123032030302333
30000010000010200000010101000200102020100302010301101010202010102021111210303003020111202121212113132211223023102131320110333112122213131322123032030303
300000100000102000000101010002001020201003020103011010102020101020211112103030030201112021212121131322112230231021313201103331121222131313221230320303113
300000100000102000000101010002001020201003020103011010102020101020211112103030030201112021212121131322112230231021313201103331121222131313221230320303122321
30000010000010200000010101000200102020100302010301101010202010102021111210303003020111202121212113132211223023102131320110333112122213131322123032030312232213
3000001000001020000001010100020010202010030201030110101020201010202111121030300302011120212121211313221122302310213132011033311212221313132212303203031223222232
3000001000001020000001010100020010202010030201030110101020201010202111121030300302011120212121211313221122302310213132011033311212221313132212303203031223222233
3000001000001020000001010100020010202010030201030110101020201010202111121030300302011120212121211313221122302310213132011033311212221313132212303203031223223
3000001000001020000001010100020010202010030201030110101020201010202111121030300302011120212121211313221122302310213132011033311212221313132212303203031223230
3000001000001020000001010100020010202010030201030110101020201010202111121030300302011120212121211313221122302310213132011033311212221313132212303203031223231
3000001000001020000001010100020010202010030201030110101020201010202111121030300302011120212121211313221122302310213132011033311212221313132212303203031223232
3000001000001020000001010100020010202010030201030110101020201010202111121030300302011120212121211313221122302310213132011033311212221313132212303203031223233
300000100000102000000101010002001020201003020103011010102020101020211112103030030201112021212121131322112230231021313201103331121222131313221230320303122331
300000100000102000000101010002001020201003020103011010102020101020211112103030030201112021212121131322112230231021313201103331121222131313221230320303122332
300000100000102000000101010002001020201003020103011010102020101020211112103030030201112021212121131322112230231021313201103331121222131313221230320303122333
30000010000010200000010101000200102020100302010301101010202010102021111210303003020111202121212113132211223023102131320110333112122213131322123032030313
30000010000010200000010101000200102020100302010301101010202010102021111210303003020111202121212113132211223023102131320110333112122213131322123032031
30000010000010200000010101000200102020100302010301101010202010102021111210303003020111202121212113132211223023102131320110333112122213131322123032032233
30000010000010200000010101000200102020100302010301101010202010102021111210303003020111202121212113132211223023102131320110333112122213131322123032033
300000100000102000000101010002001020201003020103011010102020101020211112103030030201112021212121131322112230231021313201103331121222131313222
300000100000102000000101010002001020201003020103011010102020101020211112103030030201112021212121131322112230231021313201103331121222131313223
30000010000010200000010101000200102020100302010301101010202010102021111210303003020111202121212113132211223023102131320110333112122213131323
300000100000102000000101010002001020201003020103011010102020101020211112103030030201112021212121131322112230231021313201103331121222131313311
300000100000102000000101010002001020201003020103011010102020101020211112103030030201112021212121131322112230231021313201103331121222131313312
300000100000102000000101010002001020201003020103011010102020101020211112103030030201112021212121131322112230231021313201103331121222131313313
300000100000102000000101010002001020201003020103011010102020101020211112103030030201112021212121131322112230231021313201103331121222131313322
300000100000102000000101010002001020201003020103011010102020101020211112103030030201112021212121131322112230231021313201103331121222131313323
3000001000001020000001010100020010202010030201030110101020201010202111121030300302011120212121211313221122302310213132011033311212221313133302
3000001000001020000001010100020010202010030201030110101020201010202111121030300302011120212121211313221122302310213132011033311212221313133303
3000001000001020000001010100020010202010030201030110101020201010202111121030300302011120212121211313221122302310213132011033311212221313133312
3000001000001020000001010100020010202010030201030110101020201010202111121030300302011120212121211313221122302310213132011033311212221313133313
300000100000102000000101010002001020201003020103011010102020101020211112103030030201112021212121131322112230231021313201103331121222131313332
300000100000102000000101010002001020201003020103011010102020101020211112103030030201112021212121131322112230231021313201103331121222131313333
30000010000010200000010101000200102020100302010301101010202010102021111210303003020111202121212113132211223023102131320110333113
300000100000102000000101010002001020201003020103011010102020101020211112103030030201112021212121131322112230231021313201103332
300000100000102000000101010002001020201003020103011010102020101020211112103030030201112021212121131322112230231021313201103333
3000001000001020000001010100020010202010030201030110101020201010202111121030300302011120212121211313221122302310213132012
3000001000001020000001010100020010202010030201030110101020201010202111121030300302011120212121211313221122302310213132013
30000010000010200000010101000200102020100302010301101010202010102021111210303003020111202121212113132211223023102131320210
30000010000010200000010101000200102020100302010301101010202010102021111210303003020111202121212113132211223023102131320211
30000010000010200000010101000200102020100302010301101010202010102021111210303003020111202121212113132211223023102131320212
30000010000010200000010101000200102020100302010301101010202010102021111210303003020111202121212113132211223023102131320213
30000010000010200000010101000200102020100302010301101010202010102021111210303003020111202121212113132211223023102131320220
30000010000010200000010101000200102020100302010301101010202010102021111210303003020111202121212113132211223023102131320221
30000010000010200000010101000200102020100302010301101010202010102021111210303003020111202121212113132211223023102131320222
30000010000010200000010101000200102020100302010301101010202010102021111210303003020111202121212113132211223023102131320223
30000010000010200000010101000200102020100302010301101010202010102021111210303003020111202121212113132211223023102131320231
30000010000010200000010101000200102020100302010301101010202010102021111210303003020111202121212113132211223023102131320232
30000010000010200000010101000200102020100302010301101010202010102021111210303003020111202121212113132211223023102131320233
3000001000001020000001010100020010202010030201030110101020201010202111121030300302011120212121211313221122302310213132031
3000001000001020000001010100020010202010030201030110101020201010202111121030300302011120212121211313221122302310213132032
3000001000001020000001010100020010202010030201030110101020201010202111121030300302011120212121211313221122302310213132033
30000010000010200000010101000200102020100302010301101010202010102021111210303003020111202121212113132211223023102131321
30000010000010200000010101000200102020100302010301101010202010102021111210303003020111202121212113132211223023102131322
30000010000010200000010101000200102020100302010301101010202010102021111210303003020111202121212113132211223023102131323
30000010000010200000010101000200102020100302010301101010202010102021111210303003020111202121212113132211223023103
3000001000001020000001010100020010202010030201030110101020201010202111121030300302011120212121211313221122302311
3000001000001020000001010100020010202010030201030110101020201010202111121030300302011120212121211313221122302312
3000001000001020000001010100020010202010030201030110101020201010202111121030300302011120212121211313221122302313
3000001000001020000001010100020010202010030201030110101020201010202111121030300302011120212121211313221122303
3000001000001020000001010100020010202010030201030110101020201010202111121030300303
3000001000001020000001010100020010202010030201030110101020201010202111121030301
3000001000001020000001010100020010202010030201030110101020201010202111121030302
3000001000001020000001010100020010202010030201030110101020201010202111121030303
3000001000001020000001010100020010202010030201030110101020201010203
