0000
0100
02000000
0300
0010
00200
00300
0001
0002
0003
0110
0120
0130
0101
0102
0103
0210
02200
0230
02010
02020
02030
020010
020020
020030
0200010
0200020
0200030
02000010
02000020
020000300
02000001
02000002
02000003
0310
0320
0330
0301
0302
0303
0011
0012
0013
00210
00220
00230
00201
00202
00203
00310
00320
00330
00301
00302
00303
0111
0112
0113
0121
0122
0123
0131
0132
0133
0211
0212
0213
02210
02220
02230
02201
02202
02203
0231
0232
0233
02011
02012
02013
02021
02022
02023
02031
02032
02033
020011
020012
020013
020021
020022
020023
020031
020032
020033
0200011
0200012
0200013
02000210
02000220
02000230
0200031
0200032
0200033
02000011
02000012
02000013
02000021
02000022
02000023
020000310
020000320
020000330
020000301
020000302
020000303
0311
0312
0313
0321
0322
0323
0331
0332
0333
00211
00212
00213
00221
00222
00223
00231
00232
00233
00311
00312
00313
00321
00322
00323
00331
00332
00333
02211
02212
02213
02221
02222
02223
02231
02232
02233
02000211
02000212
02000213
02000221
02000222
02000223
02000231
02000232
02000233
020000311
020000312
020000313
020000321
020000322
020000323
020000331
020000332
020000333
20000000
2100
220
2300
2010
2020
20300
20010
200200
200300
200010
200020
200030
2000010
2000020
2000030
20000010
200000200
20000030
20000001
20000002
20000003
2110
2120
21300
2101
2102
2103
221
222
223
2310
2320
23300
2301
2302
2303
2011
2012
2013
2021
2022
2023
20310
20320
20330
20301
20302
20303
20011
20012
20013
200210
200220
200230
200201
200202
200203
200310
200320
200330
200301
200302
200303
200011
200012
200013
200021
200022
200023
200031
200032
200033
2000011
2000012
2000013
2000021
2000022
2000023
2000031
2000032
2000033
20000011
20000012
20000013
200000210
20000022
200000230
200000201
200000202
200000203
20000031
20000032
20000033
2111
2112
2113
2121
2122
2123
21310
21320
21330
21301
21302
21303
2311
2312
2313
2321
2322
2323
23310
23320
23330
23301
23302
23303
20311
20312
20313
20321
20322
20323
20331
20332
20333
200211
200212
200213
200221
200222
200223
200231
200232
200233
200311
200312
200313
200321
200322
200323
200331
200332
200333
200000211
200000212
200000213
200000231
200000232
200000233
21311
21312
21313
21321
21322
21323
21331
21332
21333
23311
23312
23313
23321
23322
23323
23331
23332
23333
10000
11000000
120
130
1010
1020
10300
10010
100200
100300
10001
10002
10003
1110
1120
11300
11010
110200
11030
110010
110020
110030
1100010
1100020
1100030
11000010
110000200
11000030
11000001
11000002
11000003
121
122
123
131
132
133
1011
1012
1013
1021
1022
1023
10310
10320
10330
10301
10302
10303
10011
10012
10013
100210
100220
100230
100201
100202
100203
100310
100320
100330
100301
100302
100303
1111
1112
1113
1121
1122
1123
11310
11320
11330
11301
11302
11303
11011
11012
11013
110210
110220
110230
110201
110202
110203
11031
11032
11033
110011
110012
110013
110021
110022
110023
110031
110032
110033
1100011
1100012
1100013
1100021
1100022
1100023
1100031
1100032
1100033
11000011
11000012
11000013
11000021
110000220
110000230
110000201
110000202
110000203
11000031
11000032
11000033
10311
10312
10313
10321
10322
10323
10331
10332
10333
100211
100212
100213
100221
100222
100223
100231
100232
100233
100311
100312
100313
100321
100322
100323
100331
100332
100333
11311
11312
11313
11321
11322
11323
11331
11332
11333
110211
110212
110213
110221
110222
110223
110231
110232
110233
110000221
110000222
110000223
110000231
110000232
110000233
3000
3100
32000000
3300
3010
30200
30300
3001
3002
3003
3110
3120
3130
3101
3102
3103
3210
32200
3230
32010
32020
32030
320010
320020
320030
3200010
32000200
3200030
32000010
32000020
320000300
32000001
32000002
32000003
3310
3320
3330
3301
3302
3303
3011
3012
3013
30210
30220
30230
30201
30202
30203
30310
30320
30330
30301
30302
30303
3111
3112
3113
3121
3122
3123
3131
3132
3133
3211
3212
3213
32210
32220
32230
32201
32202
32203
3231
3232
3233
32011
32012
32013
32021
32022
32023
32031
32032
32033
320011
320012
320013
320021
320022
320023
320031
320032
320033
3200011
3200012
3200013
32000210
32000220
3200023
32000201
32000202
32000203
3200031
3200032
3200033
32000011
32000012
32000013
32000021
32000022
32000023
320000310
320000320
320000330
320000301
320000302
320000303
3311
3312
3313
3321
3322
3323
3331
3332
3333
30211
30212
30213
30221
30222
30223
30231
30232
30233
30311
30312
30313
30321
30322
30323
30331
30332
30333
32211
32212
32213
32221
32222
32223
32231
32232
32233
32000211
32000212
32000213
32000221
32000222
32000223
320000311
320000312
320000313
320000321
320000322
320000323
320000331
320000332
320000333
