00010000011021012221310221013
0001000001102101222131022102
0001000001102101222131022103
000100000110210122213102221221130
0001000001102101222131022212211313
000100000110210122213102221221132
0001000001102101222131022212211333
0001000001102101222131022212212
0001000001102101222131022212213
000100000110210122213102221222
000100000110210122213102221223303
00010000011021012221310222122331
00010000011021012221310222122332
00010000011021012221310222122333
00010000011021012221310223
0001000001102101222131023
