00000000
0100
020
0300
0010
0020
0030
00010
00020
00030
0000100
000020
000030
0000010
0000020
0000030
00000010
00000020
00000030
00000001
00000002
00000003
0110
0120
0130
0101
0102
0103
021
022
023
0310
0320
0330
0301
0302
0303
0011
0012
0013
00210
00220
00230
0031
0032
0033
00011
00012
00013
00021
00022
00023
00031
00032
00033
0000110
0000120
0000130
0000101
0000102
0000103
000021
000022
000023
000031
000032
000033
0000011
0000012
0000013
0000021
0000022
0000023
0000031
0000032
0000033
00000011
00000012
00000013
00000021
00000022
00000023
00000031
00000032
00000033
0111
0112
0113
0121
0122
0123
0131
0132
0133
0311
0312
0313
0321
0322
0323
0331
0332
0333
00211
00212
00213
00221
00222
00223
00231
00232
00233
0000111
0000112
0000113
0000121
0000122
0000123
0000131
0000132
0000133
1000000
110
12000
130
1010
1020
1030
1001000
10020
10030
1000100
100020
100030
1000010
1000020
1000030
1000001
1000002
1000003
111
112
113
121
1220
1230
12010
12020
12030
12001
12002
12003
131
132
133
1011
1012
1013
1021
1022
1023
1031
1032
1033
100110
100120
100130
1001010
1001020
1001030
1001001
1001002
1001003
10021
10022
10023
10031
10032
10033
1000110
1000120
1000130
1000101
1000102
1000103
100021
100022
100023
100031
100032
100033
1000011
1000012
1000013
1000021
1000022
1000023
1000031
1000032
1000033
1221
1222
1223
1231
1232
1233
12011
12012
12013
12021
12022
12023
12031
12032
12033
100111
100112
100113
100121
100122
100123
100131
100132
100133
1001011
1001012
1001013
1001021
1001022
1001023
1001031
1001032
1001033
1000111
1000112
1000113
1000121
1000122
1000123
1000131
1000132
1000133
3000
31000000
320
330
30100
3020
30300
3001
3002
3003
3110
3120
31300
31010
31020
31030
310010
310020
310030
3100010
3100020
3100030
31000010
31000020
31000030
31000001
31000002
31000003
321
322
323
331
332
333
30110
30120
30130
30101
30102
30103
3021
3022
3023
30310
30320
30330
30301
30302
30303
3111
3112
3113
3121
3122
3123
31310
31320
3133
31301
31302
31303
31011
31012
31013
31021
31022
31023
31031
31032
31033
310011
310012
310013
310021
310022
310023
310031
310032
310033
3100011
3100012
3100013
3100021
3100022
3100023
3100031
3100032
3100033
31000011
31000012
31000013
31000021
31000022
31000023
31000031
31000032
31000033
30111
30112
30113
30121
30122
30123
30131
30132
30133
30311
30312
30313
30321
30322
30323
30331
30332
30333
31311
31312
31313
31321
31322
31323
2000
2100
220000
230000
2010
2020
2030
2001
2002
2003
2110
21200
2130
2101
2102
2103
2210
2220
2230
22010
22020
22030
220010
220020
220030
220001
220002
220003
2310
2320
2330
23010
23020
23030
230010
230020
230030
230001
230002
230003
2011
2012
2013
2021
2022
2023
2031
2032
2033
2111
2112
2113
21210
2122
21230
21201
21202
21203
2131
2132
2133
2211
2212
2213
2221
2222
2223
2231
2232
2233
22011
22012
22013
22021
22022
22023
22031
22032
22033
220011
220012
220013
220021
220022
220023
220031
220032
220033
2311
2312
2313
2321
2322
2323
2331
2332
2333
23011
23012
23013
23021
23022
23023
23031
23032
23033
230011
230012
230013
230021
230022
230023
230031
230032
230033
21211
21212
21213
21231
21232
21233
