00000000100101010010202011010020202030111212021020301103030
000000001001010100102020110100202020301112120210203011030311210
0000000010010101001020201101002020203011121202102030110303112113220
00000000100101010010202011010020202030111212021020301103031121132212021220
00000000100101010010202011010020202030111212021020301103031121132212021221
0000000010010101001020201101002020203011121202102030110303112113221202122230
000000001001010100102020110100202020301112120210203011030311211322120212223130301
000000001001010100102020110100202020301112120210203011030311211322120212223130302231111213030
000000001001010100102020110100202020301112120210203011030311211322120212223130302231111213031
000000001001010100102020110100202020301112120210203011030311211322120212223130302231111213032
0000000010010101001020201101002020203011121202102030110303112113221202122231303022311112130333
000000001001010100102020110100202020301112120210203011030311211322120212223130302231111213131312
000000001001010100102020110100202020301112120210203011030311211322120212223130302231111213131313
0000000010010101001020201101002020203011121202102030110303112113221202122231303022311112131313221
0000000010010101001020201101002020203011121202102030110303112113221202122231303022311112131313222
0000000010010101001020201101002020203011121202102030110303112113221202122231303022311112131313223
000000001001010100102020110100202020301112120210203011030311211322120212223130302231111213131323122
00000000100101010010202011010020202030111212021020301103031121132212021222313030223111121313132312323
00000000100101010010202011010020202030111212021020301103031121132212021222313030223111121313132312330332
0000000010010101001020201101002020203011121202102030110303112113221202122231303022311112131313231233033321
0000000010010101001020201101002020203011121202102030110303112113221202122231303022311112131313231233033322
0000000010010101001020201101002020203011121202102030110303112113221202122231303022311112131313231233033323
000000001001010100102020110100202020301112120210203011030311211322120212223130302231111213131323123303333
00000000100101010010202011010020202030111212021020301103031121132212021222313030223111121313132312331322311
00000000100101010010202011010020202030111212021020301103031121132212021222313030223111121313132312331322312
00000000100101010010202011010020202030111212021020301103031121132212021222313030223111121313132312331322313
00000000100101010010202011010020202030111212021020301103031121132212021222313030223111121313132312331322321
00000000100101010010202011010020202030111212021020301103031121132212021222313030223111121313132312331322322
00000000100101010010202011010020202030111212021020301103031121132212021222313030223111121313132312331322323
00000000100101010010202011010020202030111212021020301103031121132212021222313030223111121313132312331322332
000000001001010100102020110100202020301112120210203011030311211322120212223130302231111213131323123313223333
00000000100101010010202011010020202030111212021020301103031121132212021222313030223111121313132312332
00000000100101010010202011010020202030111212021020301103031121132212021222313030223111121313132312333
0000000010010101001020201101002020203011121202102030110303112113221202122231303022312
0000000010010101001020201101002020203011121202102030110303112113221202122231303022313
000000001001010100102020110100202020301112120210203011030311211322120212223130303
0000000010010101001020201101002020203011121202102030110303112113221202123
00000000100101010010202011010020202030111212021020302
00000000100101010010202011010020202030111212021020303
000000001001010100102020110100202020301113
000000001001010100103
10000001000101001020102020100203020030
100000010001010010201020201002030200311211322030110
100000010001010010201020201002030200311211322030111
100000010001010010201020201002030200311211322030112303010
1000000100010100102010202010020302003112113220301123030111212021020
1000000100010100102010202010020302003112113220301123030111212021021201131111213030
1000000100010100102010202010020302003112113220301123030111212021021201131111213031
1000000100010100102010202010020302003112113220301123030111212021021201131111213032
10000001000101001020102020100203020031121132203011230301112120210212011311112130333
1000000100010100102010202010020302003112113220301123030111212021021201131111213131220
1000000100010100102010202010020302003112113220301123030111212021021201131111213131221
1000000100010100102010202010020302003112113220301123030111212021021201131111213131222
1000000100010100102010202010020302003112113220301123030111212021021201131111213131223
10000001000101001020102020100203020031121132203011230301112120210212011311112131312303021312
10000001000101001020102020100203020031121132203011230301112120210212011311112131312303021313
10000001000101001020102020100203020031121132203011230301112120210212011311112131312303021321
100000010001010010201020201002030200311211322030112303011121202102120113111121313123030213221
100000010001010010201020201002030200311211322030112303011121202102120113111121313123030213222
100000010001010010201020201002030200311211322030112303011121202102120113111121313123030213223
10000001000101001020102020100203020031121132203011230301112120210212011311112131312303021323122
100000010001010010201020201002030200311211322030112303011121202102120113111121313123030213231232
1000000100010100102010202010020302003112113220301123030111212021021201131111213131230302132312331322301331
10000001000101001020102020100203020031121132203011230301112120210212011311112131312303021323123313223013322322
10000001000101001020102020100203020031121132203011230301112120210212011311112131312303021323123313223013322323
1000000100010100102010202010020302003112113220301123030111212021021201131111213131230302132312331322301332233
1000000100010100102010202010020302003112113220301123030111212021021201131111213131230302132312331322301333
1000000100010100102010202010020302003112113220301123030111212021021201131111213131230302132312331322302
1000000100010100102010202010020302003112113220301123030111212021021201131111213131230302132312331322303
1000000100010100102010202010020302003112113220301123030111212021021201131111213131230302132312331322313
1000000100010100102010202010020302003112113220301123030111212021021201131111213131230302132312331322321
1000000100010100102010202010020302003112113220301123030111212021021201131111213131230302132312331322322
1000000100010100102010202010020302003112113220301123030111212021021201131111213131230302132312331322323
1000000100010100102010202010020302003112113220301123030111212021021201131111213131230302132312331322332
10000001000101001020102020100203020031121132203011230301112120210212011311112131312303021323123313223333
1000000100010100102010202010020302003112113220301123030111212021021201131111213131230302132312332
1000000100010100102010202010020302003112113220301123030111212021021201131111213131230302132312333
1000000100010100102010202010020302003112113220301123030111212021021201131111213131230303
10000001000101001020102020100203020031121132203011230301112120210212011312
10000001000101001020102020100203020031121132203011230301112120210212011313
1000000100010100102010202010020302003112113220302
1000000100010100102010202010020302003112113220303
1000000100010100103
30001002000010001010010201020203010
300010020000100010100102010202030111212021020301103020030
3000100200001000101001020102020301112120210203011030200311210
30001002000010001010010201020203011121202102030110302003112113220
30001002000010001010010201020203011121202102030110302003112113221201131111213030
30001002000010001010010201020203011121202102030110302003112113221201131111213031
30001002000010001010010201020203011121202102030110302003112113221201131111213032313021220
30001002000010001010010201020203011121202102030110302003112113221201131111213032313021221
30001002000010001010010201020203011121202102030110302003112113221201131111213032313021222
300010020000100010100102010202030111212021020301103020031121132212011311112130323130212233
30001002000010001010010201020203011121202102030110302003112113221201131111213032313021230312
30001002000010001010010201020203011121202102030110302003112113221201131111213032313021230313
300010020000100010100102010202030111212021020301103020031121132212011311112130323130212303221
300010020000100010100102010202030111212021020301103020031121132212011311112130323130212303222
300010020000100010100102010202030111212021020301103020031121132212011311112130323130212303223
30001002000010001010010201020203011121202102030110302003112113221201131111213032313021230323122
300010020000100010100102010202030111212021020301103020031121132212011311112130323130212303231232
3000100200001000101001020102020301112120210203011030200311211322120113111121303231302123032312331313322321
3000100200001000101001020102020301112120210203011030200311211322120113111121303231302123032312331313322322
3000100200001000101001020102020301112120210203011030200311211322120113111121303231302123032312331313322323
3000100200001000101001020102020301112120210203011030200311211322120113111121303231302123032312331313322333
300010020000100010100102010202030111212021020301103020031121132212011311112130323130212303231233131333
3000100200001000101001020102020301112120210203011030200311211322120113111121303231302123032312331322301
3000100200001000101001020102020301112120210203011030200311211322120113111121303231302123032312331322302
3000100200001000101001020102020301112120210203011030200311211322120113111121303231302123032312331322303
3000100200001000101001020102020301112120210203011030200311211322120113111121303231302123032312331322311
3000100200001000101001020102020301112120210203011030200311211322120113111121303231302123032312331322312
3000100200001000101001020102020301112120210203011030200311211322120113111121303231302123032312331322313
3000100200001000101001020102020301112120210203011030200311211322120113111121303231302123032312331322321
3000100200001000101001020102020301112120210203011030200311211322120113111121303231302123032312331322322
3000100200001000101001020102020301112120210203011030200311211322120113111121303231302123032312331322323
300010020000100010100102010202030111212021020301103020031121132212011311112130323130212303231233132233133
3000100200001000101001020102020301112120210203011030200311211322120113111121303231302123032312331322332
3000100200001000101001020102020301112120210203011030200311211322120113111121303231302123032312331322333
3000100200001000101001020102020301112120210203011030200311211322120113111121303231302123032312332
3000100200001000101001020102020301112120210203011030200311211322120113111121303231302123032312333
3000100200001000101001020102020301112120210203011030200311211322120113111121303231303
300010020000100010100102010202030111212021020301103020031121132212011312
300010020000100010100102010202030111212021020301103020031121132212011313
300010020000100010100102010202030111212021020302
300010020000100010100102010202030111212021020303
300010020000100010100103
2000100000020100201010010201020301103020030
20001000000201002010100102010203011030200311210
2000100000020100201010010201020301103020031121132212011030111212021020
20001000000201002010100102010203011030200311211322120110301112120210213030
20001000000201002010100102010203011030200311211322120110301112120210213031
2000100000020100201010010201020301103020031121132212011030111212021021303230
20001000000201002010100102010203011030200311211322120110301112120210213032313021220
20001000000201002010100102010203011030200311211322120110301112120210213032313021221
20001000000201002010100102010203011030200311211322120110301112120210213032313021222
200010000002010020101001020102030110302003112113221201103011121202102130323130212233
20001000000201002010100102010203011030200311211322120110301112120210213032313021230312
20001000000201002010100102010203011030200311211322120110301112120210213032313021230313
200010000002010020101001020102030110302003112113221201103011121202102130323130212303221
200010000002010020101001020102030110302003112113221201103011121202102130323130212303222
200010000002010020101001020102030110302003112113221201103011121202102130323130212303223
2000100000020100201010010201020301103020031121132212011030111212021021303231302123032311121
2000100000020100201010010201020301103020031121132212011030111212021021303231302123032311122
20001000000201002010100102010203011030200311211322120110301112120210213032313021230323111232
2000100000020100201010010201020301103020031121132212011030111212021021303231302123032311123312
200010000002010020101001020102030110302003112113221201103011121202102130323130212303231112331313322311
200010000002010020101001020102030110302003112113221201103011121202102130323130212303231112331313322312
2000100000020100201010010201020301103020031121132212011030111212021021303231302123032311123313133223132
2000100000020100201010010201020301103020031121132212011030111212021021303231302123032311123313133223133
200010000002010020101001020102030110302003112113221201103011121202102130323130212303231112331313322322
200010000002010020101001020102030110302003112113221201103011121202102130323130212303231112331313322323
200010000002010020101001020102030110302003112113221201103011121202102130323130212303231112331313322333
20001000000201002010100102010203011030200311211322120110301112120210213032313021230323111233131333
200010000002010020101001020102030110302003112113221201103011121202102130323130212303231112331322301
200010000002010020101001020102030110302003112113221201103011121202102130323130212303231112331322302
200010000002010020101001020102030110302003112113221201103011121202102130323130212303231112331322303
200010000002010020101001020102030110302003112113221201103011121202102130323130212303231112331322311
200010000002010020101001020102030110302003112113221201103011121202102130323130212303231112331322312
200010000002010020101001020102030110302003112113221201103011121202102130323130212303231112331322313
200010000002010020101001020102030110302003112113221201103011121202102130323130212303231112331322321
200010000002010020101001020102030110302003112113221201103011121202102130323130212303231112331322322
200010000002010020101001020102030110302003112113221201103011121202102130323130212303231112331322323
20001000000201002010100102010203011030200311211322120110301112120210213032313021230323111233132233133
200010000002010020101001020102030110302003112113221201103011121202102130323130212303231112331322332
200010000002010020101001020102030110302003112113221201103011121202102130323130212303231112331322333
2000100000020100201010010201020301103020031121132212011030111212021021303231303
20001000000201002010100102010203011030200311211322120110301113
2000100000020100201010010201020302
2000100000020100201010010201020303
20001000000201002010100103
