0000
010000
0200
030
0010
0020
00300
0001
0002
0003
0110
0120
0130
01010
01020
01030
010010
010020
010030
010001
010002
010003
0210
0220
0230
0201
0202
0203
031
032
033
0011
0012
0013
0021
0022
0023
00310
00320
00330
00301
00302
00303
0111
0112
0113
01210
01220
01230
0131
0132
0133
01011
01012
01013
01021
01022
01023
01031
01032
01033
010011
010012
010013
010021
010022
010023
010031
010032
010033
0211
0212
0213
0221
0222
0223
0231
0232
0233
00311
00312
00313
00321
00322
00323
00331
00332
00333
01211
01212
01213
01221
01222
01223
01231
01232
01233
100
11000
120
13000
101
102
103
1110
1120
1130
11010
11020
11030
11001
11002
11003
121
122
123
1310
1320
1330
130100
130200
13030
13001
13002
13003
1111
1112
1113
1121
1122
1123
1131
1132
1133
11011
11012
11013
11021
11022
11023
11031
11032
11033
1311
1312
1313
1321
1322
1323
1331
1332
1333
130110
1301200
130130
130101
130102
130103
130210
130220
130230
130201
130202
130203
13031
13032
13033
130111
130112
130113
130121
1301220
1301230
1301201
1301202
1301203
130131
130132
130133
130211
130212
130213
130221
130222
130223
130231
130232
130233
1301221
1301222
1301223
1301231
1301232
1301233
2000
21000
220
230
2010
2020
2030
2001
2002
2003
21100
21200
2130
21010
21020
210300
21001
21002
21003
221
222
223
231
232
233
2011
2012
2013
2021
2022
2023
2031
2032
2033
21110
211200
21130
21101
21102
21103
21210
21220
21230
21201
21202
21203
2131
2132
2133
21011
21012
21013
21021
21022
21023
210310
210320
210330
210301
210302
210303
21111
21112
21113
211210
21122
211230
211201
211202
211203
21131
21132
21133
21211
21212
21213
21221
21222
21223
21231
21232
21233
210311
210312
210313
210321
210322
210323
210331
210332
210333
211211
211212
211213
211231
211232
211233
300
310
32000
330
301
302
303
311
312
313
321000
32200
3230
32010
32020
320300
32001
32002
32003
331
332
333
32110
321200
32130
321010
321020
321030
321001
321002
321003
32210
32220
32230
32201
32202
32203
3231
3232
3233
32011
32012
32013
32021
32022
32023
320310
320320
320330
320301
320302
320303
32111
32112
32113
321210
321220
32123
321201
321202
321203
32131
32132
32133
321011
321012
321013
321021
321022
321023
321031
321032
321033
32211
32212
32213
32221
32222
32223
32231
32232
32233
320311
320312
320313
320321
320322
320323
320331
320332
320333
321211
321212
321213
321221
321222
321223
