00100020010102000102011011111210303030202120
001000200101020001020110111112103030302021212211312312
001000200101020001020110111112103030302021212211312313030
001000200101020001020110111112103030302021212211312313031313223220
001000200101020001020110111112103030302021212211312313031313223221
00100020010102000102011011111210303030202121221131231303131322322230332331
00100020010102000102011011111210303030202121221131231303131322322230332332
00100020010102000102011011111210303030202121221131231303131322322230332333
0010002001010200010201101111121030303020212122113123130313133
001000200101020001020110111112103030302021212211313
001000200101020001020110111112103030302021212211321
001000200101020001020110111112103030302021212211322
001000200101020001020110111112103030302021212211323
001000200101020001020110111112103030302021212211331
001000200101020001020110111112103030302021212211332
001000200101020001020110111112103030302021212211333
0010002001010200010201101111122
0010002001010200010201101111123
0010002001010200010201101112
0010002001010200010201101113
0010002001010200010201102
0010002001010200010201103
100001101200101020001020111112103020302021212211313030
100001101200101020001020111112103020302021212211313031313223220
100001101200101020001020111112103020302021212211313031313223221
1000011012001010200010201111121030203020212122113130313132232223033123233133
10000110120010102000102011111210302030202121221131303131322322230331232332
10000110120010102000102011111210302030202121221131303131322322230331232333
100001101200101020001020111112103020302021212211321
100001101200101020001020111112103020302021212211322
100001101200101020001020111112103020302021212211323
100001101200101020001020111112103020302021212211330
100001101200101020001020111112103020302021212211331
100001101200101020001020111112103020302021212211332
100001101200101020001020111112103020302021212211333
10000110120010102000102011111210303
1000011012001010200010201111122
1000011012001010200010201111123
1000011012001010200010201112
1000011012001010200010201113
100001102
100001103
2001000010102000102011011111210302120302021213030
2001000010102000102011011111210302120302021213031
200100001010200010201101111121030212030202121303211312220
200100001010200010201101111121030212030202121303211312221
20010000101020001020110111112103021203020212130321131222230331232331313223
200100001010200010201101111121030212030202121303211312222303312323313133
20010000101020001020110111112103021203020212130321131222230331232332
20010000101020001020110111112103021203020212130321131222230331232333
200100001010200010201101111121030212030202121303211313
200100001010200010201101111121030212030202121303211322
200100001010200010201101111121030212030202121303211323
200100001010200010201101111121030212030202121303211330
200100001010200010201101111121030212030202121303211331
200100001010200010201101111121030212030202121303211332
200100001010200010201101111121030212030202121303211333
2001000010102000102011011111210303
200100001010200010201101111122
200100001010200010201101111123
200100001010200010201101112
200100001010200010201101113
200100001010200010201102
200100001010200010201103
3001000010102000102011011111210302030202120
30010000101020001020110111112103020302021212211312312
30010000101020001020110111112103020302021212211312313030
30010000101020001020110111112103020302021212211312313031313223220
30010000101020001020110111112103020302021212211312313031313223221
3001000010102000102011011111210302030202121221131231303131322322230332331
3001000010102000102011011111210302030202121221131231303131322322230332332
3001000010102000102011011111210302030202121221131231303131322322230332333
300100001010200010201101111121030203020212122113123130313133
30010000101020001020110111112103020302021212211313
30010000101020001020110111112103020302021212211321
30010000101020001020110111112103020302021212211322
30010000101020001020110111112103020302021212211323
30010000101020001020110111112103020302021212211331
30010000101020001020110111112103020302021212211332
30010000101020001020110111112103020302021212211333
3001000010102000102011011111210303
300100001010200010201101111122
300100001010200010201101111123
300100001010200010201101112
300100001010200010201101113
300100001010200010201102
300100001010200010201103
