00001010010203020302010
0000101001020302030201112111213130
0000101001020302030201112111213131
000010100102030203020111211121313221
000010100102030203020111211121313222312
0000101001020302030201112111213132223133
0000101001020302030201112111213132223203
000010100102030203020111211121313222321
000010100102030203020111211121313222322302
00001010010203020302011121112131322232230312232
00001010010203020302011121112131322232230312233
00001010010203020302011121112131322232230313
00001010010203020302011121112131322232230323
00001010010203020302011121112131322232230333
10000100102030203010
10000100102030203011201130
10000100102030203011201131
100001001020302030112011321112131
10000100102030203011201132111213221
10000100102030203011201132111213222312
100001001020302030112011321112132223133
100001001020302030112011321112132223202
100001001020302030112011321112132223203
10000100102030203011201132111213222321
10000100102030203011201132111213222322302
1000010010203020301120113211121322232230312233
1000010010203020301120113211121322232230313
1000010010203020301120113211121322232230323
1000010010203020301120113211121322232230333
200001010010203020302010
20000101001020302030201112111213130
20000101001020302030201112111213131
2000010100102030203020111211121313221
2000010100102030203020111211121313222312
20000101001020302030201112111213132223133
2000010100102030203020111211121313222321
2000010100102030203020111211121313222322302
200001010010203020302011121112131322232230312232
200001010010203020302011121112131322232230312233
200001010010203020302011121112131322232230313
200001010010203020302011121112131322232230323
200001010010203020302011121112131322232230333
200001010010203020303
3000010100102030203010
300001010010203020301120202111213130
300001010010203020301120202111213131
30000101001020302030112020211121313221
30000101001020302030112020211121313222311
30000101001020302030112020211121313222312
300001010010203020301120202111213132223133
30000101001020302030112020211121313222321
30000101001020302030112020211121313222322312232
30000101001020302030112020211121313222322312233
30000101001020302030112020211121313222322313
30000101001020302030112020211121313222322323
30000101001020302030112020211121313222322333
300001010010203020301120203
3000010100102030203011203
