000010210003101100
000010210003101101101
00001021000310110110211203
0000102100031011011021121
0000102100031011011021122201
0000102100031011011021122202323
00001021000310110110211222023330032
00001021000310110110211222023330033122
000010210003101101102112220233300331233
00001021000310110110211222023330033221
00001021000310110110211222023330033222
00001021000310110110211222023330033223
0000102100031011011021122202333003323
000010210003101101102112220233300333
00001021000310110110211222023331
000010210003101101102112220233323
0000102100031011012
0000102100031011013
00001021000310111
00001021000310112
00001021000310113
