00
0100
020
03000
0110
0120
0130
0101
0102
0103
021
022
023
0310
0320
0330
03010
03020
03030
03001
03002
03003
0111
0112
0113
0121
0122
0123
0131
0132
0133
0311
0312
0313
0321
0322
0323
0331
0332
0333
03011
03012
03013
03021
03022
03023
03031
03032
03033
100
11000
120
130
101
102
103
11100
1120
1130
11010
11020
11030
11001
11002
11003
121
122
123
131
132
133
1111
11120
11130
11101
11102
11103
1121
1122
1123
1131
1132
1133
11011
11012
11013
11021
11022
11023
11031
11032
11033
11121
11122
11123
11131
11132
11133
200
2100
22
23000
201
202
203
2110
2120
2130
2101
2102
2103
2310
2320
2330
23010
23020
23030
23001
23002
23003
2111
2112
2113
2121
2122
2123
2131
2132
2133
2311
2312
2313
2321
2322
2323
2331
2332
2333
23011
23012
23013
23021
23022
23023
23031
23032
23033
3000
3100
320
330
3010
3020
3030
3001
3002
3003
31100
3120
313
3101
3102
3103
321
322
323
331
332
333
3011
3012
3013
3021
3022
3023
3031
3032
3033
31110
31120
31130
31101
31102
31103
3121
3122
3123
31111
31112
31113
31121
31122
31123
31131
31132
31133
