1000010203001011102120311213013112020
1000010203001011102120311213013112021
100001020300101110212031121301311202230
100001020300101110212031121301311202231
10000102030010111021203112130131120223223212
100001020300101110212031121301311202232232133302
100001020300101110212031121301311202232232133303
100001020300101110212031121301311202232232133313222
100001020300101110212031121301311202232232133313223
100001020300101110212031121301311202232232133313232
100001020300101110212031121301311202232232133313233
1000010203001011102120311213013112022322321333133
100001020300101110212031121301311203
30000102030010111021203112130131020
30000102030010111021203112130131021
3000010203001011102120311213013102230
3000010203001011102120311213013102231
300001020300101110212031121301310223223202
3000010203001011102120311213013102232232033311212
3000010203001011102120311213013102232232033311213
3000010203001011102120311213013102232232033311222
3000010203001011102120311213013102232232033311223
3000010203001011102120311213013102232232033311232
3000010203001011102120311213013102232232033311233
300001020300101110212031121301310223223203331132
300001020300101110212031121301310223223203331133
3000010203001011102120311213013103
0000102030010111021203112130131020
0000102030010111021203112130131021
000010203001011102120311213013102230
000010203001011102120311213013102231
00001020300101110212031121301310223223202
000010203001011102120311213013102232232033303
000010203001011102120311213013102232232033311212
000010203001011102120311213013102232232033311213
000010203001011102120311213013102232232033311222
000010203001011102120311213013102232232033311223
000010203001011102120311213013102232232033311232
000010203001011102120311213013102232232033311233
00001020300101110212031121301310223223203331132
00001020300101110212031121301310223223203331133
2000100201020301110212031121300
200010020102030111021203112130131021
20001002010203011102120311213013102230
20001002010203011102120311213013102231
2000100201020301110212031121301310223223212
20001002010203011102120311213013102232232133303
20001002010203011102120311213013102232232133311222
20001002010203011102120311213013102232232133311223
20001002010203011102120311213013102232232133311232
20001002010203011102120311213013102232232133311233
2000100201020301110212031121301310223223213331132
2000100201020301110212031121301310223223213331133
20001003
