0,8,0
0,0
0,13,7,15,11,11
0,4,11
0,8,15
0,8,14,8
0,8,5,16,8
0,13,13
0,13,12,9,9
0,13,2,3,8
0,13,7,0
0,13,7,14
0,13,7,15,1,4
0,13,7,15,9
0,13,7,15,11,16
0,13,7,15,11,8
0,13,7,15,11,10,13
0,4,14
0,4,13
0,4,6,10
0,8,14,5
0,8,14,17,7
0,8,14,3
0,8,5,9
0,8,5,17
0,8,5,8
0,8,5,16,16
0,8,5,16,2
0,13,12,2
0,13,12,12
0,13,12,16
0,13,12,9,13
0,13,12,9,5
0,13,12,9,4
0,13,2,12
0,13,2,11
0,13,2,13
0,13,2,3,5
0,13,2,3,10
0,13,7,15,1,9
0,13,7,15,1,2
0,13,7,15,1,8
0,13,7,15,11,10,15
0,13,7,15,11,10,6
0,4,6,3
0,4,6,16
0,4,6,2
0,8,14,17,5
0,8,14,17,17
0,8,14,17,6
