0001000000101100200110001000000201002003021010203030
00010000001011002001100010000002010020030210102030310110210120
000100000010110020011000100000020100200302101020303101102101211003111011202011201302022032203010
00010000001011002001100010000002010020030210102030310110210121100311101120201120130202203220301120
0001000000101100200110001000000201002003021010203031011021012110031110112020112013020220322030112130
000100000010110020011000100000020100200302101020303101102101211003111011202011201302022032203011213101
00010000001011002001100010000002010020030210102030310110210121100311101120201120130202203220301121310210
00010000001011002001100010000002010020030210102030310110210121100311101120201120130202203220301121310211
0001000000101100200110001000000201002003021010203031011021012110031110112020112013020220322030112131021220
00010000001011002001100010000002010020030210102030310110210121100311101120201120130202203220301121310212211021
0001000000101100200110001000000201002003021010203031011021012110031110112020112013020220322030112131021221102230301212031112
00010000001011002001100010000002010020030210102030310110210121100311101120201120130202203220301121310212211022303012120311130
00010000001011002001100010000002010020030210102030310110210121100311101120201120130202203220301121310212211022303012120311131
000100000010110020011000100000020100200302101020303101102101211003111011202011201302022032203011213102122110223030121203111323320
00010000001011002001100010000002010020030210102030310110210121100311101120201120130202203220301121310212211022303012120311132332130013
00010000001011002001100010000002010020030210102030310110210121100311101120201120130202203220301121310212211022303012120311132332130022031023
00010000001011002001100010000002010020030210102030310110210121100311101120201120130202203220301121310212211022303012120311132332130022031031
0001000000101100200110001000000201002003021010203031011021012110031110112020112013020220322030112131021221102230301212031113233213002203103230132111121
000100000010110020011000100000020100200302101020303101102101211003111011202011201302022032203011213102122110223030121203111323321300220310323013211112221
0001000000101100200110001000000201002003021010203031011021012110031110112020112013020220322030112131021221102230301212031113233213002203103230132111122223130
0001000000101100200110001000000201002003021010203031011021012110031110112020112013020220322030112131021221102230301212031113233213002203103230132111122223131
0001000000101100200110001000000201002003021010203031011021012110031110112020112013020220322030112131021221102230301212031113233213002203103230132111122223132
0001000000101100200110001000000201002003021010203031011021012110031110112020112013020220322030112131021221102230301212031113233213002203103230132111122223133320121
0001000000101100200110001000000201002003021010203031011021012110031110112020112013020220322030112131021221102230301212031113233213002203103230132111122223133320122
0001000000101100200110001000000201002003021010203031011021012110031110112020112013020220322030112131021221102230301212031113233213002203103230132111122223133320123301
0001000000101100200110001000000201002003021010203031011021012110031110112020112013020220322030112131021221102230301212031113233213002203103230132111122223133320123302122
000100000010110020011000100000020100200302101020303101102101211003111011202011201302022032203011213102122110223030121203111323321300220310323013211112222313332012330212312210
000100000010110020011000100000020100200302101020303101102101211003111011202011201302022032203011213102122110223030121203111323321300220310323013211112222313332012330212312211310230
000100000010110020011000100000020100200302101020303101102101211003111011202011201302022032203011213102122110223030121203111323321300220310323013211112222313332012330212312211310231
000100000010110020011000100000020100200302101020303101102101211003111011202011201302022032203011213102122110223030121203111323321300220310323013211112222313332012330212312211310232
0001000000101100200110001000000201002003021010203031011021012110031110112020112013020220322030112131021221102230301212031113233213002203103230132111122223133320123302123122113102333
0001000000101100200110001000000201002003021010203031011021012110031110112020112013020220322030112131021221102230301212031113233213002203103230132111122223133320123302123122113103
0001000000101100200110001000000201002003021010203031011021012110031110112020112013020220322030112131021221102230301212031113233213002203103230132111122223133320123302123122113112
000100000010110020011000100000020100200302101020303101102101211003111011202011201302022032203011213102122110223030121203111323321300220310323013211112222313332012330212312211311311
000100000010110020011000100000020100200302101020303101102101211003111011202011201302022032203011213102122110223030121203111323321300220310323013211112222313332012330212312211311312
000100000010110020011000100000020100200302101020303101102101211003111011202011201302022032203011213102122110223030121203111323321300220310323013211112222313332012330212312211311313303
00010000001011002001100010000002010020030210102030310110210121100311101120201120130202203220301121310212211022303012120311132332130022031032301321111222231333201233021231221131131331220303232
0001000000101100200110001000000201002003021010203031011021012110031110112020112013020220322030112131021221102230301212031113233213002203103230132111122223133320123302123122113113133122030323312
000100000010110020011000100000020100200302101020303101102101211003111011202011201302022032203011213102122110223030121203111323321300220310323013211112222313332012330212312211311313312203032331321
000100000010110020011000100000020100200302101020303101102101211003111011202011201302022032203011213102122110223030121203111323321300220310323013211112222313332012330212312211311313312203032331322
00010000001011002001100010000002010020030210102030310110210121100311101120201120130202203220301121310212211022303012120311132332130022031032301321111222231333201233021231221131131331220303233132320
00010000001011002001100010000002010020030210102030310110210121100311101120201120130202203220301121310212211022303012120311132332130022031032301321111222231333201233021231221131131331220303233132321
00010000001011002001100010000002010020030210102030310110210121100311101120201120130202203220301121310212211022303012120311132332130022031032301321111222231333201233021231221131131331220303233132322
00010000001011002001100010000002010020030210102030310110210121100311101120201120130202203220301121310212211022303012120311132332130022031032301321111222231333201233021231221131131331220303233132323
000100000010110020011000100000020100200302101020303101102101211003111011202011201302022032203011213102122110223030121203111323321300220310323013211112222313332012330212312211311313312203032331323302
000100000010110020011000100000020100200302101020303101102101211003111011202011201302022032203011213102122110223030121203111323321300220310323013211112222313332012330212312211311313312203032331323303122
000100000010110020011000100000020100200302101020303101102101211003111011202011201302022032203011213102122110223030121203111323321300220310323013211112222313332012330212312211311313312203032331323303123
000100000010110020011000100000020100200302101020303101102101211003111011202011201302022032203011213102122110223030121203111323321300220310323013211112222313332012330212312211311313312203032331323303133
00010000001011002001100010000002010020030210102030310110210121100311101120201120130202203220301121310212211022303012120311132332130022031032301321111222231333201233021231221131131331220303233132330320
00010000001011002001100010000002010020030210102030310110210121100311101120201120130202203220301121310212211022303012120311132332130022031032301321111222231333201233021231221131131331220303233132330321
00010000001011002001100010000002010020030210102030310110210121100311101120201120130202203220301121310212211022303012120311132332130022031032301321111222231333201233021231221131131331220303233132330322
00010000001011002001100010000002010020030210102030310110210121100311101120201120130202203220301121310212211022303012120311132332130022031032301321111222231333201233021231221131131331220303233132330323
00010000001011002001100010000002010020030210102030310110210121100311101120201120130202203220301121310212211022303012120311132332130022031032301321111222231333201233021231221131131331220303233132330330
00010000001011002001100010000002010020030210102030310110210121100311101120201120130202203220301121310212211022303012120311132332130022031032301321111222231333201233021231221131131331220303233132330331
00010000001011002001100010000002010020030210102030310110210121100311101120201120130202203220301121310212211022303012120311132332130022031032301321111222231333201233021231221131131331220303233132330332
00010000001011002001100010000002010020030210102030310110210121100311101120201120130202203220301121310212211022303012120311132332130022031032301321111222231333201233021231221131131331220303233132330333130
00010000001011002001100010000002010020030210102030310110210121100311101120201120130202203220301121310212211022303012120311132332130022031032301321111222231333201233021231221131131331220303233132330333131321
00010000001011002001100010000002010020030210102030310110210121100311101120201120130202203220301121310212211022303012120311132332130022031032301321111222231333201233021231221131131331220303233132330333131322
00010000001011002001100010000002010020030210102030310110210121100311101120201120130202203220301121310212211022303012120311132332130022031032301321111222231333201233021231221131131331220303233132330333131323
00010000001011002001100010000002010020030210102030310110210121100311101120201120130202203220301121310212211022303012120311132332130022031032301321111222231333201233021231221131131331220303233132330333131330
00010000001011002001100010000002010020030210102030310110210121100311101120201120130202203220301121310212211022303012120311132332130022031032301321111222231333201233021231221131131331220303233132330333131331
00010000001011002001100010000002010020030210102030310110210121100311101120201120130202203220301121310212211022303012120311132332130022031032301321111222231333201233021231221131131331220303233132330333131332
00010000001011002001100010000002010020030210102030310110210121100311101120201120130202203220301121310212211022303012120311132332130022031032301321111222231333201233021231221131131331220303233132330333131333
000100000010110020011000100000020100200302101020303101102101211003111011202011201302022032203011213102122110223030121203111323321300220310323013211112222313332012330212312211311313312203032331323303331323
000100000010110020011000100000020100200302101020303101102101211003111011202011201302022032203011213102122110223030121203111323321300220310323013211112222313332012330212312211311313312203032331323303331332
00010000001011002001100010000002010020030210102030310110210121100311101120201120130202203220301121310212211022303012120311132332130022031032301321111222231333201233021231221131131331220303233132330333133322
00010000001011002001100010000002010020030210102030310110210121100311101120201120130202203220301121310212211022303012120311132332130022031032301321111222231333201233021231221131131331220303233132330333133323
00010000001011002001100010000002010020030210102030310110210121100311101120201120130202203220301121310212211022303012120311132332130022031032301321111222231333201233021231221131131331220303233132330333133333
00010000001011002001100010000002010020030210102030310110210121100311101120201120130202203220301121310212211022303012120311132332130022031032301321111222231333201233021231221131131331220303233133
0001000000101100200110001000000201002003021010203031011021012110031110112020112013020220322030112131021221102230301212031113233213002203103230132111122223133320123302123122113113133123
000100000010110020011000100000020100200302101020303101102101211003111011202011201302022032203011213102122110223030121203111323321300220310323013211112222313332012330212312211311313313
00010000001011002001100010000002010020030210102030310110210121100311101120201120130202203220301121310212211022303012120311132332130022031032301321111222231333201233021231221132
00010000001011002001100010000002010020030210102030310110210121100311101120201120130202203220301121310212211022303012120311132332130022031032301321111222231333201233021231221133
000100000010110020011000100000020100200302101020303101102101211003111011202011201302022032203011213102122110223030121203111323321300220310323013211112222313332012330212313
000100000010110020011000100000020100200302101020303101102101211003111011202011201302022032203011213102122110223030121203111323321300220310323013211112222313332012330213
00010000001011002001100010000002010020030210102030310110210121100311101120201120130202203220301121310212211022303012120311132332130022031032301321111222231333202
00010000001011002001100010000002010020030210102030310110210121100311101120201120130202203220301121310212211022303012120311132332130022031032301321111222231333203
0001000000101100200110001000000201002003021010203031011021012110031110112020112013020220322030112131021221102230301212031113233213002203103230132111123
00010000001011002001100010000002010020030210102030310110210121100311101120201120130202203220301121310212211022303012120311132332130022031032302
00010000001011002001100010000002010020030210102030310110210121100311101120201120130202203220301121310212211022303012120311132332130022031032303
000100000010110020011000100000020100200302101020303101102101211003111011202011201302022032203011213102122110223030121203112
000100000010110020011000100000020100200302101020303101102101211003111011202011201302022032203011213102122110223030121203113
00010000001011002001100010000002010020030210102030310110210121100311101120201120130202203220301122
00010000001011002001100010000002010020030210102030310110210121100311101120201120130202203220301123
000100000010110020011000100000020100200302101020303101102101211003111011203
000100000010110020011000100000020100200302101020303101102101211003111011212
000100000010110020011000100000020100200302101020303101102101211003111011213
00010000001011002001100010000002010020030210102030310110210121100311101122
00010000001011002001100010000002010020030210102030310110210121100311101123
00010000001011002001100010000002010020030210102030310110210121100311102
00010000001011002001100010000002010020030210102030310110210121100311103
0001000000101100200111
0001000000101100200112
0001000000101100200113
000101
000102
000103
200010000000010000001011002001101101201002003021010203020
200010000000010000001011002001101101201002003021010203021100311101022020130301030
200010000000010000001011002001101101201002003021010203021100311101022020130301031011120210120220321210130
2000100000000100000010110020011011012010020030210102030211003111010220201303010310111202101202203212101311021
200010000000010000001011002001101101201002003021010203021100311101022020130301031011120210120220321210131102210
200010000000010000001011002001101101201002003021010203021100311101022020130301031011120210120220321210131102211
20001000000001000000101100200110110120100200302101020302110031110102202013030103101112021012022032121013110221220
200010000000010000001011002001101101201002003021010203021100311101022020130301031011120210120220321210131102212212030223031112
2000100000000100000010110020011011012010020030210102030211003111010220201303010310111202101202203212101311022122120302230311130
2000100000000100000010110020011011012010020030210102030211003111010220201303010310111202101202203212101311022122120302230311131
20001000000001000000101100200110110120100200302101020302110031110102202013030103101112021012022032121013110221221203022303111323320
2000100000000100000010110020011011012010020030210102030211003111010220201303010310111202101202203212101311022122120302230311132332130013
2000100000000100000010110020011011012010020030210102030211003111010220201303010310111202101202203212101311022122120302230311132332130022031121
20001000000001000000101100200110110120100200302101020302110031110102202013030103101112021012022032121013110221221203022303111323321300220311221112221
200010000000010000001011002001101101201002003021010203021100311101022020130301031011120210120220321210131102212212030223031113233213002203112211122223120
200010000000010000001011002001101101201002003021010203021100311101022020130301031011120210120220321210131102212212030223031113233213002203112211122223121
200010000000010000001011002001101101201002003021010203021100311101022020130301031011120210120220321210131102212212030223031113233213002203112211122223122
200010000000010000001011002001101101201002003021010203021100311101022020130301031011120210120220321210131102212212030223031113233213002203112211122223123
200010000000010000001011002001101101201002003021010203021100311101022020130301031011120210120220321210131102212212030223031113233213002203112211122223130
20001000000001000000101100200110110120100200302101020302110031110102202013030103101112021012022032121013110221221203022303111323321300220311221112222313132
2000100000000100000010110020011011012010020030210102030211003111010220201303010310111202101202203212101311022122120302230311132332130022031122111222231313301
20001000000001000000101100200110110120100200302101020302110031110102202013030103101112021012022032121013110221221203022303111323321300220311221112222313133023
20001000000001000000101100200110110120100200302101020302110031110102202013030103101112021012022032121013110221221203022303111323321300220311221112222313133031
20001000000001000000101100200110110120100200302101020302110031110102202013030103101112021012022032121013110221221203022303111323321300220311221112222313133032311
2000100000000100000010110020011011012010020030210102030211003111010220201303010310111202101202203212101311022122120302230311132332130022031122111222231313303231220121
2000100000000100000010110020011011012010020030210102030211003111010220201303010310111202101202203212101311022122120302230311132332130022031122111222231313303231220122
2000100000000100000010110020011011012010020030210102030211003111010220201303010310111202101202203212101311022122120302230311132332130022031122111222231313303231220123301
2000100000000100000010110020011011012010020030210102030211003111010220201303010310111202101202203212101311022122120302230311132332130022031122111222231313303231220123302302
2000100000000100000010110020011011012010020030210102030211003111010220201303010310111202101202203212101311022122120302230311132332130022031122111222231313303231220123302303
200010000000010000001011002001101101201002003021010203021100311101022020130301031011120210120220321210131102212212030223031113233213002203112211122223131330323122012330231210332203032
200010000000010000001011002001101101201002003021010203021100311101022020130301031011120210120220321210131102212212030223031113233213002203112211122223131330323122012330231210332203033130
200010000000010000001011002001101101201002003021010203021100311101022020130301031011120210120220321210131102212212030223031113233213002203112211122223131330323122012330231210332203033131311310230
200010000000010000001011002001101101201002003021010203021100311101022020130301031011120210120220321210131102212212030223031113233213002203112211122223131330323122012330231210332203033131311310231
200010000000010000001011002001101101201002003021010203021100311101022020130301031011120210120220321210131102212212030223031113233213002203112211122223131330323122012330231210332203033131311310232
2000100000000100000010110020011011012010020030210102030211003111010220201303010310111202101202203212101311022122120302230311132332130022031122111222231313303231220123302312103322030331313113102333
2000100000000100000010110020011011012010020030210102030211003111010220201303010310111202101202203212101311022122120302230311132332130022031122111222231313303231220123302312103322030331313113103
2000100000000100000010110020011011012010020030210102030211003111010220201303010310111202101202203212101311022122120302230311132332130022031122111222231313303231220123302312103322030331313113112320
2000100000000100000010110020011011012010020030210102030211003111010220201303010310111202101202203212101311022122120302230311132332130022031122111222231313303231220123302312103322030331313113112321
2000100000000100000010110020011011012010020030210102030211003111010220201303010310111202101202203212101311022122120302230311132332130022031122111222231313303231220123302312103322030331313113112322
2000100000000100000010110020011011012010020030210102030211003111010220201303010310111202101202203212101311022122120302230311132332130022031122111222231313303231220123302312103322030331313113112323
20001000000001000000101100200110110120100200302101020302110031110102202013030103101112021012022032121013110221221203022303111323321300220311221112222313133032312201233023121033220303313131131123302
20001000000001000000101100200110110120100200302101020302110031110102202013030103101112021012022032121013110221221203022303111323321300220311221112222313133032312201233023121033220303313131131123303122
20001000000001000000101100200110110120100200302101020302110031110102202013030103101112021012022032121013110221221203022303111323321300220311221112222313133032312201233023121033220303313131131123303123
2000100000000100000010110020011011012010020030210102030211003111010220201303010310111202101202203212101311022122120302230311132332130022031122111222231313303231220123302312103322030331313113112330313
2000100000000100000010110020011011012010020030210102030211003111010220201303010310111202101202203212101311022122120302230311132332130022031122111222231313303231220123302312103322030331313113112330320
20001000000001000000101100200110110120100200302101020302110031110102202013030103101112021012022032121013110221221203022303111323321300220311221112222313133032312201233023121033220303313131131123303211
20001000000001000000101100200110110120100200302101020302110031110102202013030103101112021012022032121013110221221203022303111323321300220311221112222313133032312201233023121033220303313131131123303212
2000100000000100000010110020011011012010020030210102030211003111010220201303010310111202101202203212101311022122120302230311132332130022031122111222231313303231220123302312103322030331313113112330321332
200010000000010000001011002001101101201002003021010203021100311101022020130301031011120210120220321210131102212212030223031113233213002203112211122223131330323122012330231210332203033131311311233032133321
2000100000000100000010110020011011012010020030210102030211003111010220201303010310111202101202203212101311022122120302230311132332130022031122111222231313303231220123302312103322030331313113112330321333221
2000100000000100000010110020011011012010020030210102030211003111010220201303010310111202101202203212101311022122120302230311132332130022031122111222231313303231220123302312103322030331313113112330321333222
2000100000000100000010110020011011012010020030210102030211003111010220201303010310111202101202203212101311022122120302230311132332130022031122111222231313303231220123302312103322030331313113112330321333223
200010000000010000001011002001101101201002003021010203021100311101022020130301031011120210120220321210131102212212030223031113233213002203112211122223131330323122012330231210332203033131311311233032133323
200010000000010000001011002001101101201002003021010203021100311101022020130301031011120210120220321210131102212212030223031113233213002203112211122223131330323122012330231210332203033131311311233032133330
20001000000001000000101100200110110120100200302101020302110031110102202013030103101112021012022032121013110221221203022303111323321300220311221112222313133032312201233023121033220303313131131123303213333131
20001000000001000000101100200110110120100200302101020302110031110102202013030103101112021012022032121013110221221203022303111323321300220311221112222313133032312201233023121033220303313131131123303213333132
20001000000001000000101100200110110120100200302101020302110031110102202013030103101112021012022032121013110221221203022303111323321300220311221112222313133032312201233023121033220303313131131123303213333133
200010000000010000001011002001101101201002003021010203021100311101022020130301031011120210120220321210131102212212030223031113233213002203112211122223131330323122012330231210332203033131311311233032133332
200010000000010000001011002001101101201002003021010203021100311101022020130301031011120210120220321210131102212212030223031113233213002203112211122223131330323122012330231210332203033131311311233032133333
2000100000000100000010110020011011012010020030210102030211003111010220201303010310111202101202203212101311022122120302230311132332130022031122111222231313303231220123302312103322030331313113112330322
2000100000000100000010110020011011012010020030210102030211003111010220201303010310111202101202203212101311022122120302230311132332130022031122111222231313303231220123302312103322030331313113112330323
2000100000000100000010110020011011012010020030210102030211003111010220201303010310111202101202203212101311022122120302230311132332130022031122111222231313303231220123302312103322030331313113112330330
2000100000000100000010110020011011012010020030210102030211003111010220201303010310111202101202203212101311022122120302230311132332130022031122111222231313303231220123302312103322030331313113112330331
2000100000000100000010110020011011012010020030210102030211003111010220201303010310111202101202203212101311022122120302230311132332130022031122111222231313303231220123302312103322030331313113112330332
200010000000010000001011002001101101201002003021010203021100311101022020130301031011120210120220321210131102212212030223031113233213002203112211122223131330323122012330231210332203033131311311233033323
20001000000001000000101100200110110120100200302101020302110031110102202013030103101112021012022032121013110221221203022303111323321300220311221112222313133032312201233023121033220303313131131123303333
20001000000001000000101100200110110120100200302101020302110031110102202013030103101112021012022032121013110221221203022303111323321300220311221112222313133032312201233023121033220303313131132
20001000000001000000101100200110110120100200302101020302110031110102202013030103101112021012022032121013110221221203022303111323321300220311221112222313133032312201233023121033220303313131133
200010000000010000001011002001101101201002003021010203021100311101022020130301031011120210120220321210131102212212030223031113233213002203112211122223131330323122012330231210332203033131312
200010000000010000001011002001101101201002003021010203021100311101022020130301031011120210120220321210131102212212030223031113233213002203112211122223131330323122012330231210332203033131313
2000100000000100000010110020011011012010020030210102030211003111010220201303010310111202101202203212101311022122120302230311132332130022031122111222231313303231220123302312103322030331323
2000100000000100000010110020011011012010020030210102030211003111010220201303010310111202101202203212101311022122120302230311132332130022031122111222231313303231220123302312103322030331332
2000100000000100000010110020011011012010020030210102030211003111010220201303010310111202101202203212101311022122120302230311132332130022031122111222231313303231220123302312103322030331333
2000100000000100000010110020011011012010020030210102030211003111010220201303010310111202101202203212101311022122120302230311132332130022031122111222231313303231220123302312103323
2000100000000100000010110020011011012010020030210102030211003111010220201303010310111202101202203212101311022122120302230311132332130022031122111222231313303231220123302313
20001000000001000000101100200110110120100200302101020302110031110102202013030103101112021012022032121013110221221203022303111323321300220311221112222313133032312202
20001000000001000000101100200110110120100200302101020302110031110102202013030103101112021012022032121013110221221203022303111323321300220311221112222313133032312203
20001000000001000000101100200110110120100200302101020302110031110102202013030103101112021012022032121013110221221203022303111323321300220311221112222313133032313
200010000000010000001011002001101101201002003021010203021100311101022020130301031011120210120220321210131102212212030223031113233213002203112211122223132
200010000000010000001011002001101101201002003021010203021100311101022020130301031011120210120220321210131102212212030223031113233213002203112211122223133
20001000000001000000101100200110110120100200302101020302110031110102202013030103101112021012022032121013110221221203022303111323321300220311221113
2000100000000100000010110020011011012010020030210102030211003111010220201303010310111202101202203212101311022122120302230311132332130022031123
20001000000001000000101100200110110120100200302101020302110031110102202013030103101112021012022032121013110221221203022303112
20001000000001000000101100200110110120100200302101020302110031110102202013030103101112021012022032121013110221221203022303113
2000100000000100000010110020011011012010020030210102030211003111010220201303010310111203
2000100000000100000010110020011011012010020030210102030211003111010220201303010310111212
2000100000000100000010110020011011012010020030210102030211003111010220201303010310111213
200010000000010000001011002001101101201002003021010203021100311101022020130301031011122
200010000000010000001011002001101101201002003021010203021100311101022020130301031011123
200010000000010000001011002001101101201002003021010203021100311102
200010000000010000001011002001101101201002003021010203021100311103
20001000000001000000101100200111
20001000000001000000101100200112
20001000000001000000101100200113
2000100000000101
2000100000000102
2000100000000103
100001000000101100200110001000001102010020030210102030210120
100001000000101100200110001000001102010020030210102030210121100311101120201120130202203220301030
10000100000010110020011000100000110201002003021010203021012110031110112020112013020220322030103120
1000010000001011002001100010000011020100200302101020302101211003111011202011201302022032203010312130
100001000000101100200110001000001102010020030210102030210121100311101120201120130202203220301031213101
10000100000010110020011000100000110201002003021010203021012110031110112020112013020220322030103121310210
10000100000010110020011000100000110201002003021010203021012110031110112020112013020220322030103121310211
1000010000001011002001100010000011020100200302101020302101211003111011202011201302022032203010312131021220
10000100000010110020011000100000110201002003021010203021012110031110112020112013020220322030103121310212211021
1000010000001011002001100010000011020100200302101020302101211003111011202011201302022032203010312131021221102230301212031112
10000100000010110020011000100000110201002003021010203021012110031110112020112013020220322030103121310212211022303012120311130
10000100000010110020011000100000110201002003021010203021012110031110112020112013020220322030103121310212211022303012120311131
100001000000101100200110001000001102010020030210102030210121100311101120201120130202203220301031213102122110223030121203111323320
10000100000010110020011000100000110201002003021010203021012110031110112020112013020220322030103121310212211022303012120311132332130013
10000100000010110020011000100000110201002003021010203021012110031110112020112013020220322030103121310212211022303012120311132332130022031023
10000100000010110020011000100000110201002003021010203021012110031110112020112013020220322030103121310212211022303012120311132332130022031031
1000010000001011002001100010000011020100200302101020302101211003111011202011201302022032203010312131021221102230301212031113233213002203103230132111121
100001000000101100200110001000001102010020030210102030210121100311101120201120130202203220301031213102122110223030121203111323321300220310323013211112221
1000010000001011002001100010000011020100200302101020302101211003111011202011201302022032203010312131021221102230301212031113233213002203103230132111122223130
1000010000001011002001100010000011020100200302101020302101211003111011202011201302022032203010312131021221102230301212031113233213002203103230132111122223131
1000010000001011002001100010000011020100200302101020302101211003111011202011201302022032203010312131021221102230301212031113233213002203103230132111122223132
1000010000001011002001100010000011020100200302101020302101211003111011202011201302022032203010312131021221102230301212031113233213002203103230132111122223133320121
1000010000001011002001100010000011020100200302101020302101211003111011202011201302022032203010312131021221102230301212031113233213002203103230132111122223133320122
1000010000001011002001100010000011020100200302101020302101211003111011202011201302022032203010312131021221102230301212031113233213002203103230132111122223133320123301
1000010000001011002001100010000011020100200302101020302101211003111011202011201302022032203010312131021221102230301212031113233213002203103230132111122223133320123302122
100001000000101100200110001000001102010020030210102030210121100311101120201120130202203220301031213102122110223030121203111323321300220310323013211112222313332012330212311
100001000000101100200110001000001102010020030210102030210121100311101120201120130202203220301031213102122110223030121203111323321300220310323013211112222313332012330212312210
100001000000101100200110001000001102010020030210102030210121100311101120201120130202203220301031213102122110223030121203111323321300220310323013211112222313332012330212312211310230
100001000000101100200110001000001102010020030210102030210121100311101120201120130202203220301031213102122110223030121203111323321300220310323013211112222313332012330212312211310231
100001000000101100200110001000001102010020030210102030210121100311101120201120130202203220301031213102122110223030121203111323321300220310323013211112222313332012330212312211310232
1000010000001011002001100010000011020100200302101020302101211003111011202011201302022032203010312131021221102230301212031113233213002203103230132111122223133320123302123122113102333
1000010000001011002001100010000011020100200302101020302101211003111011202011201302022032203010312131021221102230301212031113233213002203103230132111122223133320123302123122113103
1000010000001011002001100010000011020100200302101020302101211003111011202011201302022032203010312131021221102230301212031113233213002203103230132111122223133320123302123122113112
100001000000101100200110001000001102010020030210102030210121100311101120201120130202203220301031213102122110223030121203111323321300220310323013211112222313332012330212312211311311
100001000000101100200110001000001102010020030210102030210121100311101120201120130202203220301031213102122110223030121203111323321300220310323013211112222313332012330212312211311312
100001000000101100200110001000001102010020030210102030210121100311101120201120130202203220301031213102122110223030121203111323321300220310323013211112222313332012330212312211311313303
10000100000010110020011000100000110201002003021010203021012110031110112020112013020220322030103121310212211022303012120311132332130022031032301321111222231333201233021231221131131331220303232
1000010000001011002001100010000011020100200302101020302101211003111011202011201302022032203010312131021221102230301212031113233213002203103230132111122223133320123302123122113113133122030323312
100001000000101100200110001000001102010020030210102030210121100311101120201120130202203220301031213102122110223030121203111323321300220310323013211112222313332012330212312211311313312203032331321
100001000000101100200110001000001102010020030210102030210121100311101120201120130202203220301031213102122110223030121203111323321300220310323013211112222313332012330212312211311313312203032331322
10000100000010110020011000100000110201002003021010203021012110031110112020112013020220322030103121310212211022303012120311132332130022031032301321111222231333201233021231221131131331220303233132320
10000100000010110020011000100000110201002003021010203021012110031110112020112013020220322030103121310212211022303012120311132332130022031032301321111222231333201233021231221131131331220303233132321
10000100000010110020011000100000110201002003021010203021012110031110112020112013020220322030103121310212211022303012120311132332130022031032301321111222231333201233021231221131131331220303233132322
10000100000010110020011000100000110201002003021010203021012110031110112020112013020220322030103121310212211022303012120311132332130022031032301321111222231333201233021231221131131331220303233132323
100001000000101100200110001000001102010020030210102030210121100311101120201120130202203220301031213102122110223030121203111323321300220310323013211112222313332012330212312211311313312203032331323302
100001000000101100200110001000001102010020030210102030210121100311101120201120130202203220301031213102122110223030121203111323321300220310323013211112222313332012330212312211311313312203032331323303122
100001000000101100200110001000001102010020030210102030210121100311101120201120130202203220301031213102122110223030121203111323321300220310323013211112222313332012330212312211311313312203032331323303123
100001000000101100200110001000001102010020030210102030210121100311101120201120130202203220301031213102122110223030121203111323321300220310323013211112222313332012330212312211311313312203032331323303133
10000100000010110020011000100000110201002003021010203021012110031110112020112013020220322030103121310212211022303012120311132332130022031032301321111222231333201233021231221131131331220303233132330320
10000100000010110020011000100000110201002003021010203021012110031110112020112013020220322030103121310212211022303012120311132332130022031032301321111222231333201233021231221131131331220303233132330321
10000100000010110020011000100000110201002003021010203021012110031110112020112013020220322030103121310212211022303012120311132332130022031032301321111222231333201233021231221131131331220303233132330322
10000100000010110020011000100000110201002003021010203021012110031110112020112013020220322030103121310212211022303012120311132332130022031032301321111222231333201233021231221131131331220303233132330323
10000100000010110020011000100000110201002003021010203021012110031110112020112013020220322030103121310212211022303012120311132332130022031032301321111222231333201233021231221131131331220303233132330330
10000100000010110020011000100000110201002003021010203021012110031110112020112013020220322030103121310212211022303012120311132332130022031032301321111222231333201233021231221131131331220303233132330331
10000100000010110020011000100000110201002003021010203021012110031110112020112013020220322030103121310212211022303012120311132332130022031032301321111222231333201233021231221131131331220303233132330332
10000100000010110020011000100000110201002003021010203021012110031110112020112013020220322030103121310212211022303012120311132332130022031032301321111222231333201233021231221131131331220303233132330333130
10000100000010110020011000100000110201002003021010203021012110031110112020112013020220322030103121310212211022303012120311132332130022031032301321111222231333201233021231221131131331220303233132330333131321
10000100000010110020011000100000110201002003021010203021012110031110112020112013020220322030103121310212211022303012120311132332130022031032301321111222231333201233021231221131131331220303233132330333131322
10000100000010110020011000100000110201002003021010203021012110031110112020112013020220322030103121310212211022303012120311132332130022031032301321111222231333201233021231221131131331220303233132330333131323
10000100000010110020011000100000110201002003021010203021012110031110112020112013020220322030103121310212211022303012120311132332130022031032301321111222231333201233021231221131131331220303233132330333131330
10000100000010110020011000100000110201002003021010203021012110031110112020112013020220322030103121310212211022303012120311132332130022031032301321111222231333201233021231221131131331220303233132330333131331
10000100000010110020011000100000110201002003021010203021012110031110112020112013020220322030103121310212211022303012120311132332130022031032301321111222231333201233021231221131131331220303233132330333131332
10000100000010110020011000100000110201002003021010203021012110031110112020112013020220322030103121310212211022303012120311132332130022031032301321111222231333201233021231221131131331220303233132330333131333
100001000000101100200110001000001102010020030210102030210121100311101120201120130202203220301031213102122110223030121203111323321300220310323013211112222313332012330212312211311313312203032331323303331323
100001000000101100200110001000001102010020030210102030210121100311101120201120130202203220301031213102122110223030121203111323321300220310323013211112222313332012330212312211311313312203032331323303331332
10000100000010110020011000100000110201002003021010203021012110031110112020112013020220322030103121310212211022303012120311132332130022031032301321111222231333201233021231221131131331220303233132330333133322
10000100000010110020011000100000110201002003021010203021012110031110112020112013020220322030103121310212211022303012120311132332130022031032301321111222231333201233021231221131131331220303233132330333133323
10000100000010110020011000100000110201002003021010203021012110031110112020112013020220322030103121310212211022303012120311132332130022031032301321111222231333201233021231221131131331220303233132330333133333
10000100000010110020011000100000110201002003021010203021012110031110112020112013020220322030103121310212211022303012120311132332130022031032301321111222231333201233021231221131131331220303233133
1000010000001011002001100010000011020100200302101020302101211003111011202011201302022032203010312131021221102230301212031113233213002203103230132111122223133320123302123122113113133123
100001000000101100200110001000001102010020030210102030210121100311101120201120130202203220301031213102122110223030121203111323321300220310323013211112222313332012330212312211311313313
10000100000010110020011000100000110201002003021010203021012110031110112020112013020220322030103121310212211022303012120311132332130022031032301321111222231333201233021231221132
10000100000010110020011000100000110201002003021010203021012110031110112020112013020220322030103121310212211022303012120311132332130022031032301321111222231333201233021231221133
100001000000101100200110001000001102010020030210102030210121100311101120201120130202203220301031213102122110223030121203111323321300220310323013211112222313332012330212313
100001000000101100200110001000001102010020030210102030210121100311101120201120130202203220301031213102122110223030121203111323321300220310323013211112222313332012330213
10000100000010110020011000100000110201002003021010203021012110031110112020112013020220322030103121310212211022303012120311132332130022031032301321111222231333202
10000100000010110020011000100000110201002003021010203021012110031110112020112013020220322030103121310212211022303012120311132332130022031032301321111222231333203
1000010000001011002001100010000011020100200302101020302101211003111011202011201302022032203010312131021221102230301212031113233213002203103230132111123
10000100000010110020011000100000110201002003021010203021012110031110112020112013020220322030103121310212211022303012120311132332130022031032302
10000100000010110020011000100000110201002003021010203021012110031110112020112013020220322030103121310212211022303012120311132332130022031032303
100001000000101100200110001000001102010020030210102030210121100311101120201120130202203220301031213102122110223030121203112
100001000000101100200110001000001102010020030210102030210121100311101120201120130202203220301031213102122110223030121203113
10000100000010110020011000100000110201002003021010203021012110031110112020112013020220322030103122
10000100000010110020011000100000110201002003021010203021012110031110112020112013020220322030103123
1000010000001011002001100010000011020100200302101020302101211003111011203
1000010000001011002001100010000011020100200302101020302101211003111011212
1000010000001011002001100010000011020100200302101020302101211003111011213
100001000000101100200110001000001102010020030210102030210121100311101122
100001000000101100200110001000001102010020030210102030210121100311101123
100001000000101100200110001000001102010020030210102030210121100311102
100001000000101100200110001000001102010020030210102030210121100311103
100001000000101100200111
100001000000101100200112
100001000000101100200113
10000101
10000102
10000103
300100000010110020002000000110001010020030210102030210120
300100000010110020002000000110001010020030210102030210121100311101030310111202011201302022032203010
30010000001011002000200000011000101002003021010203021012110031110103031011120201120130202203220301120
3001000000101100200020000001100010100200302101020302101211003111010303101112020112013020220322030112130
300100000010110020002000000110001010020030210102030210121100311101030310111202011201302022032203011213101
30010000001011002000200000011000101002003021010203021012110031110103031011120201120130202203220301121310210
30010000001011002000200000011000101002003021010203021012110031110103031011120201120130202203220301121310211
3001000000101100200020000001100010100200302101020302101211003111010303101112020112013020220322030112131021220
30010000001011002000200000011000101002003021010203021012110031110103031011120201120130202203220301121310212211021
3001000000101100200020000001100010100200302101020302101211003111010303101112020112013020220322030112131021221102230301212031112
30010000001011002000200000011000101002003021010203021012110031110103031011120201120130202203220301121310212211022303012120311130
30010000001011002000200000011000101002003021010203021012110031110103031011120201120130202203220301121310212211022303012120311131
300100000010110020002000000110001010020030210102030210121100311101030310111202011201302022032203011213102122110223030121203111323320
30010000001011002000200000011000101002003021010203021012110031110103031011120201120130202203220301121310212211022303012120311132332130013
30010000001011002000200000011000101002003021010203021012110031110103031011120201120130202203220301121310212211022303012120311132332130022031023
30010000001011002000200000011000101002003021010203021012110031110103031011120201120130202203220301121310212211022303012120311132332130022031031
3001000000101100200020000001100010100200302101020302101211003111010303101112020112013020220322030112131021221102230301212031113233213002203103230132111121
300100000010110020002000000110001010020030210102030210121100311101030310111202011201302022032203011213102122110223030121203111323321300220310323013211112221
3001000000101100200020000001100010100200302101020302101211003111010303101112020112013020220322030112131021221102230301212031113233213002203103230132111122223130
3001000000101100200020000001100010100200302101020302101211003111010303101112020112013020220322030112131021221102230301212031113233213002203103230132111122223131
3001000000101100200020000001100010100200302101020302101211003111010303101112020112013020220322030112131021221102230301212031113233213002203103230132111122223132
3001000000101100200020000001100010100200302101020302101211003111010303101112020112013020220322030112131021221102230301212031113233213002203103230132111122223133320121
3001000000101100200020000001100010100200302101020302101211003111010303101112020112013020220322030112131021221102230301212031113233213002203103230132111122223133320122
3001000000101100200020000001100010100200302101020302101211003111010303101112020112013020220322030112131021221102230301212031113233213002203103230132111122223133320123301
3001000000101100200020000001100010100200302101020302101211003111010303101112020112013020220322030112131021221102230301212031113233213002203103230132111122223133320123302122
300100000010110020002000000110001010020030210102030210121100311101030310111202011201302022032203011213102122110223030121203111323321300220310323013211112222313332012330212312210
300100000010110020002000000110001010020030210102030210121100311101030310111202011201302022032203011213102122110223030121203111323321300220310323013211112222313332012330212312211310230
300100000010110020002000000110001010020030210102030210121100311101030310111202011201302022032203011213102122110223030121203111323321300220310323013211112222313332012330212312211310231
300100000010110020002000000110001010020030210102030210121100311101030310111202011201302022032203011213102122110223030121203111323321300220310323013211112222313332012330212312211310232
3001000000101100200020000001100010100200302101020302101211003111010303101112020112013020220322030112131021221102230301212031113233213002203103230132111122223133320123302123122113102333
3001000000101100200020000001100010100200302101020302101211003111010303101112020112013020220322030112131021221102230301212031113233213002203103230132111122223133320123302123122113103
3001000000101100200020000001100010100200302101020302101211003111010303101112020112013020220322030112131021221102230301212031113233213002203103230132111122223133320123302123122113112
300100000010110020002000000110001010020030210102030210121100311101030310111202011201302022032203011213102122110223030121203111323321300220310323013211112222313332012330212312211311311
300100000010110020002000000110001010020030210102030210121100311101030310111202011201302022032203011213102122110223030121203111323321300220310323013211112222313332012330212312211311312
300100000010110020002000000110001010020030210102030210121100311101030310111202011201302022032203011213102122110223030121203111323321300220310323013211112222313332012330212312211311313303
300100000010110020002000000110001010020030210102030210121100311101030310111202011201302022032203011213102122110223030121203111323321300220310323013211112222313332012330212312211311313312203130
300100000010110020002000000110001010020030210102030210121100311101030310111202011201302022032203011213102122110223030121203111323321300220310323013211112222313332012330212312211311313312203131312
30010000001011002000200000011000101002003021010203021012110031110103031011120201120130202203220301121310212211022303012120311132332130022031032301321111222231333201233021231221131131331220313131321
30010000001011002000200000011000101002003021010203021012110031110103031011120201120130202203220301121310212211022303012120311132332130022031032301321111222231333201233021231221131131331220313131322
3001000000101100200020000001100010100200302101020302101211003111010303101112020112013020220322030112131021221102230301212031113233213002203103230132111122223133320123302123122113113133122031313132320
3001000000101100200020000001100010100200302101020302101211003111010303101112020112013020220322030112131021221102230301212031113233213002203103230132111122223133320123302123122113113133122031313132321
3001000000101100200020000001100010100200302101020302101211003111010303101112020112013020220322030112131021221102230301212031113233213002203103230132111122223133320123302123122113113133122031313132322
3001000000101100200020000001100010100200302101020302101211003111010303101112020112013020220322030112131021221102230301212031113233213002203103230132111122223133320123302123122113113133122031313132323
30010000001011002000200000011000101002003021010203021012110031110103031011120201120130202203220301121310212211022303012120311132332130022031032301321111222231333201233021231221131131331220313131323302
30010000001011002000200000011000101002003021010203021012110031110103031011120201120130202203220301121310212211022303012120311132332130022031032301321111222231333201233021231221131131331220313131323303122
30010000001011002000200000011000101002003021010203021012110031110103031011120201120130202203220301121310212211022303012120311132332130022031032301321111222231333201233021231221131131331220313131323303123
30010000001011002000200000011000101002003021010203021012110031110103031011120201120130202203220301121310212211022303012120311132332130022031032301321111222231333201233021231221131131331220313131323303133
3001000000101100200020000001100010100200302101020302101211003111010303101112020112013020220322030112131021221102230301212031113233213002203103230132111122223133320123302123122113113133122031313132330320
3001000000101100200020000001100010100200302101020302101211003111010303101112020112013020220322030112131021221102230301212031113233213002203103230132111122223133320123302123122113113133122031313132330321
3001000000101100200020000001100010100200302101020302101211003111010303101112020112013020220322030112131021221102230301212031113233213002203103230132111122223133320123302123122113113133122031313132330322
3001000000101100200020000001100010100200302101020302101211003111010303101112020112013020220322030112131021221102230301212031113233213002203103230132111122223133320123302123122113113133122031313132330323
3001000000101100200020000001100010100200302101020302101211003111010303101112020112013020220322030112131021221102230301212031113233213002203103230132111122223133320123302123122113113133122031313132330330
3001000000101100200020000001100010100200302101020302101211003111010303101112020112013020220322030112131021221102230301212031113233213002203103230132111122223133320123302123122113113133122031313132330331
300100000010110020002000000110001010020030210102030210121100311101030310111202011201302022032203011213102122110223030121203111323321300220310323013211112222313332012330212312211311313312203131313233033232
30010000001011002000200000011000101002003021010203021012110031110103031011120201120130202203220301121310212211022303012120311132332130022031032301321111222231333201233021231221131131331220313131323303323321
30010000001011002000200000011000101002003021010203021012110031110103031011120201120130202203220301121310212211022303012120311132332130022031032301321111222231333201233021231221131131331220313131323303323322
30010000001011002000200000011000101002003021010203021012110031110103031011120201120130202203220301121310212211022303012120311132332130022031032301321111222231333201233021231221131131331220313131323303323323
30010000001011002000200000011000101002003021010203021012110031110103031011120201120130202203220301121310212211022303012120311132332130022031032301321111222231333201233021231221131131331220313131323303323330
30010000001011002000200000011000101002003021010203021012110031110103031011120201120130202203220301121310212211022303012120311132332130022031032301321111222231333201233021231221131131331220313131323303323331
30010000001011002000200000011000101002003021010203021012110031110103031011120201120130202203220301121310212211022303012120311132332130022031032301321111222231333201233021231221131131331220313131323303323332
30010000001011002000200000011000101002003021010203021012110031110103031011120201120130202203220301121310212211022303012120311132332130022031032301321111222231333201233021231221131131331220313131323303323333
300100000010110020002000000110001010020030210102030210121100311101030310111202011201302022032203011213102122110223030121203111323321300220310323013211112222313332012330212312211311313312203131313233033322
300100000010110020002000000110001010020030210102030210121100311101030310111202011201302022032203011213102122110223030121203111323321300220310323013211112222313332012330212312211311313312203131313233033323
300100000010110020002000000110001010020030210102030210121100311101030310111202011201302022032203011213102122110223030121203111323321300220310323013211112222313332012330212312211311313312203131313233033332
300100000010110020002000000110001010020030210102030210121100311101030310111202011201302022032203011213102122110223030121203111323321300220310323013211112222313332012330212312211311313312203131313233033333
3001000000101100200020000001100010100200302101020302101211003111010303101112020112013020220322030112131021221102230301212031113233213002203103230132111122223133320123302123122113113133122031313133
3001000000101100200020000001100010100200302101020302101211003111010303101112020112013020220322030112131021221102230301212031113233213002203103230132111122223133320123302123122113113133122031323
3001000000101100200020000001100010100200302101020302101211003111010303101112020112013020220322030112131021221102230301212031113233213002203103230132111122223133320123302123122113113133122031332
3001000000101100200020000001100010100200302101020302101211003111010303101112020112013020220322030112131021221102230301212031113233213002203103230132111122223133320123302123122113113133122031333
3001000000101100200020000001100010100200302101020302101211003111010303101112020112013020220322030112131021221102230301212031113233213002203103230132111122223133320123302123122113113133123
300100000010110020002000000110001010020030210102030210121100311101030310111202011201302022032203011213102122110223030121203111323321300220310323013211112222313332012330212312211311313313
30010000001011002000200000011000101002003021010203021012110031110103031011120201120130202203220301121310212211022303012120311132332130022031032301321111222231333201233021231221132
30010000001011002000200000011000101002003021010203021012110031110103031011120201120130202203220301121310212211022303012120311132332130022031032301321111222231333201233021231221133
300100000010110020002000000110001010020030210102030210121100311101030310111202011201302022032203011213102122110223030121203111323321300220310323013211112222313332012330212313
300100000010110020002000000110001010020030210102030210121100311101030310111202011201302022032203011213102122110223030121203111323321300220310323013211112222313332012330213
30010000001011002000200000011000101002003021010203021012110031110103031011120201120130202203220301121310212211022303012120311132332130022031032301321111222231333202
30010000001011002000200000011000101002003021010203021012110031110103031011120201120130202203220301121310212211022303012120311132332130022031032301321111222231333203
3001000000101100200020000001100010100200302101020302101211003111010303101112020112013020220322030112131021221102230301212031113233213002203103230132111123
30010000001011002000200000011000101002003021010203021012110031110103031011120201120130202203220301121310212211022303012120311132332130022031032302
30010000001011002000200000011000101002003021010203021012110031110103031011120201120130202203220301121310212211022303012120311132332130022031032303
300100000010110020002000000110001010020030210102030210121100311101030310111202011201302022032203011213102122110223030121203112
300100000010110020002000000110001010020030210102030210121100311101030310111202011201302022032203011213102122110223030121203113
30010000001011002000200000011000101002003021010203021012110031110103031011120201120130202203220301122
30010000001011002000200000011000101002003021010203021012110031110103031011120201120130202203220301123
300100000010110020002000000110001010020030210102030210121100311101030310111203
300100000010110020002000000110001010020030210102030210121100311101030310111212
300100000010110020002000000110001010020030210102030210121100311101030310111213
30010000001011002000200000011000101002003021010203021012110031110103031011122
30010000001011002000200000011000101002003021010203021012110031110103031011123
300100000010110020002000000110001010020030210102030210121100311102
300100000010110020002000000110001010020030210102030210121100311103
300100000010110020002000000111
300100000010110020002000000112
300100000010110020002000000113
300101
300102
300103
