00000010001201230001101021113120
0000001000120123000110102111312102021211221130013
000000100012012300011010211131210202121122113002231222312332
000000100012012300011010211131210202121122113002231222312333
000000100012012300011010211131210202121122113002231222313
000000100012012300011010211131210202121122113002231222323
00000010001201230001101021113121020212112211300223122233
00000010001201230001101021113121020212112211300223123
0000001000120123000110102111312102021211221130023
00000010001201230001101021113121020212112211300323
0000001000120123000110102111312102021211221130033
0000001000120123000110102111312102021211221131
0000001000120123000110102111312102021211221132
0000001000120123000110102111312102021211221133
0000001000120123000110102111312102021211222
0000001000120123000110102111312102021211223
000000100012012300011010211131210202121123
