00000001001020000101000200102030301020112112100
0000000100102000010100020010203030102011211210111002020003010
0000000100102000010100020010203030102011211210111002020003011301020120210
00000001001020000101000200102030301020112112101110020200030113010201202110122011012102230
000000010010200001010002001020303010201121121011100202000301130102012021101220110121022311130
000000010010200001010002001020303010201121121011100202000301130102012021101220110121022311131
000000010010200001010002001020303010201121121011100202000301130102012021101220110121022311132
0000000100102000010100020010203030102011211210111002020003011301020120211012201101210223111331200
0000000100102000010100020010203030102011211210111002020003011301020120211012201101210223111331201
00000001001020000101000200102030301020112112101110020200030113010201202110122011012102231113312022031121
00000001001020000101000200102030301020112112101110020200030113010201202110122011012102231113312022031122
0000000100102000010100020010203030102011211210111002020003011301020120211012201101210223111331202203112321013303
00000001001020000101000200102030301020112112101110020200030113010201202110122011012102231113312022031123210133131
00000001001020000101000200102030301020112112101110020200030113010201202110122011012102231113312022031123210133132323
000000010010200001010002001020303010201121121011100202000301130102012021101220110121022311133120220311232101331323332131
000000010010200001010002001020303010201121121011100202000301130102012021101220110121022311133120220311232101331323332132110
000000010010200001010002001020303010201121121011100202000301130102012021101220110121022311133120220311232101331323332132111203
0000000100102000010100020010203030102011211210111002020003011301020120211012201101210223111331202203112321013313233321321112130
0000000100102000010100020010203030102011211210111002020003011301020120211012201101210223111331202203112321013313233321321112131
0000000100102000010100020010203030102011211210111002020003011301020120211012201101210223111331202203112321013313233321321112132202
000000010010200001010002001020303010201121121011100202000301130102012021101220110121022311133120220311232101331323332132111213220330
000000010010200001010002001020303010201121121011100202000301130102012021101220110121022311133120220311232101331323332132111213220331
000000010010200001010002001020303010201121121011100202000301130102012021101220110121022311133120220311232101331323332132111213220332202112122301
0000000100102000010100020010203030102011211210111002020003011301020120211012201101210223111331202203112321013313233321321112132203322021121223023001033010
0000000100102000010100020010203030102011211210111002020003011301020120211012201101210223111331202203112321013313233321321112132203322021121223023001033011
0000000100102000010100020010203030102011211210111002020003011301020120211012201101210223111331202203112321013313233321321112132203322021121223023001033012
0000000100102000010100020010203030102011211210111002020003011301020120211012201101210223111331202203112321013313233321321112132203322021121223023001033013
0000000100102000010100020010203030102011211210111002020003011301020120211012201101210223111331202203112321013313233321321112132203322021121223023001033020203
0000000100102000010100020010203030102011211210111002020003011301020120211012201101210223111331202203112321013313233321321112132203322021121223023001033020212030030211303
00000001001020000101000200102030301020112112101110020200030113010201202110122011012102231113312022031123210133132333213211121322033220211212230230010330202120300302113111
000000010010200001010002001020303010201121121011100202000301130102012021101220110121022311133120220311232101331323332132111213220332202112122302300103302021203003021131122131030
000000010010200001010002001020303010201121121011100202000301130102012021101220110121022311133120220311232101331323332132111213220332202112122302300103302021203003021131122131031
000000010010200001010002001020303010201121121011100202000301130102012021101220110121022311133120220311232101331323332132111213220332202112122302300103302021203003021131122131032
000000010010200001010002001020303010201121121011100202000301130102012021101220110121022311133120220311232101331323332132111213220332202112122302300103302021203003021131122131033102
000000010010200001010002001020303010201121121011100202000301130102012021101220110121022311133120220311232101331323332132111213220332202112122302300103302021203003021131122131033103
0000000100102000010100020010203030102011211210111002020003011301020120211012201101210223111331202203112321013313233321321112132203322021121223023001033020212030030211311221310331122120
00000001001020000101000200102030301020112112101110020200030113010201202110122011012102231113312022031123210133132333213211121322033220211212230230010330202120300302113112213103311221212220
0000000100102000010100020010203030102011211210111002020003011301020120211012201101210223111331202203112321013313233321321112132203322021121223023001033020212030030211311221310331122121222132
00000001001020000101000200102030301020112112101110020200030113010201202110122011012102231113312022031123210133132333213211121322033220211212230230010330202120300302113112213103311221212221332230
0000000100102000010100020010203030102011211210111002020003011301020120211012201101210223111331202203112321013313233321321112132203322021121223023001033020212030030211311221310331122121222133223130
00000001001020000101000200102030301020112112101110020200030113010201202110122011012102231113312022031123210133132333213211121322033220211212230230010330202120300302113112213103311221212221332231313112
0000000100102000010100020010203030102011211210111002020003011301020120211012201101210223111331202203112321013313233321321112132203322021121223023001033020212030030211311221310331122121222133223131311330232233
00000001001020000101000200102030301020112112101110020200030113010201202110122011012102231113312022031123210133132333213211121322033220211212230230010330202120300302113112213103311221212221332231313113302323
0000000100102000010100020010203030102011211210111002020003011301020120211012201101210223111331202203112321013313233321321112132203322021121223023001033020212030030211311221310331122121222133223131311330233
0000000100102000010100020010203030102011211210111002020003011301020120211012201101210223111331202203112321013313233321321112132203322021121223023001033020212030030211311221310331122121222133223131311330320
00000001001020000101000200102030301020112112101110020200030113010201202110122011012102231113312022031123210133132333213211121322033220211212230230010330202120300302113112213103311221212221332231313113303212
00000001001020000101000200102030301020112112101110020200030113010201202110122011012102231113312022031123210133132333213211121322033220211212230230010330202120300302113112213103311221212221332231313113303213
0000000100102000010100020010203030102011211210111002020003011301020120211012201101210223111331202203112321013313233321321112132203322021121223023001033020212030030211311221310331122121222133223131311330322
00000001001020000101000200102030301020112112101110020200030113010201202110122011012102231113312022031123210133132333213211121322033220211212230230010330202120300302113112213103311221212221332231313113303233
0000000100102000010100020010203030102011211210111002020003011301020120211012201101210223111331202203112321013313233321321112132203322021121223023001033020212030030211311221310331122121222133223131311330330
0000000100102000010100020010203030102011211210111002020003011301020120211012201101210223111331202203112321013313233321321112132203322021121223023001033020212030030211311221310331122121222133223131311330331
00000001001020000101000200102030301020112112101110020200030113010201202110122011012102231113312022031123210133132333213211121322033220211212230230010330202120300302113112213103311221212221332231313113303322
00000001001020000101000200102030301020112112101110020200030113010201202110122011012102231113312022031123210133132333213211121322033220211212230230010330202120300302113112213103311221212221332231313113303323
0000000100102000010100020010203030102011211210111002020003011301020120211012201101210223111331202203112321013313233321321112132203322021121223023001033020212030030211311221310331122121222133223131311330333
0000000100102000010100020010203030102011211210111002020003011301020120211012201101210223111331202203112321013313233321321112132203322021121223023001033020212030030211311221310331122121222133223131311331
0000000100102000010100020010203030102011211210111002020003011301020120211012201101210223111331202203112321013313233321321112132203322021121223023001033020212030030211311221310331122121222133223131311332
0000000100102000010100020010203030102011211210111002020003011301020120211012201101210223111331202203112321013313233321321112132203322021121223023001033020212030030211311221310331122121222133223131311333
0000000100102000010100020010203030102011211210111002020003011301020120211012201101210223111331202203112321013313233321321112132203322021121223023001033020212030030211311221310331122121222133223131312
0000000100102000010100020010203030102011211210111002020003011301020120211012201101210223111331202203112321013313233321321112132203322021121223023001033020212030030211311221310331122121222133223131313
00000001001020000101000200102030301020112112101110020200030113010201202110122011012102231113312022031123210133132333213211121322033220211212230230010330202120300302113112213103311221212221332231323
0000000100102000010100020010203030102011211210111002020003011301020120211012201101210223111331202203112321013313233321321112132203322021121223023001033020212030030211311221310331122121222133223133
00000001001020000101000200102030301020112112101110020200030113010201202110122011012102231113312022031123210133132333213211121322033220211212230230010330202120300302113112213103311221212221332232221
00000001001020000101000200102030301020112112101110020200030113010201202110122011012102231113312022031123210133132333213211121322033220211212230230010330202120300302113112213103311221212221332232222
00000001001020000101000200102030301020112112101110020200030113010201202110122011012102231113312022031123210133132333213211121322033220211212230230010330202120300302113112213103311221212221332232223
00000001001020000101000200102030301020112112101110020200030113010201202110122011012102231113312022031123210133132333213211121322033220211212230230010330202120300302113112213103311221212221332232232
00000001001020000101000200102030301020112112101110020200030113010201202110122011012102231113312022031123210133132333213211121322033220211212230230010330202120300302113112213103311221212221332232233
000000010010200001010002001020303010201121121011100202000301130102012021101220110121022311133120220311232101331323332132111213220332202112122302300103302021203003021131122131033112212122213322323
000000010010200001010002001020303010201121121011100202000301130102012021101220110121022311133120220311232101331323332132111213220332202112122302300103302021203003021131122131033112212122213322331
000000010010200001010002001020303010201121121011100202000301130102012021101220110121022311133120220311232101331323332132111213220332202112122302300103302021203003021131122131033112212122213322332
000000010010200001010002001020303010201121121011100202000301130102012021101220110121022311133120220311232101331323332132111213220332202112122302300103302021203003021131122131033112212122213322333
0000000100102000010100020010203030102011211210111002020003011301020120211012201101210223111331202203112321013313233321321112132203322021121223023001033020212030030211311221310331122121223
000000010010200001010002001020303010201121121011100202000301130102012021101220110121022311133120220311232101331323332132111213220332202112122302300103302021203003021131122131033112213
00000001001020000101000200102030301020112112101110020200030113010201202110122011012102231113312022031123210133132333213211121322033220211212230230010330202120300302113112213113
00000001001020000101000200102030301020112112101110020200030113010201202110122011012102231113312022031123210133132333213211121322033220211212230230010330202120300302113112213122
00000001001020000101000200102030301020112112101110020200030113010201202110122011012102231113312022031123210133132333213211121322033220211212230230010330202120300302113112213123
0000000100102000010100020010203030102011211210111002020003011301020120211012201101210223111331202203112321013313233321321112132203322021121223023001033020212030030211311221313
00000001001020000101000200102030301020112112101110020200030113010201202110122011012102231113312022031123210133132333213211121322033220211212230230010330202120300303
00000001001020000101000200102030301020112112101110020200030113010201202110122011012102231113312022031123210133132333213211121322033220211212230230010330202120300313
00000001001020000101000200102030301020112112101110020200030113010201202110122011012102231113312022031123210133132333213211121322033220211212230230010330202120300323
0000000100102000010100020010203030102011211210111002020003011301020120211012201101210223111331202203112321013313233321321112132203322021121223023001033020212030033
00000001001020000101000200102030301020112112101110020200030113010201202110122011012102231113312022031123210133132333213211121322033220211212230230010330202120301
00000001001020000101000200102030301020112112101110020200030113010201202110122011012102231113312022031123210133132333213211121322033220211212230230010330202120302
00000001001020000101000200102030301020112112101110020200030113010201202110122011012102231113312022031123210133132333213211121322033220211212230230010330202120303
0000000100102000010100020010203030102011211210111002020003011301020120211012201101210223111331202203112321013313233321321112132203322021121223023001033021
0000000100102000010100020010203030102011211210111002020003011301020120211012201101210223111331202203112321013313233321321112132203322021121223023001033022
0000000100102000010100020010203030102011211210111002020003011301020120211012201101210223111331202203112321013313233321321112132203322021121223023001033023
0000000100102000010100020010203030102011211210111002020003011301020120211012201101210223111331202203112321013313233321321112132203322021121223023002
0000000100102000010100020010203030102011211210111002020003011301020120211012201101210223111331202203112321013313233321321112132203322021121223023003
000000010010200001010002001020303010201121121011100202000301130102012021101220110121022311133120220311232101331323332132111213220332202112122303
00000001001020000101000200102030301020112112101110020200030113010201202110122011012102231113312022031123210133132333213211121322033220211213
000000010010200001010002001020303010201121121011100202000301130102012021101220110121022311133120220311232101331323332132111213220332203
200000000101000010101000200201120211210010203030201010
200000000101000010101000200201120211210010203030201011302022201100
200000000101000010101000200201120211210010203030201011302022201101110020302012012103130
200000000101000010101000200201120211210010203030201011302022201101110020302012012103131
20000000010100001010100020020112021121001020303020101130202220110111002030201201210313230
20000000010100001010100020020112021121001020303020101130202220110111002030201201210313231012
2000000001010000101010002002011202112100102030302010113020222011011100203020120121031323101310
200000000101000010101000200201120211210010203030201011302022201101110020302012012103132310131111
2000000001010000101010002002011202112100102030302010113020222011011100203020120121031323101311121200
2000000001010000101010002002011202112100102030302010113020222011011100203020120121031323101311121201
20000000010100001010100020020112021121001020303020101130202220110111002030201201210313231013111212022031121
20000000010100001010100020020112021121001020303020101130202220110111002030201201210313231013111212022031122
200000000101000010101000200201120211210010203030201011302022201101110020302012012103132310131112120220311232101
200000000101000010101000200201120211210010203030201011302022201101110020302012012103132310131112120220311232102112030000230333132
2000000001010000101010002002011202112100102030302010113020222011011100203020120121031323101311121202203112321021120300002303331332131
2000000001010000101010002002011202112100102030302010113020222011011100203020120121031323101311121202203112321021120300002303331332132110
2000000001010000101010002002011202112100102030302010113020222011011100203020120121031323101311121202203112321021120300002303331332132111203
20000000010100001010100020020112021121001020303020101130202220110111002030201201210313231013111212022031123210211203000023033313321321112130
20000000010100001010100020020112021121001020303020101130202220110111002030201201210313231013111212022031123210211203000023033313321321112131
2000000001010000101010002002011202112100102030302010113020222011011100203020120121031323101311121202203112321021120300002303331332132111213220330
2000000001010000101010002002011202112100102030302010113020222011011100203020120121031323101311121202203112321021120300002303331332132111213220331
2000000001010000101010002002011202112100102030302010113020222011011100203020120121031323101311121202203112321021120300002303331332132111213220332202112122301
20000000010100001010100020020112021121001020303020101130202220110111002030201201210313231013111212022031123210211203000023033313321321112132203322021121223023010
20000000010100001010100020020112021121001020303020101130202220110111002030201201210313231013111212022031123210211203000023033313321321112132203322021121223023011
200000000101000010101000200201120211210010203030201011302022201101110020302012012103132310131112120220311232102112030000230333133213211121322033220211212230230123
20000000010100001010100020020112021121001020303020101130202220110111002030201201210313231013111212022031123210211203000023033313321321112132203322021121223023013
20000000010100001010100020020112021121001020303020101130202220110111002030201201210313231013111212022031123210211203000023033313321321112132203322021121223023021303031030
20000000010100001010100020020112021121001020303020101130202220110111002030201201210313231013111212022031123210211203000023033313321321112132203322021121223023021303031031
20000000010100001010100020020112021121001020303020101130202220110111002030201201210313231013111212022031123210211203000023033313321321112132203322021121223023021303031032
20000000010100001010100020020112021121001020303020101130202220110111002030201201210313231013111212022031123210211203000023033313321321112132203322021121223023021303031033102
20000000010100001010100020020112021121001020303020101130202220110111002030201201210313231013111212022031123210211203000023033313321321112132203322021121223023021303031033103
2000000001010000101010002002011202112100102030302010113020222011011100203020120121031323101311121202203112321021120300002303331332132111213220332202112122302302130303103311221103320
200000000101000010101000200201120211210010203030201011302022201101110020302012012103132310131112120220311232102112030000230333133213211121322033220211212230230213030310331122110332132
200000000101000010101000200201120211210010203030201011302022201101110020302012012103132310131112120220311232102112030000230333133213211121322033220211212230230213030310331122110332133302211
2000000001010000101010002002011202112100102030302010113020222011011100203020120121031323101311121202203112321021120300002303331332132111213220332202112122302302130303103311221103321333022123112
2000000001010000101010002002011202112100102030302010113020222011011100203020120121031323101311121202203112321021120300002303331332132111213220332202112122302302130303103311221103321333022123113
2000000001010000101010002002011202112100102030302010113020222011011100203020120121031323101311121202203112321021120300002303331332132111213220332202112122302302130303103311221103321333022123122
2000000001010000101010002002011202112100102030302010113020222011011100203020120121031323101311121202203112321021120300002303331332132111213220332202112122302302130303103311221103321333022123123
200000000101000010101000200201120211210010203030201011302022201101110020302012012103132310131112120220311232102112030000230333133213211121322033220211212230230213030310331122110332133302212313
200000000101000010101000200201120211210010203030201011302022201101110020302012012103132310131112120220311232102112030000230333133213211121322033220211212230230213030310331122110332133302212321302
200000000101000010101000200201120211210010203030201011302022201101110020302012012103132310131112120220311232102112030000230333133213211121322033220211212230230213030310331122110332133302212321303
2000000001010000101010002002011202112100102030302010113020222011011100203020120121031323101311121202203112321021120300002303331332132111213220332202112122302302130303103311221103321333022123213120
2000000001010000101010002002011202112100102030302010113020222011011100203020120121031323101311121202203112321021120300002303331332132111213220332202112122302302130303103311221103321333022123213121222230
200000000101000010101000200201120211210010203030201011302022201101110020302012012103132310131112120220311232102112030000230333133213211121322033220211212230230213030310331122110332133302212321312122223130
20000000010100001010100020020112021121001020303020101130202220110111002030201201210313231013111212022031123210211203000023033313321321112132203322021121223023021303031033112211033213330221232131212222313133
2000000001010000101010002002011202112100102030302010113020222011011100203020120121031323101311121202203112321021120300002303331332132111213220332202112122302302130303103311221103321333022123213121222231323
20000000010100001010100020020112021121001020303020101130202220110111002030201201210313231013111212022031123210211203000023033313321321112132203322021121223023021303031033112211033213330221232131212222313313
2000000001010000101010002002011202112100102030302010113020222011011100203020120121031323101311121202203112321021120300002303331332132111213220332202112122302302130303103311221103321333022123213121222231332
20000000010100001010100020020112021121001020303020101130202220110111002030201201210313231013111212022031123210211203000023033313321321112132203322021121223023021303031033112211033213330221232131212222313333
2000000001010000101010002002011202112100102030302010113020222011011100203020120121031323101311121202203112321021120300002303331332132111213220332202112122302302130303103311221103321333022123213121222232221
2000000001010000101010002002011202112100102030302010113020222011011100203020120121031323101311121202203112321021120300002303331332132111213220332202112122302302130303103311221103321333022123213121222232222
2000000001010000101010002002011202112100102030302010113020222011011100203020120121031323101311121202203112321021120300002303331332132111213220332202112122302302130303103311221103321333022123213121222232223
2000000001010000101010002002011202112100102030302010113020222011011100203020120121031323101311121202203112321021120300002303331332132111213220332202112122302302130303103311221103321333022123213121222232232
2000000001010000101010002002011202112100102030302010113020222011011100203020120121031323101311121202203112321021120300002303331332132111213220332202112122302302130303103311221103321333022123213121222232233
200000000101000010101000200201120211210010203030201011302022201101110020302012012103132310131112120220311232102112030000230333133213211121322033220211212230230213030310331122110332133302212321312122223233
20000000010100001010100020020112021121001020303020101130202220110111002030201201210313231013111212022031123210211203000023033313321321112132203322021121223023021303031033112211033213330221232131212222331
20000000010100001010100020020112021121001020303020101130202220110111002030201201210313231013111212022031123210211203000023033313321321112132203322021121223023021303031033112211033213330221232131212222332
20000000010100001010100020020112021121001020303020101130202220110111002030201201210313231013111212022031123210211203000023033313321321112132203322021121223023021303031033112211033213330221232131212222333
2000000001010000101010002002011202112100102030302010113020222011011100203020120121031323101311121202203112321021120300002303331332132111213220332202112122302302130303103311221103321333022123213121223
200000000101000010101000200201120211210010203030201011302022201101110020302012012103132310131112120220311232102112030000230333133213211121322033220211212230230213030310331122110332133302212321313
2000000001010000101010002002011202112100102030302010113020222011011100203020120121031323101311121202203112321021120300002303331332132111213220332202112122302302130303103311221103321333022123223
200000000101000010101000200201120211210010203030201011302022201101110020302012012103132310131112120220311232102112030000230333133213211121322033220211212230230213030310331122110332133302212323
20000000010100001010100020020112021121001020303020101130202220110111002030201201210313231013111212022031123210211203000023033313321321112132203322021121223023021303031033112211033213330221320330
20000000010100001010100020020112021121001020303020101130202220110111002030201201210313231013111212022031123210211203000023033313321321112132203322021121223023021303031033112211033213330221320331
20000000010100001010100020020112021121001020303020101130202220110111002030201201210313231013111212022031123210211203000023033313321321112132203322021121223023021303031033112211033213330221320332
20000000010100001010100020020112021121001020303020101130202220110111002030201201210313231013111212022031123210211203000023033313321321112132203322021121223023021303031033112211033213330221320333
20000000010100001010100020020112021121001020303020101130202220110111002030201201210313231013111212022031123210211203000023033313321321112132203322021121223023021303031033112211033213330221321
20000000010100001010100020020112021121001020303020101130202220110111002030201201210313231013111212022031123210211203000023033313321321112132203322021121223023021303031033112211033213330221322
20000000010100001010100020020112021121001020303020101130202220110111002030201201210313231013111212022031123210211203000023033313321321112132203322021121223023021303031033112211033213330221323
200000000101000010101000200201120211210010203030201011302022201101110020302012012103132310131112120220311232102112030000230333133213211121322033220211212230230213030311
2000000001010000101010002002011202112100102030302010113020222011011100203020120121031323101311121202203112321021120300002303331332132111213220332202112122302302130303122
2000000001010000101010002002011202112100102030302010113020222011011100203020120121031323101311121202203112321021120300002303331332132111213220332202112122302302130303123
2000000001010000101010002002011202112100102030302010113020222011011100203020120121031323101311121202203112321021120300002303331332132111213220332202112122302302130303132
2000000001010000101010002002011202112100102030302010113020222011011100203020120121031323101311121202203112321021120300002303331332132111213220332202112122302302130303133
2000000001010000101010002002011202112100102030302010113020222011011100203020120121031323101311121202203112321021120300002303331332132111213220332202112122302302130313
2000000001010000101010002002011202112100102030302010113020222011011100203020120121031323101311121202203112321021120300002303331332132111213220332202112122302302130323
200000000101000010101000200201120211210010203030201011302022201101110020302012012103132310131112120220311232102112030000230333133213211121322033220211212230230213033
20000000010100001010100020020112021121001020303020101130202220110111002030201201210313231013111212022031123210211203000023033313321321112132203322021121223023022
20000000010100001010100020020112021121001020303020101130202220110111002030201201210313231013111212022031123210211203000023033313321321112132203322021121223023023
2000000001010000101010002002011202112100102030302010113020222011011100203020120121031323101311121202203112321021120300002303331332132111213220332202112122303
200000000101000010101000200201120211210010203030201011302022201101110020302012012103132310131112120220311232102112030000230333133213211121322033220211213
2000000001010000101010002002011202112100102030302010113020222011011100203020120121031323101311121202203112321021120300002303331332132111213220332203
200000000101000010101000200201120211210010203030201011302022201101110020302012012103132310131112120220311232102112030001
200000000101000010101000200201120211210010203030201011302022201101110020302012012103132310131112120220311232102112030002
200000000101000010101000200201120211210010203030201011302022201101110020302012012103132310131112120220311232102112030003
2000000001010000101010002002011202112100102030302010113020222011011100203020120121031323101311121202203112321021120301
2000000001010000101010002002011202112100102030302010113020222011011100203020120121031323101311121202203112321021120302
2000000001010000101010002002011202112100102030302010113020222011011100203020120121031323101311121202203112321021120303
100001000200101030203000001001020
1000010002001010302030000010010211201121300010210030201010
1000010002001010302030000010010211201121300010210030201011
1000010002001010302030000010010211201121300010210030201012201100
1000010002001010302030000010010211201121300010210030201012201101110020302012012102230
100001000200101030203000001001021120112130001021003020101220110111002030201201210223101310
1000010002001010302030000010010211201121300010210030201012201101110020302012012102231013111131
1000010002001010302030000010010211201121300010210030201012201101110020302012012102231013111132
1000010002001010302030000010010211201121300010210030201012201101110020302012012102231013111133200
1000010002001010302030000010010211201121300010210030201012201101110020302012012102231013111133201
100001000200101030203000001001021120112130001021003020101220110111002030201201210223101311113320212031122
10000100020010103020300000100102112011213000102100302010122011011100203020120121022310131111332021203112330
1000010002001010302030000010010211201121300010210030201012201101110020302012012102231013111133202120311233131
10000100020010103020300000100102112011213000102100302010122011011100203020120121022310131111332021203112331322101
100001000200101030203000001001021120112130001021003020101220110111002030201201210223101311113320212031123313221021120300002323
1000010002001010302030000010010211201121300010210030201012201101110020302012012102231013111133202120311233132210211203000023332131
1000010002001010302030000010010211201121300010210030201012201101110020302012012102231013111133202120311233132210211203000023332132110
1000010002001010302030000010010211201121300010210030201012201101110020302012012102231013111133202120311233132210211203000023332132111203
10000100020010103020300000100102112011213000102100302010122011011100203020120121022310131111332021203112331322102112030000233321321112130
10000100020010103020300000100102112011213000102100302010122011011100203020120121022310131111332021203112331322102112030000233321321112131
1000010002001010302030000010010211201121300010210030201012201101110020302012012102231013111133202120311233132210211203000023332132111213220330
1000010002001010302030000010010211201121300010210030201012201101110020302012012102231013111133202120311233132210211203000023332132111213220331
1000010002001010302030000010010211201121300010210030201012201101110020302012012102231013111133202120311233132210211203000023332132111213220332202112122301
10000100020010103020300000100102112011213000102100302010122011011100203020120121022310131111332021203112331322102112030000233321321112132203322021121223023011
10000100020010103020300000100102112011213000102100302010122011011100203020120121022310131111332021203112331322102112030000233321321112132203322021121223023012
10000100020010103020300000100102112011213000102100302010122011011100203020120121022310131111332021203112331322102112030000233321321112132203322021121223023013
10000100020010103020300000100102112011213000102100302010122011011100203020120121022310131111332021203112331322102112030000233321321112132203322021121223023020203
1000010002001010302030000010010211201121300010210030201012201101110020302012012102231013111133202120311233132210211203000023332132111213220332202112122302302021302
1000010002001010302030000010010211201121300010210030201012201101110020302012012102231013111133202120311233132210211203000023332132111213220332202112122302302021303
100001000200101030203000001001021120112130001021003020101220110111002030201201210223101311113320212031123313221021120300002333213211121322033220211212230230202131103303031030
100001000200101030203000001001021120112130001021003020101220110111002030201201210223101311113320212031123313221021120300002333213211121322033220211212230230202131103303031031
100001000200101030203000001001021120112130001021003020101220110111002030201201210223101311113320212031123313221021120300002333213211121322033220211212230230202131103303031032
100001000200101030203000001001021120112130001021003020101220110111002030201201210223101311113320212031123313221021120300002333213211121322033220211212230230202131103303031033102
100001000200101030203000001001021120112130001021003020101220110111002030201201210223101311113320212031123313221021120300002333213211121322033220211212230230202131103303031033103
1000010002001010302030000010010211201121300010210030201012201101110020302012012102231013111133202120311233132210211203000023332132111213220332202112122302302021311033030310331122120
1000010002001010302030000010010211201121300010210030201012201101110020302012012102231013111133202120311233132210211203000023332132111213220332202112122302302021311033030310331122121211
10000100020010103020300000100102112011213000102100302010122011011100203020120121022310131111332021203112331322102112030000233321321112132203322021121223023020213110330303103311221212122220
1000010002001010302030000010010211201121300010210030201012201101110020302012012102231013111133202120311233132210211203000023332132111213220332202112122302302021311033030310331122121212222132
10000100020010103020300000100102112011213000102100302010122011011100203020120121022310131111332021203112331322102112030000233321321112132203322021121223023020213110330303103311221212122221332230
1000010002001010302030000010010211201121300010210030201012201101110020302012012102231013111133202120311233132210211203000023332132111213220332202112122302302021311033030310331122121212222133223130
10000100020010103020300000100102112011213000102100302010122011011100203020120121022310131111332021203112331322102112030000233321321112132203322021121223023020213110330303103311221212122221332231313112
1000010002001010302030000010010211201121300010210030201012201101110020302012012102231013111133202120311233132210211203000023332132111213220332202112122302302021311033030310331122121212222133223131311330232233
10000100020010103020300000100102112011213000102100302010122011011100203020120121022310131111332021203112331322102112030000233321321112132203322021121223023020213110330303103311221212122221332231313113302323
1000010002001010302030000010010211201121300010210030201012201101110020302012012102231013111133202120311233132210211203000023332132111213220332202112122302302021311033030310331122121212222133223131311330233
1000010002001010302030000010010211201121300010210030201012201101110020302012012102231013111133202120311233132210211203000023332132111213220332202112122302302021311033030310331122121212222133223131311330320
10000100020010103020300000100102112011213000102100302010122011011100203020120121022310131111332021203112331322102112030000233321321112132203322021121223023020213110330303103311221212122221332231313113303212
10000100020010103020300000100102112011213000102100302010122011011100203020120121022310131111332021203112331322102112030000233321321112132203322021121223023020213110330303103311221212122221332231313113303213
1000010002001010302030000010010211201121300010210030201012201101110020302012012102231013111133202120311233132210211203000023332132111213220332202112122302302021311033030310331122121212222133223131311330322
10000100020010103020300000100102112011213000102100302010122011011100203020120121022310131111332021203112331322102112030000233321321112132203322021121223023020213110330303103311221212122221332231313113303233
1000010002001010302030000010010211201121300010210030201012201101110020302012012102231013111133202120311233132210211203000023332132111213220332202112122302302021311033030310331122121212222133223131311330330
1000010002001010302030000010010211201121300010210030201012201101110020302012012102231013111133202120311233132210211203000023332132111213220332202112122302302021311033030310331122121212222133223131311330331
10000100020010103020300000100102112011213000102100302010122011011100203020120121022310131111332021203112331322102112030000233321321112132203322021121223023020213110330303103311221212122221332231313113303322
10000100020010103020300000100102112011213000102100302010122011011100203020120121022310131111332021203112331322102112030000233321321112132203322021121223023020213110330303103311221212122221332231313113303323
1000010002001010302030000010010211201121300010210030201012201101110020302012012102231013111133202120311233132210211203000023332132111213220332202112122302302021311033030310331122121212222133223131311330333
1000010002001010302030000010010211201121300010210030201012201101110020302012012102231013111133202120311233132210211203000023332132111213220332202112122302302021311033030310331122121212222133223131311331
1000010002001010302030000010010211201121300010210030201012201101110020302012012102231013111133202120311233132210211203000023332132111213220332202112122302302021311033030310331122121212222133223131311332
1000010002001010302030000010010211201121300010210030201012201101110020302012012102231013111133202120311233132210211203000023332132111213220332202112122302302021311033030310331122121212222133223131311333
1000010002001010302030000010010211201121300010210030201012201101110020302012012102231013111133202120311233132210211203000023332132111213220332202112122302302021311033030310331122121212222133223131312
1000010002001010302030000010010211201121300010210030201012201101110020302012012102231013111133202120311233132210211203000023332132111213220332202112122302302021311033030310331122121212222133223131313
10000100020010103020300000100102112011213000102100302010122011011100203020120121022310131111332021203112331322102112030000233321321112132203322021121223023020213110330303103311221212122221332231323
1000010002001010302030000010010211201121300010210030201012201101110020302012012102231013111133202120311233132210211203000023332132111213220332202112122302302021311033030310331122121212222133223133
10000100020010103020300000100102112011213000102100302010122011011100203020120121022310131111332021203112331322102112030000233321321112132203322021121223023020213110330303103311221212122221332232221
10000100020010103020300000100102112011213000102100302010122011011100203020120121022310131111332021203112331322102112030000233321321112132203322021121223023020213110330303103311221212122221332232222
10000100020010103020300000100102112011213000102100302010122011011100203020120121022310131111332021203112331322102112030000233321321112132203322021121223023020213110330303103311221212122221332232223
10000100020010103020300000100102112011213000102100302010122011011100203020120121022310131111332021203112331322102112030000233321321112132203322021121223023020213110330303103311221212122221332232232
10000100020010103020300000100102112011213000102100302010122011011100203020120121022310131111332021203112331322102112030000233321321112132203322021121223023020213110330303103311221212122221332232233
100001000200101030203000001001021120112130001021003020101220110111002030201201210223101311113320212031123313221021120300002333213211121322033220211212230230202131103303031033112212121222213322323
100001000200101030203000001001021120112130001021003020101220110111002030201201210223101311113320212031123313221021120300002333213211121322033220211212230230202131103303031033112212121222213322331
100001000200101030203000001001021120112130001021003020101220110111002030201201210223101311113320212031123313221021120300002333213211121322033220211212230230202131103303031033112212121222213322332
100001000200101030203000001001021120112130001021003020101220110111002030201201210223101311113320212031123313221021120300002333213211121322033220211212230230202131103303031033112212121222213322333
1000010002001010302030000010010211201121300010210030201012201101110020302012012102231013111133202120311233132210211203000023332132111213220332202112122302302021311033030310331122121212223
1000010002001010302030000010010211201121300010210030201012201101110020302012012102231013111133202120311233132210211203000023332132111213220332202112122302302021311033030310331122121213
100001000200101030203000001001021120112130001021003020101220110111002030201201210223101311113320212031123313221021120300002333213211121322033220211212230230202131103303031033112213
10000100020010103020300000100102112011213000102100302010122011011100203020120121022310131111332021203112331322102112030000233321321112132203322021121223023020213110330303113
10000100020010103020300000100102112011213000102100302010122011011100203020120121022310131111332021203112331322102112030000233321321112132203322021121223023020213110330303122
10000100020010103020300000100102112011213000102100302010122011011100203020120121022310131111332021203112331322102112030000233321321112132203322021121223023020213110330303123
1000010002001010302030000010010211201121300010210030201012201101110020302012012102231013111133202120311233132210211203000023332132111213220332202112122302302021311033030313
10000100020010103020300000100102112011213000102100302010122011011100203020120121022310131111332021203112331322102112030000233321321112132203322021121223023020213110330313
10000100020010103020300000100102112011213000102100302010122011011100203020120121022310131111332021203112331322102112030000233321321112132203322021121223023020213110330323
1000010002001010302030000010010211201121300010210030201012201101110020302012012102231013111133202120311233132210211203000023332132111213220332202112122302302021311033033
10000100020010103020300000100102112011213000102100302010122011011100203020120121022310131111332021203112331322102112030000233321321112132203322021121223023021
10000100020010103020300000100102112011213000102100302010122011011100203020120121022310131111332021203112331322102112030000233321321112132203322021121223023022
10000100020010103020300000100102112011213000102100302010122011011100203020120121022310131111332021203112331322102112030000233321321112132203322021121223023023
1000010002001010302030000010010211201121300010210030201012201101110020302012012102231013111133202120311233132210211203000023332132111213220332202112122303
100001000200101030203000001001021120112130001021003020101220110111002030201201210223101311113320212031123313221021120300002333213211121322033220211213
1000010002001010302030000010010211201121300010210030201012201101110020302012012102231013111133202120311233132210211203000023332132111213220332203
10000100020010103020300000100102112011213000102100302010122011011100203020120121022310131111332021203112331322102112030001
10000100020010103020300000100102112011213000102100302010122011011100203020120121022310131111332021203112331322102112030002
10000100020010103020300000100102112011213000102100302010122011011100203020120121022310131111332021203112331322102112030003
100001000200101030203000001001021120112130001021003020101220110111002030201201210223101311113320212031123313221021120301
100001000200101030203000001001021120112130001021003020101220110111002030201201210223101311113320212031123313221021120302
100001000200101030203000001001021120112130001021003020101220110111002030201201210223101311113320212031123313221021120303
300001000020100001010100020020112021121001020303020003010
30000100002010000101010002002011202112100102030302000301130102011012201100
3000010000201000010101000200201120211210010203030200030113010201101220110112012102230
300001000020100001010100020020112021121001020303020003011301020110122011011201210223101310
3000010000201000010101000200201120211210010203030200030113010201101220110112012102231013111130
3000010000201000010101000200201120211210010203030200030113010201101220110112012102231013111131
3000010000201000010101000200201120211210010203030200030113010201101220110112012102231013111132
3000010000201000010101000200201120211210010203030200030113010201101220110112012102231013111133200
3000010000201000010101000200201120211210010203030200030113010201101220110112012102231013111133201
300001000020100001010100020020112021121001020303020003011301020110122011011201210223101311113320212031121
300001000020100001010100020020112021121001020303020003011301020110122011011201210223101311113320212031122
300001000020100001010100020020112021121001020303020003011301020110122011011201210223101311113320212031123303
3000010000201000010101000200201120211210010203030200030113010201101220110112012102231013111133202120311233131
300001000020100001010100020020112021121001020303020003011301020110122011011201210223101311113320212031123313221021120300002323
3000010000201000010101000200201120211210010203030200030113010201101220110112012102231013111133202120311233132210211203000023332131
3000010000201000010101000200201120211210010203030200030113010201101220110112012102231013111133202120311233132210211203000023332132110
3000010000201000010101000200201120211210010203030200030113010201101220110112012102231013111133202120311233132210211203000023332132111203
30000100002010000101010002002011202112100102030302000301130102011012201101120121022310131111332021203112331322102112030000233321321112130
30000100002010000101010002002011202112100102030302000301130102011012201101120121022310131111332021203112331322102112030000233321321112131
3000010000201000010101000200201120211210010203030200030113010201101220110112012102231013111133202120311233132210211203000023332132111213220330
3000010000201000010101000200201120211210010203030200030113010201101220110112012102231013111133202120311233132210211203000023332132111213220331
3000010000201000010101000200201120211210010203030200030113010201101220110112012102231013111133202120311233132210211203000023332132111213220332202112122301
30000100002010000101010002002011202112100102030302000301130102011012201101120121022310131111332021203112331322102112030000233321321112132203322021121223023010
30000100002010000101010002002011202112100102030302000301130102011012201101120121022310131111332021203112331322102112030000233321321112132203322021121223023011
30000100002010000101010002002011202112100102030302000301130102011012201101120121022310131111332021203112331322102112030000233321321112132203322021121223023012
30000100002010000101010002002011202112100102030302000301130102011012201101120121022310131111332021203112331322102112030000233321321112132203322021121223023013
30000100002010000101010002002011202112100102030302000301130102011012201101120121022310131111332021203112331322102112030000233321321112132203322021121223023020203
3000010000201000010101000200201120211210010203030200030113010201101220110112012102231013111133202120311233132210211203000023332132111213220332202112122302302021302
3000010000201000010101000200201120211210010203030200030113010201101220110112012102231013111133202120311233132210211203000023332132111213220332202112122302302021303
30000100002010000101010002002011202112100102030302000301130102011012201101120121022310131111332021203112331322102112030000233321321112132203322021121223023020213110330313102
30000100002010000101010002002011202112100102030302000301130102011012201101120121022310131111332021203112331322102112030000233321321112132203322021121223023020213110330313103
300001000020100001010100020020112021121001020303020003011301020110122011011201210223101311113320212031123313221021120300002333213211121322033220211212230230202131103303131122120
300001000020100001010100020020112021121001020303020003011301020110122011011201210223101311113320212031123313221021120300002333213211121322033220211212230230202131103303131122121211
3000010000201000010101000200201120211210010203030200030113010201101220110112012102231013111133202120311233132210211203000023332132111213220332202112122302302021311033031311221212122220
300001000020100001010100020020112021121001020303020003011301020110122011011201210223101311113320212031123313221021120300002333213211121322033220211212230230202131103303131122121212222132
30000100002010000101010002002011202112100102030302000301130102011012201101120121022310131111332021203112331322102112030000233321321112132203322021121223023020213110330313112212121222213313112
300001000020100001010100020020112021121001020303020003011301020110122011011201210223101311113320212031123313221021120300002333213211121322033220211212230230202131103303131122121212222133131132230
30000100002010000101010002002011202112100102030302000301130102011012201101120121022310131111332021203112331322102112030000233321321112132203322021121223023020213110330313112212121222213313113223130
30000100002010000101010002002011202112100102030302000301130102011012201101120121022310131111332021203112331322102112030000233321321112132203322021121223023020213110330313112212121222213313113223131
3000010000201000010101000200201120211210010203030200030113010201101220110112012102231013111133202120311233132210211203000023332132111213220332202112122302302021311033031311221212122221331311322313232233
30000100002010000101010002002011202112100102030302000301130102011012201101120121022310131111332021203112331322102112030000233321321112132203322021121223023020213110330313112212121222213313113223132323
30000100002010000101010002002011202112100102030302000301130102011012201101120121022310131111332021203112331322102112030000233321321112132203322021121223023020213110330313112212121222213313113223132330
30000100002010000101010002002011202112100102030302000301130102011012201101120121022310131111332021203112331322102112030000233321321112132203322021121223023020213110330313112212121222213313113223132331
30000100002010000101010002002011202112100102030302000301130102011012201101120121022310131111332021203112331322102112030000233321321112132203322021121223023020213110330313112212121222213313113223132332
300001000020100001010100020020112021121001020303020003011301020110122011011201210223101311113320212031123313221021120300002333213211121322033220211212230230202131103303131122121212222133131132231323333023
30000100002010000101010002002011202112100102030302000301130102011012201101120121022310131111332021203112331322102112030000233321321112132203322021121223023020213110330313112212121222213313113223132333303103
30000100002010000101010002002011202112100102030302000301130102011012201101120121022310131111332021203112331322102112030000233321321112132203322021121223023020213110330313112212121222213313113223132333303113
30000100002010000101010002002011202112100102030302000301130102011012201101120121022310131111332021203112331322102112030000233321321112132203322021121223023020213110330313112212121222213313113223132333303122221
300001000020100001010100020020112021121001020303020003011301020110122011011201210223101311113320212031123313221021120300002333213211121322033220211212230230202131103303131122121212222133131132231323333031222222
300001000020100001010100020020112021121001020303020003011301020110122011011201210223101311113320212031123313221021120300002333213211121322033220211212230230202131103303131122121212222133131132231323333031222223
30000100002010000101010002002011202112100102030302000301130102011012201101120121022310131111332021203112331322102112030000233321321112132203322021121223023020213110330313112212121222213313113223132333303122223
30000100002010000101010002002011202112100102030302000301130102011012201101120121022310131111332021203112331322102112030000233321321112132203322021121223023020213110330313112212121222213313113223132333303122232
30000100002010000101010002002011202112100102030302000301130102011012201101120121022310131111332021203112331322102112030000233321321112132203322021121223023020213110330313112212121222213313113223132333303122233
300001000020100001010100020020112021121001020303020003011301020110122011011201210223101311113320212031123313221021120300002333213211121322033220211212230230202131103303131122121212222133131132231323333031223
300001000020100001010100020020112021121001020303020003011301020110122011011201210223101311113320212031123313221021120300002333213211121322033220211212230230202131103303131122121212222133131132231323333031232
30000100002010000101010002002011202112100102030302000301130102011012201101120121022310131111332021203112331322102112030000233321321112132203322021121223023020213110330313112212121222213313113223132333303123312
30000100002010000101010002002011202112100102030302000301130102011012201101120121022310131111332021203112331322102112030000233321321112132203322021121223023020213110330313112212121222213313113223132333303123313
3000010000201000010101000200201120211210010203030200030113010201101220110112012102231013111133202120311233132210211203000023332132111213220332202112122302302021311033031311221212122221331311322313233330312332
30000100002010000101010002002011202112100102030302000301130102011012201101120121022310131111332021203112331322102112030000233321321112132203322021121223023020213110330313112212121222213313113223132333303123333
3000010000201000010101000200201120211210010203030200030113010201101220110112012102231013111133202120311233132210211203000023332132111213220332202112122302302021311033031311221212122221331311322313233330313
3000010000201000010101000200201120211210010203030200030113010201101220110112012102231013111133202120311233132210211203000023332132111213220332202112122302302021311033031311221212122221331311322313233330320
3000010000201000010101000200201120211210010203030200030113010201101220110112012102231013111133202120311233132210211203000023332132111213220332202112122302302021311033031311221212122221331311322313233330321
3000010000201000010101000200201120211210010203030200030113010201101220110112012102231013111133202120311233132210211203000023332132111213220332202112122302302021311033031311221212122221331311322313233330322
3000010000201000010101000200201120211210010203030200030113010201101220110112012102231013111133202120311233132210211203000023332132111213220332202112122302302021311033031311221212122221331311322313233330323
3000010000201000010101000200201120211210010203030200030113010201101220110112012102231013111133202120311233132210211203000023332132111213220332202112122302302021311033031311221212122221331311322313233330330
3000010000201000010101000200201120211210010203030200030113010201101220110112012102231013111133202120311233132210211203000023332132111213220332202112122302302021311033031311221212122221331311322313233330331
3000010000201000010101000200201120211210010203030200030113010201101220110112012102231013111133202120311233132210211203000023332132111213220332202112122302302021311033031311221212122221331311322313233330332
3000010000201000010101000200201120211210010203030200030113010201101220110112012102231013111133202120311233132210211203000023332132111213220332202112122302302021311033031311221212122221331311322313233330333
30000100002010000101010002002011202112100102030302000301130102011012201101120121022310131111332021203112331322102112030000233321321112132203322021121223023020213110330313112212121222213313113223133
300001000020100001010100020020112021121001020303020003011301020110122011011201210223101311113320212031123313221021120300002333213211121322033220211212230230202131103303131122121212222133131132232
300001000020100001010100020020112021121001020303020003011301020110122011011201210223101311113320212031123313221021120300002333213211121322033220211212230230202131103303131122121212222133131132233
3000010000201000010101000200201120211210010203030200030113010201101220110112012102231013111133202120311233132210211203000023332132111213220332202112122302302021311033031311221212122221331312
3000010000201000010101000200201120211210010203030200030113010201101220110112012102231013111133202120311233132210211203000023332132111213220332202112122302302021311033031311221212122221331313
300001000020100001010100020020112021121001020303020003011301020110122011011201210223101311113320212031123313221021120300002333213211121322033220211212230230202131103303131122121212223
300001000020100001010100020020112021121001020303020003011301020110122011011201210223101311113320212031123313221021120300002333213211121322033220211212230230202131103303131122121213
30000100002010000101010002002011202112100102030302000301130102011012201101120121022310131111332021203112331322102112030000233321321112132203322021121223023020213110330313112213
30000100002010000101010002002011202112100102030302000301130102011012201101120121022310131111332021203112331322102112030000233321321112132203322021121223023020213110330323
3000010000201000010101000200201120211210010203030200030113010201101220110112012102231013111133202120311233132210211203000023332132111213220332202112122302302021311033033
30000100002010000101010002002011202112100102030302000301130102011012201101120121022310131111332021203112331322102112030000233321321112132203322021121223023021
30000100002010000101010002002011202112100102030302000301130102011012201101120121022310131111332021203112331322102112030000233321321112132203322021121223023022
30000100002010000101010002002011202112100102030302000301130102011012201101120121022310131111332021203112331322102112030000233321321112132203322021121223023023
3000010000201000010101000200201120211210010203030200030113010201101220110112012102231013111133202120311233132210211203000023332132111213220332202112122303
300001000020100001010100020020112021121001020303020003011301020110122011011201210223101311113320212031123313221021120300002333213211121322033220211213
3000010000201000010101000200201120211210010203030200030113010201101220110112012102231013111133202120311233132210211203000023332132111213220332203
30000100002010000101010002002011202112100102030302000301130102011012201101120121022310131111332021203112331322102112030001
30000100002010000101010002002011202112100102030302000301130102011012201101120121022310131111332021203112331322102112030002
30000100002010000101010002002011202112100102030302000301130102011012201101120121022310131111332021203112331322102112030003
300001000020100001010100020020112021121001020303020003011301020110122011011201210223101311113320212031123313221021120301
300001000020100001010100020020112021121001020303020003011301020110122011011201210223101311113320212031123313221021120302
300001000020100001010100020020112021121001020303020003011301020110122011011201210223101311113320212031123313221021120303
30000100002010000101010002002011202112100102030302000301130102011012201101120121022310131111332021203112331322103
