010000001002102203130110011211
010000001002102203130110011212
0100000010021022031301100112132201
01000000100210220313011001121322022031111
010000001002102203130110011213220220311122333
010000001002102203130110011213220220311123
0100000010021022031301100112132202203112
0100000010021022031301100112132202203113
010000001002102203130110011213220220312
010000001002102203130110011213220220313
01000000100210220313011001121322022032
01000000100210220313011001121322022033
010000001002102203130110011213220221
010000001002102203130110011213220222
010000001002102203130110011213220223
0100000010021022031301100112132202333
010000001002102203130110012
010000001002102203130110013
