0000000000101010112111221213
000000000010101011211122122232
000000000010101011211122122233132
00000000001010101121112212223313320003
00000000001010101121112212223313320013
00000000001010101121112212223313320021
00000000001010101121112212223313320022201
00000000001010101121112212223313320022202
000000000010101011211122122233133200222030
0000000000101010112111221222331332002220313
00000000001010101121112212223313320022203213
000000000010101011211122122233133200222032232
0000000000101010112111221222331332002220322333
0000000000101010112111221222331332002220323
0000000000101010112111221222331332002221
0000000000101010112111221222331332002222
0000000000101010112111221222331332002223
0000000000101010112111221222331332003
000000000010101011211123
00000000001011
00000000001012
00000000001013
