0 10 3 7 14 6 9 13 8 13 12 1 19 10 11 7 5 17 9 19 2 10 7 18 17 3 9 2 16 4 13 10 12 10
0 10 3 7 14 6 9 13 8 13 12 1 19 10 11 7 5 17 9 19 2 10 7 18 17 3 9 2 16 4 13 10 12 8 6 2 7 16 9 1 17 18 16 6 18 3 3 12 15 3
0 10 3 7 14 6 9 13 8 13 12 1 19 10 11 7 5 17 9 19 2 10 7 18 17 3 9 2 16 4 13 10 12 8 6 2 7 16 9 1 17 18 16 6 18 3 3 12 15 11 15 8 10
0 10 3 7 14 6 9 13 8 13 12 1 19 10 11 7 5 17 9 19 2 10 7 18 17 3 9 2 16 4 13 10 12 8 6 2 7 16 9 1 17 18 16 6 18 3 3 12 15 11 15 8 18 9
0 10 3 7 14 6 9 13 8 13 12 1 19 10 11 7 5 17 9 19 2 10 7 18 17 3 9 2 16 4 13 10 12 8 6 2 7 16 9 1 17 18 16 6 18 3 3 12 15 11 15 12
0 10 3 7 14 6 9 13 8 13 12 1 19 10 11 7 5 17 9 19 2 10 7 18 17 3 9 2 16 4 13 10 12 8 6 2 7 16 9 1 17 18 16 6 18 3 3 12 15 11 5 7
0 10 3 7 14 6 9 13 8 13 12 1 19 10 11 7 5 17 9 19 2 10 7 18 17 3 9 2 16 4 13 10 12 8 6 2 7 16 9 1 17 18 16 6 18 3 3 12 15 11 5 8
0 10 3 7 14 6 9 13 8 13 12 1 19 10 11 7 5 17 9 19 2 10 7 18 17 3 9 2 16 4 13 10 12 8 6 2 7 16 9 1 17 18 16 6 18 3 3 12 15 11 5 4 16 7
0 10 3 7 14 6 9 13 8 13 12 1 19 10 11 7 5 17 9 19 2 10 7 18 17 3 9 2 16 4 13 10 12 8 6 2 7 16 9 1 17 18 16 6 18 3 3 12 15 11 5 4 19 16
0 10 3 7 14 6 9 13 8 13 12 1 19 10 11 7 5 17 9 19 2 10 7 18 17 3 9 2 16 4 13 10 12 8 6 2 7 16 9 1 17 18 16 6 18 3 3 12 15 11 5 4 19 19
0 10 3 7 14 6 9 13 8 13 12 1 19 10 11 7 5 17 9 19 2 10 7 18 17 3 9 2 16 4 13 10 12 8 6 2 7 16 9 1 17 18 16 6 18 3 3 12 15 11 5 4 7
0 10 3 7 14 6 9 13 8 13 12 1 19 10 11 7 5 17 9 19 2 10 7 18 17 3 9 2 16 4 13 10 12 8 6 2 7 16 9 1 17 18 16 6 18 3 3 12 15 11 9
0 10 3 7 14 6 9 13 8 13 12 1 19 10 11 7 5 17 9 19 2 10 7 18 17 3 9 2 16 4 13 10 12 8 6 2 7 16 9 1 17 18 16 6 17 2 7
0 10 3 7 14 6 9 13 8 13 12 1 19 10 11 7 5 17 9 19 2 10 7 18 17 3 9 2 16 4 13 10 12 8 6 2 7 16 9 1 7
0 10 3 7 14 6 9 13 8 13 12 1 19 10 11 7 5 17 9 19 2 10 7 18 17 3 9 2 16 4 13 10 12 8 6 2 7 16 9 1 2
0 10 3 7 14 6 9 13 8 13 12 1 19 10 11 7 5 17 9 19 2 10 7 18 17 3 9 2 16 4 13 14 16
0 10 3 7 14 6 9 13 8 13 12 1 19 10 11 7 5 17 9 19 2 10 7 18 17 3 9 2 16 4 13 14 15
0 10 3 7 14 6 9 13 8 13 12 1 19 10 11 7 5 17 9 19 2 10 7 18 17 3 9 2 16 4 13 14 6
0 19
0 18
0 0
