0 5 5 0 9 7 5 1 9 0 2 2 2 2 9 5 9 6 1 0 4 3 5
0 5 5 0 9 7 5 1 9 0 2 2 2 2 9 5 9 6 1 0 4 3 7 9
0 5 5 0 9 7 5 1 9 0 2 2 2 2 9 5 9 6 1 0 4 3 7 1 10 10 4 5
0 5 5 0 9 7 5 1 9 0 2 2 2 2 9 5 9 6 1 0 4 3 7 1 10 10 4 6 5
0 5 5 0 9 7 5 1 9 0 2 2 2 2 9 5 9 6 1 0 4 3 7 1 10 10 4 6 6 2
0 5 5 0 9 7 5 1 9 0 2 2 2 2 9 5 9 6 1 0 4 3 7 1 10 10 4 11 0
0 5 5 0 9 7 5 1 9 0 2 2 2 2 9 5 9 6 1 0 4 3 7 1 10 10 4 11 4
0 5 5 0 9 7 5 1 9 0 2 2 2 2 9 5 9 6 1 0 4 3 7 1 10 10 4 11 2
0 5 5 0 9 7 5 1 9 0 2 2 2 2 9 5 9 6 1 0 4 3 7 1 10 10 4 11 1 10 4
0 5 5 0 9 7 5 1 9 0 2 2 2 2 9 5 9 6 1 0 4 3 7 1 10 10 4 11 1 10 0
0 5 5 0 9 7 5 1 9 0 2 2 2 2 9 5 9 6 1 0 4 3 7 8 4
0 5 5 0 9 7 5 1 9 0 2 2 2 2 9 5 9 6 1 0 4 3 7 8 5
0 5 5 0 9 7 5 1 9 0 2 2 2 2 9 5 9 6 1 0 4 3 7 8 6
0 5 5 0 9 7 5 1 9 0 2 2 2 2 9 5 9 6 1 0 4 3 7 8 10
0 5 5 0 9 7 5 1 9 0 2 2 2 2 9 5 9 6 1 0 4 3 8
0 5 5 0 9 7 5 1 9 0 2 2 2 2 9 5 9 6 1 0 4 3 3
