00
010
0200
0300
011
012
013
02100
0220
0230
0201
0202
0203
0310
0320
0330
0301
0302
0303
02110
02120
02130
02101
02102
02103
0221
0222
0223
0231
0232
0233
0311
0312
0313
0321
0322
0323
0331
0332
0333
02111
02112
02113
02121
02122
02123
02131
02132
02133
200
21000
220
230
201
202
203
21100
2120
2130
21010
2102
21030
21001
21002
21003
221
222
223
231
232
233
21110
21120
21130
21101
21102
21103
2121
2122
2123
2131
2132
2133
21011
21012
21013
21031
21032
21033
21111
21112
21113
21121
21122
21123
21131
21132
21133
100
11
1200
1300
101
102
103
12100
1220
1230
1201
1202
1203
1310
1320
1330
1301
1302
1303
12110
12120
12130
12101
12102
12103
1221
1222
1223
1231
1232
1233
1311
1312
1313
1321
1322
1323
1331
1332
1333
12111
12112
12113
12121
12122
12123
12131
12132
12133
3000
310
3200
3300
3010
3020
3030
3001
3002
3003
311
312
313
3210
3220
323
3201
3202
3203
3310
3320
3330
3301
3302
3303
3011
3012
3013
3021
3022
3023
3031
3032
3033
3211
3212
3213
3221
3222
3223
3311
3312
3313
3321
3322
3323
3331
3332
3333
