0 17 17 12 9 8 16 11 15 5 12 12 0 5 8 7 17 11 1 9 17 10 6 5 5 9 5
0 17 17 12 9 8 16 11 15 5 12 12 0 5 8 7 17 11 1 9 17 10 6 5 5 9 13 6 6 8 13 9
0 17 17 12 9 8 16 11 15 5 12 12 0 5 8 7 17 11 1 9 17 10 6 5 5 9 13 6 6 8 13 0 17
0 17 17 12 9 8 16 11 15 5 12 12 0 5 8 7 17 11 1 9 17 10 6 5 5 9 13 6 6 8 13 0 4 9
0 17 17 12 9 8 16 11 15 5 12 12 0 5 8 7 17 11 1 9 17 10 6 5 5 9 13 6 6 8 13 0 4 13 9
0 17 17 12 9 8 16 11 15 5 12 12 0 5 8 7 17 11 1 9 17 10 6 5 5 9 13 6 6 8 13 0 4 2 10 12 10 17
0 17 17 12 9 8 16 11 15 5 12 12 0 5 8 7 17 11 1 9 17 10 6 5 5 9 13 6 6 8 13 0 4 2 10 12 10 8 3 5
0 17 17 12 9 8 16 11 15 5 12 12 0 5 8 7 17 11 1 9 17 10 6 5 5 9 13 6 6 8 13 0 4 2 10 12 10 8 3 11 6 5
0 17 17 12 9 8 16 11 15 5 12 12 0 5 8 7 17 11 1 9 17 10 6 5 5 9 13 6 6 8 13 0 4 2 10 12 10 8 3 11 11
0 17 17 12 9 8 16 11 15 5 12 12 0 5 8 7 17 11 1 9 17 10 6 5 5 9 13 6 6 8 13 0 4 2 10 12 10 8 3 4 8
0 17 17 12 9 8 16 11 15 5 12 12 0 5 8 7 17 11 1 9 17 10 6 5 5 9 13 6 6 8 13 0 4 2 10 12 10 8 3 0
0 17 17 12 9 8 16 11 15 5 12 12 0 5 8 7 17 11 1 9 17 10 6 5 5 9 13 6 6 8 13 0 4 2 15 12
0 17 17 12 9 8 16 11 15 5 12 12 0 5 8 7 17 11 1 9 17 10 6 5 5 9 13 6 6 8 13 0 4 2 15 16 9
0 17 17 12 9 8 16 11 15 5 12 12 0 5 8 7 17 11 1 9 17 10 6 5 5 9 13 6 6 8 13 0 4 2 15 16 16
0 17 17 12 9 8 16 11 15 5 12 12 0 5 8 7 17 11 1 9 17 10 6 5 5 9 13 6 6 8 13 0 4 2 14 4
0 17 17 12 9 8 16 11 15 5 12 12 0 5 8 7 17 11 1 9 17 10 6 5 5 9 13 6 6 8 13 0 4 2 14 9
0 17 17 12 9 8 16 11 15 5 12 12 0 5 8 7 17 11 1 9 17 10 6 5 5 9 13 6 6 8 13 0 4 2 14 7 16
0 17 17 12 9 8 16 11 15 5 12 12 0 5 8 7 17 11 1 9 17 10 6 5 5 9 13 6 6 8 13 0 4 2 14 7 4
0 17 17 12 9 8 16 11 15 5 12 12 0 5 8 7 17 11 1 9 17 10 6 5 5 9 13 6 6 8 13 0 4 2 14 7 2 5
0 17 17 12 9 8 16 11 15 5 12 12 0 5 8 7 17 11 1 9 17 10 6 5 5 9 13 6 6 8 13 0 4 2 14 12
0 17 17 12 9 8 16 11 15 5 12 12 0 5 8 7 17 11 1 16
0 17 17 12 9 8 16 11 15 5 12 12 0 5 8 7 17 11 1 2
0 17 17 12 9 8 16 11 15 5 12 12 0 5 8 7 17 11 1 7
