0000010011020010101112020030
0000010011020010101112020031301
0000010011020010101112020031302102202030
0000010011020010101112020031302102202031
00000100110200101011120200313021022020323032
00000100110200101011120200313021022020323033
00000100110200101011120200313021022020323103
0000010011020010101112020031302102202032311212
0000010011020010101112020031302102202032311213
000001001102001010111202003130210220203231122312130100
000001001102001010111202003130210220203231122312130101
0000010011020010101112020031302102202032311223121301020311321
0000010011020010101112020031302102202032311223121301020311322
000001001102001010111202003130210220203231122312130102031132330
0000010011020010101112020031302102202032311223121301020311323311022
000001001102001010111202003130210220203231122312130102031132331102320
000001001102001010111202003130210220203231122312130102031132331102321
000001001102001010111202003130210220203231122312130102031132331102322
0000010011020010101112020031302102202032311223121301020311323311023232120332
000001001102001010111202003130210220203231122312130102031132331102323212033330
000001001102001010111202003130210220203231122312130102031132331102323212033331
000001001102001010111202003130210220203231122312130102031132331102323212033332
000001001102001010111202003130210220203231122312130102031132331102323212033333
000001001102001010111202003130210220203231122312130102031132331102323212112130
000001001102001010111202003130210220203231122312130102031132331102323212112131
000001001102001010111202003130210220203231122312130102031132331102323212112132
000001001102001010111202003130210220203231122312130102031132331102323212112133
0000010011020010101112020031302102202032311223121301020311323311023232121122
0000010011020010101112020031302102202032311223121301020311323311023232121123
0000010011020010101112020031302102202032311223121301020311323311023232121133
0000010011020010101112020031302102202032311223121301020311323311023232122
0000010011020010101112020031302102202032311223121301020311323311023232123
00000100110200101011120200313021022020323112231213010203113233110232322
00000100110200101011120200313021022020323112231213010203113233110232323
00000100110200101011120200313021022020323112231213010203113233111
00000100110200101011120200313021022020323112231213010203113233112
00000100110200101011120200313021022020323112231213010203113233113
0000010011020010101112020031302102202032311223121301020312
0000010011020010101112020031302102202032311223121301020313
000001001102001010111202003130210220203231122312130103
0000010011020010101112020031302102202032311223121302
0000010011020010101112020031302102202032311223121303
1000010002000011030
100001000200001103120102013021022010111
1000010002000011031201020130210220101123032
1000010002000011031201020130210220101123033
1000010002000011031201020130210220101123103
100001000200001103120102013021022010112311213
10000100020000110312010201302102201011231122312130110220311321
10000100020000110312010201302102201011231122312130110220311322
10000100020000110312010201302102201011231122312130110220311323302030
10000100020000110312010201302102201011231122312130110220311323302031
10000100020000110312010201302102201011231122312130110220311323302032
10000100020000110312010201302102201011231122312130110220311323302033
1000010002000011031201020130210220101123112231213011022031132330212032130
1000010002000011031201020130210220101123112231213011022031132330212032131
1000010002000011031201020130210220101123112231213011022031132330212032132
10000100020000110312010201302102201011231122312130110220311323302120321331
100001000200001103120102013021022010112311223121301102203113233021203213320
100001000200001103120102013021022010112311223121301102203113233021203213321
100001000200001103120102013021022010112311223121301102203113233021203213322330
100001000200001103120102013021022010112311223121301102203113233021203213322331
100001000200001103120102013021022010112311223121301102203113233021203213322332
100001000200001103120102013021022010112311223121301102203113233021203213322333
10000100020000110312010201302102201011231122312130110220311323302120321332332
10000100020000110312010201302102201011231122312130110220311323302120321332333
10000100020000110312010201302102201011231122312130110220311323302120322
10000100020000110312010201302102201011231122312130110220311323302120323
10000100020000110312010201302102201011231122312130110220311323302121122
10000100020000110312010201302102201011231122312130110220311323302121123
1000010002000011031201020130210220101123112231213011022031132330212113
10000100020000110312010201302102201011231122312130110220311323302122
10000100020000110312010201302102201011231122312130110220311323302123
10000100020000110312010201302102201011231122312130110220312
10000100020000110312010201302102201011231122312130110220313
10000100020000110312010201302102201011231122312130111
10000100020000110312010201302102201011231122312130112
10000100020000110312010201302102201011231122312130113
100001000200001103120102013021022010112311223121302
100001000200001103120102013021022010112311223121303
101
102
103
20001001102000021030312010200
200010011020000210303120102013022010111
2000100110200002103031201020130220101123032
2000100110200002103031201020130220101123033
200010011020000210303120102013022010112310
200010011020000210303120102013022010112311213
20001001102000021030312010201302201011231122312130100
20001001102000021030312010201302201011231122312130101
200010011020000210303120102013022010112311223121301020311321
200010011020000210303120102013022010112311223121301020311322
200010011020000210303120102013022010112311223121301020311323302030
200010011020000210303120102013022010112311223121301020311323302031
200010011020000210303120102013022010112311223121301020311323302032
200010011020000210303120102013022010112311223121301020311323302033
20001001102000021030312010201302201011231122312130102031132330211022
2000100110200002103031201020130220101123112231213010203113233021102312032130
2000100110200002103031201020130220101123112231213010203113233021102312032131
2000100110200002103031201020130220101123112231213010203113233021102312032132
200010011020000210303120102013022010112311223121301020311323302110231203213321
200010011020000210303120102013022010112311223121301020311323302110231203213322
20001001102000021030312010201302201011231122312130102031132330211023120321332332
2000100110200002103031201020130220101123112231213010203113233021102312032133233330
2000100110200002103031201020130220101123112231213010203113233021102312032133233331
2000100110200002103031201020130220101123112231213010203113233021102312032133233332
2000100110200002103031201020130220101123112231213010203113233021102312032133233333
20001001102000021030312010201302201011231122312130102031132330211023120322
20001001102000021030312010201302201011231122312130102031132330211023120323
20001001102000021030312010201302201011231122312130102031132330211023121122
20001001102000021030312010201302201011231122312130102031132330211023121123
2000100110200002103031201020130220101123112231213010203113233021102312113
20001001102000021030312010201302201011231122312130102031132330211023122
20001001102000021030312010201302201011231122312130102031132330211023123
200010011020000210303120102013022010112311223121301020311323302111
200010011020000210303120102013022010112311223121301020311323302112
200010011020000210303120102013022010112311223121301020311323302113
200010011020000210303120102013022010112311223121301020312
200010011020000210303120102013022010112311223121301020313
20001001102000021030312010201302201011231122312130103
200010011020000210303120102013022010112311223121302
200010011020000210303120102013022010112311223121303
3000010102002000011030
3000010102002000011031203010013021022010111
30000101020020000110312030100130210220101123032
30000101020020000110312030100130210220101123033
30000101020020000110312030100130210220101123103
3000010102002000011031203010013021022010112311213
3000010102002000011031203010013021022010112311223121311320
3000010102002000011031203010013021022010112311223121311321
3000010102002000011031203010013021022010112311223121311322
3000010102002000011031203010013021022010112311223121311323302030
3000010102002000011031203010013021022010112311223121311323302031
3000010102002000011031203010013021022010112311223121311323302032
3000010102002000011031203010013021022010112311223121311323302033
300001010200200001103120301001302102201011231122312131132330211022
30000101020020000110312030100130210220101123112231213113233021102312032130
30000101020020000110312030100130210220101123112231213113233021102312032131
30000101020020000110312030100130210220101123112231213113233021102312032132
3000010102002000011031203010013021022010112311223121311323302110231203213320
3000010102002000011031203010013021022010112311223121311323302110231203213321
3000010102002000011031203010013021022010112311223121311323302110231203213322
300001010200200001103120301001302102201011231122312131132330211023120321332332
30000101020020000110312030100130210220101123112231213113233021102312032133233331
30000101020020000110312030100130210220101123112231213113233021102312032133233332
30000101020020000110312030100130210220101123112231213113233021102312032133233333
300001010200200001103120301001302102201011231122312131132330211023120322
300001010200200001103120301001302102201011231122312131132330211023120323
300001010200200001103120301001302102201011231122312131132330211023121122
300001010200200001103120301001302102201011231122312131132330211023121123
30000101020020000110312030100130210220101123112231213113233021102312113
300001010200200001103120301001302102201011231122312131132330211023122
300001010200200001103120301001302102201011231122312131132330211023123
3000010102002000011031203010013021022010112311223121311323302111
3000010102002000011031203010013021022010112311223121311323302112
3000010102002000011031203010013021022010112311223121311323302113
3000010102002000011031203010013021022010112311223121312
3000010102002000011031203010013021022010112311223121313
30000101020020000110312030101
30000101020020000110312030102
30000101020020000110312030103
300001010200200001103120302
300001010200200001103120303
