0000000010102000200101000110020001011020203001203030
00000000101020002001010001100200010110202030012030310101011010
0000000010102000200101000110020001011020203001203031010101101110300210020210302120
00000000101020002001010001100200010110202030012030310101011011103002100202103021212011203113020
00000000101020002001010001100200010110202030012030310101011011103002100202103021212011203113021
00000000101020002001010001100200010110202030012030310101011011103002100202103021212011203113022030020
00000000101020002001010001100200010110202030012030310101011011103002100202103021212011203113022030021111300
000000001010200020010100011002000101102020300120303101010110111030021002021030212120112031130220300211113012220
0000000010102000200101000110020001011020203001203031010101101110300210020210302121201120311302203002111130122213102201
00000000101020002001010001100200010110202030012030310101011011103002100202103021212011203113022030021111301222131022021223021
000000001010200020010100011002000101102020300120303101010110111030021002021030212120112031130220300211113012221310220212230223030
000000001010200020010100011002000101102020300120303101010110111030021002021030212120112031130220300211113012221310220212230223031301230
00000000101020002001010001100200010110202030012030310101011011103002100202103021212011203113022030021111301222131022021223022303130123122
000000001010200020010100011002000101102020300120303101010110111030021002021030212120112031130220300211113012221310220212230223031301231231211132
000000001010200020010100011002000101102020300120303101010110111030021002021030212120112031130220300211113012221310220212230223031301231231211133101
000000001010200020010100011002000101102020300120303101010110111030021002021030212120112031130220300211113012221310220212230223031301231231211133102
000000001010200020010100011002000101102020300120303101010110111030021002021030212120112031130220300211113012221310220212230223031301231231211133103
000000001010200020010100011002000101102020300120303101010110111030021002021030212120112031130220300211113012221310220212230223031301231231211133111
000000001010200020010100011002000101102020300120303101010110111030021002021030212120112031130220300211113012221310220212230223031301231231211133112
000000001010200020010100011002000101102020300120303101010110111030021002021030212120112031130220300211113012221310220212230223031301231231211133113213202332
000000001010200020010100011002000101102020300120303101010110111030021002021030212120112031130220300211113012221310220212230223031301231231211133113213202333
00000000101020002001010001100200010110202030012030310101011011103002100202103021212011203113022030021111301222131022021223022303130123123121113311321320301
00000000101020002001010001100200010110202030012030310101011011103002100202103021212011203113022030021111301222131022021223022303130123123121113311321320302
000000001010200020010100011002000101102020300120303101010110111030021002021030212120112031130220300211113012221310220212230223031301231231211133113213203032232312
000000001010200020010100011002000101102020300120303101010110111030021002021030212120112031130220300211113012221310220212230223031301231231211133113213203032232313332011
000000001010200020010100011002000101102020300120303101010110111030021002021030212120112031130220300211113012221310220212230223031301231231211133113213203032232313332012
00000000101020002001010001100200010110202030012030310101011011103002100202103021212011203113022030021111301222131022021223022303130123123121113311321320303223231333201330
000000001010200020010100011002000101102020300120303101010110111030021002021030212120112031130220300211113012221310220212230223031301231231211133113213203032232313332013310321
000000001010200020010100011002000101102020300120303101010110111030021002021030212120112031130220300211113012221310220212230223031301231231211133113213203032232313332013310322
000000001010200020010100011002000101102020300120303101010110111030021002021030212120112031130220300211113012221310220212230223031301231231211133113213203032232313332013310323
0000000010102000200101000110020001011020203001203031010101101110300210020210302121201120311302203002111130122213102202122302230313012312312111331132132030322323133320133103310
0000000010102000200101000110020001011020203001203031010101101110300210020210302121201120311302203002111130122213102202122302230313012312312111331132132030322323133320133103311
0000000010102000200101000110020001011020203001203031010101101110300210020210302121201120311302203002111130122213102202122302230313012312312111331132132030322323133320133103312
0000000010102000200101000110020001011020203001203031010101101110300210020210302121201120311302203002111130122213102202122302230313012312312111331132132030322323133320133103313
0000000010102000200101000110020001011020203001203031010101101110300210020210302121201120311302203002111130122213102202122302230313012312312111331132132030322323133320133103320211310
0000000010102000200101000110020001011020203001203031010101101110300210020210302121201120311302203002111130122213102202122302230313012312312111331132132030322323133320133103320211311
0000000010102000200101000110020001011020203001203031010101101110300210020210302121201120311302203002111130122213102202122302230313012312312111331132132030322323133320133103320211312
0000000010102000200101000110020001011020203001203031010101101110300210020210302121201120311302203002111130122213102202122302230313012312312111331132132030322323133320133103320211313
0000000010102000200101000110020001011020203001203031010101101110300210020210302121201120311302203002111130122213102202122302230313012312312111331132132030322323133320133103320211320
0000000010102000200101000110020001011020203001203031010101101110300210020210302121201120311302203002111130122213102202122302230313012312312111331132132030322323133320133103320211321
0000000010102000200101000110020001011020203001203031010101101110300210020210302121201120311302203002111130122213102202122302230313012312312111331132132030322323133320133103320211322
0000000010102000200101000110020001011020203001203031010101101110300210020210302121201120311302203002111130122213102202122302230313012312312111331132132030322323133320133103320211323
000000001010200020010100011002000101102020300120303101010110111030021002021030212120112031130220300211113012221310220212230223031301231231211133113213203032232313332013310332021133022
000000001010200020010100011002000101102020300120303101010110111030021002021030212120112031130220300211113012221310220212230223031301231231211133113213203032232313332013310332021133023
00000000101020002001010001100200010110202030012030310101011011103002100202103021212011203113022030021111301222131022021223022303130123123121113311321320303223231333201331033202113303
0000000010102000200101000110020001011020203001203031010101101110300210020210302121201120311302203002111130122213102202122302230313012312312111331132132030322323133320133103320211331
00000000101020002001010001100200010110202030012030310101011011103002100202103021212011203113022030021111301222131022021223022303130123123121113311321320303223231333201331033202113321121
00000000101020002001010001100200010110202030012030310101011011103002100202103021212011203113022030021111301222131022021223022303130123123121113311321320303223231333201331033202113321122
00000000101020002001010001100200010110202030012030310101011011103002100202103021212011203113022030021111301222131022021223022303130123123121113311321320303223231333201331033202113321123
000000001010200020010100011002000101102020300120303101010110111030021002021030212120112031130220300211113012221310220212230223031301231231211133113213203032232313332013310332021133211312
000000001010200020010100011002000101102020300120303101010110111030021002021030212120112031130220300211113012221310220212230223031301231231211133113213203032232313332013310332021133211313
0000000010102000200101000110020001011020203001203031010101101110300210020210302121201120311302203002111130122213102202122302230313012312312111331132132030322323133320133103320211332113203
000000001010200020010100011002000101102020300120303101010110111030021002021030212120112031130220300211113012221310220212230223031301231231211133113213203032232313332013310332021133211321
0000000010102000200101000110020001011020203001203031010101101110300210020210302121201120311302203002111130122213102202122302230313012312312111331132132030322323133320133103320211332113221
000000001010200020010100011002000101102020300120303101010110111030021002021030212120112031130220300211113012221310220212230223031301231231211133113213203032232313332013310332021133211322230
000000001010200020010100011002000101102020300120303101010110111030021002021030212120112031130220300211113012221310220212230223031301231231211133113213203032232313332013310332021133211322231
000000001010200020010100011002000101102020300120303101010110111030021002021030212120112031130220300211113012221310220212230223031301231231211133113213203032232313332013310332021133211322232
0000000010102000200101000110020001011020203001203031010101101110300210020210302121201120311302203002111130122213102202122302230313012312312111331132132030322323133320133103320211332113222330
0000000010102000200101000110020001011020203001203031010101101110300210020210302121201120311302203002111130122213102202122302230313012312312111331132132030322323133320133103320211332113222331
0000000010102000200101000110020001011020203001203031010101101110300210020210302121201120311302203002111130122213102202122302230313012312312111331132132030322323133320133103320211332113222332
0000000010102000200101000110020001011020203001203031010101101110300210020210302121201120311302203002111130122213102202122302230313012312312111331132132030322323133320133103320211332113222333
0000000010102000200101000110020001011020203001203031010101101110300210020210302121201120311302203002111130122213102202122302230313012312312111331132132030322323133320133103320211332113223
00000000101020002001010001100200010110202030012030310101011011103002100202103021212011203113022030021111301222131022021223022303130123123121113311321320303223231333201331033202113321133
000000001010200020010100011002000101102020300120303101010110111030021002021030212120112031130220300211113012221310220212230223031301231231211133113213203032232313332013310332021133212
000000001010200020010100011002000101102020300120303101010110111030021002021030212120112031130220300211113012221310220212230223031301231231211133113213203032232313332013310332021133213
000000001010200020010100011002000101102020300120303101010110111030021002021030212120112031130220300211113012221310220212230223031301231231211133113213203032232313332013310332021133221
00000000101020002001010001100200010110202030012030310101011011103002100202103021212011203113022030021111301222131022021223022303130123123121113311321320303223231333201331033202113322232
00000000101020002001010001100200010110202030012030310101011011103002100202103021212011203113022030021111301222131022021223022303130123123121113311321320303223231333201331033202113322233
00000000101020002001010001100200010110202030012030310101011011103002100202103021212011203113022030021111301222131022021223022303130123123121113311321320303223231333201331033202113323
00000000101020002001010001100200010110202030012030310101011011103002100202103021212011203113022030021111301222131022021223022303130123123121113311321320303223231333201331033202113330
00000000101020002001010001100200010110202030012030310101011011103002100202103021212011203113022030021111301222131022021223022303130123123121113311321320303223231333201331033202113331
00000000101020002001010001100200010110202030012030310101011011103002100202103021212011203113022030021111301222131022021223022303130123123121113311321320303223231333201331033202113332
00000000101020002001010001100200010110202030012030310101011011103002100202103021212011203113022030021111301222131022021223022303130123123121113311321320303223231333201331033202113333
000000001010200020010100011002000101102020300120303101010110111030021002021030212120112031130220300211113012221310220212230223031301231231211133113213203032232313332013310332022
000000001010200020010100011002000101102020300120303101010110111030021002021030212120112031130220300211113012221310220212230223031301231231211133113213203032232313332013310332023
000000001010200020010100011002000101102020300120303101010110111030021002021030212120112031130220300211113012221310220212230223031301231231211133113213203032232313332013310332031230
000000001010200020010100011002000101102020300120303101010110111030021002021030212120112031130220300211113012221310220212230223031301231231211133113213203032232313332013310332031231
000000001010200020010100011002000101102020300120303101010110111030021002021030212120112031130220300211113012221310220212230223031301231231211133113213203032232313332013310332031232
000000001010200020010100011002000101102020300120303101010110111030021002021030212120112031130220300211113012221310220212230223031301231231211133113213203032232313332013310332031233
0000000010102000200101000110020001011020203001203031010101101110300210020210302121201120311302203002111130122213102202122302230313012312312111331132132030322323133320133103320313
00000000101020002001010001100200010110202030012030310101011011103002100202103021212011203113022030021111301222131022021223022303130123123121113311321320303223231333201331033203221
00000000101020002001010001100200010110202030012030310101011011103002100202103021212011203113022030021111301222131022021223022303130123123121113311321320303223231333201331033203222
00000000101020002001010001100200010110202030012030310101011011103002100202103021212011203113022030021111301222131022021223022303130123123121113311321320303223231333201331033203223
00000000101020002001010001100200010110202030012030310101011011103002100202103021212011203113022030021111301222131022021223022303130123123121113311321320303223231333201331033203231
00000000101020002001010001100200010110202030012030310101011011103002100202103021212011203113022030021111301222131022021223022303130123123121113311321320303223231333201331033203232
00000000101020002001010001100200010110202030012030310101011011103002100202103021212011203113022030021111301222131022021223022303130123123121113311321320303223231333201331033203233
0000000010102000200101000110020001011020203001203031010101101110300210020210302121201120311302203002111130122213102202122302230313012312312111331132132030322323133320133103320331
0000000010102000200101000110020001011020203001203031010101101110300210020210302121201120311302203002111130122213102202122302230313012312312111331132132030322323133320133103320332
0000000010102000200101000110020001011020203001203031010101101110300210020210302121201120311302203002111130122213102202122302230313012312312111331132132030322323133320133103320333
000000001010200020010100011002000101102020300120303101010110111030021002021030212120112031130220300211113012221310220212230223031301231231211133113213203032232313332013310333
0000000010102000200101000110020001011020203001203031010101101110300210020210302121201120311302203002111130122213102202122302230313012312312111331132133
000000001010200020010100011002000101102020300120303101010110111030021002021030212120112031130220300211113012221310220212230223031301231231212
000000001010200020010100011002000101102020300120303101010110111030021002021030212120112031130220300211113012221310220212230223031301231231213
0000000010102000200101000110020001011020203001203031010101101110300210020210302121201120311302203002111130122213102202122302230313012312313
0000000010102000200101000110020001011020203001203031010101101110300210020210302121201120311302203002111130122213102202122302230313013
0000000010102000200101000110020001011020203001203031010101101110300210020210302121201120311302203002111130122213102202122303
0000000010102000200101000110020001011020203001203031010101101110300210020210302121201120311302203002111130122213102203
000000001010200020010100011002000101102020300120303101010110111030021002021030212120112031130220300211113012222
000000001010200020010100011002000101102020300120303101010110111030021002021030212120112031130220300211113012223
0000000010102000200101000110020001011020203001203031010101101110300210020210302121201120311303
0000000010102000200101000110020001011020203001203031010101101110300210020210303
0000000010102000200101000110020001011020203001203031010101101110300211
0000000010102000200101000110020001011020203001203031010101101110300212
0000000010102000200101000110020001011020203001203031010101101110300213
00000000101020002001010001100201
00000000101020002001010001100202
00000000101020002001010001100203
20000000001010200020101001000111010200021010110103020300120
200000000010102000201010010001110102000210101101030203001210111021120
200000000010102000201010010001110102000210101101030203001210111021121103002100203021300311201120
2000000000101020002010100100011101020002101011010302030012101110211211030021002030213003112011212220
200000000010102000201010010001110102000210101101030203001210111021121103002100203021300311201121222130020
2000000000101020002010100100011101020002101011010302030012101110211211030021002030213003112011212221300212203101
20000000001010200020101001000111010200021010110103020300121011102112110300210020302130031120112122213002122031022013020
20000000001010200020101001000111010200021010110103020300121011102112110300210020302130031120112122213002122031022013021
2000000000101020002010100100011101020002101011010302030012101110211211030021002030213003112011212221300212203102201302211
2000000000101020002010100100011101020002101011010302030012101110211211030021002030213003112011212221300212203102201302212230223030
2000000000101020002010100100011101020002101011010302030012101110211211030021002030213003112011212221300212203102201302212230223031301230
20000000001010200020101001000111010200021010110103020300121011102112110300210020302130031120112122213002122031022013022122302230313012313101
20000000001010200020101001000111010200021010110103020300121011102112110300210020302130031120112122213002122031022013022122302230313012313102
20000000001010200020101001000111010200021010110103020300121011102112110300210020302130031120112122213002122031022013022122302230313012313103121113233202321
20000000001010200020101001000111010200021010110103020300121011102112110300210020302130031120112122213002122031022013022122302230313012313103121113233202322232312
200000000010102000201010010001110102000210101101030203001210111021121103002100203021300311201121222130021220310220130221223022303130123131031211132332023222323132
20000000001010200020101001000111010200021010110103020300121011102112110300210020302130031120112122213002122031022013022122302230313012313103121113233202322232313332011
20000000001010200020101001000111010200021010110103020300121011102112110300210020302130031120112122213002122031022013022122302230313012313103121113233202322232313332012
2000000000101020002010100100011101020002101011010302030012101110211211030021002030213003112011212221300212203102201302212230223031301231310312111323320232223231333201330301
2000000000101020002010100100011101020002101011010302030012101110211211030021002030213003112011212221300212203102201302212230223031301231310312111323320232223231333201330302
2000000000101020002010100100011101020002101011010302030012101110211211030021002030213003112011212221300212203102201302212230223031301231310312111323320232223231333201330303
2000000000101020002010100100011101020002101011010302030012101110211211030021002030213003112011212221300212203102201302212230223031301231310312111323320232223231333201330310
2000000000101020002010100100011101020002101011010302030012101110211211030021002030213003112011212221300212203102201302212230223031301231310312111323320232223231333201330311
2000000000101020002010100100011101020002101011010302030012101110211211030021002030213003112011212221300212203102201302212230223031301231310312111323320232223231333201330312
2000000000101020002010100100011101020002101011010302030012101110211211030021002030213003112011212221300212203102201302212230223031301231310312111323320232223231333201330313
2000000000101020002010100100011101020002101011010302030012101110211211030021002030213003112011212221300212203102201302212230223031301231310312111323320232223231333201330320
2000000000101020002010100100011101020002101011010302030012101110211211030021002030213003112011212221300212203102201302212230223031301231310312111323320232223231333201330321
2000000000101020002010100100011101020002101011010302030012101110211211030021002030213003112011212221300212203102201302212230223031301231310312111323320232223231333201330322
2000000000101020002010100100011101020002101011010302030012101110211211030021002030213003112011212221300212203102201302212230223031301231310312111323320232223231333201330323
200000000010102000201010010001110102000210101101030203001210111021121103002100203021300311201121222130021220310220130221223022303130123131031211132332023222323133320133033023
200000000010102000201010010001110102000210101101030203001210111021121103002100203021300311201121222130021220310220130221223022303130123131031211132332023222323133320133033030
200000000010102000201010010001110102000210101101030203001210111021121103002100203021300311201121222130021220310220130221223022303130123131031211132332023222323133320133033031
200000000010102000201010010001110102000210101101030203001210111021121103002100203021300311201121222130021220310220130221223022303130123131031211132332023222323133320133033032
200000000010102000201010010001110102000210101101030203001210111021121103002100203021300311201121222130021220310220130221223022303130123131031211132332023222323133320133033033
20000000001010200020101001000111010200021010110103020300121011102112110300210020302130031120112122213002122031022013022122302230313012313103121113233202322232313332013303310
20000000001010200020101001000111010200021010110103020300121011102112110300210020302130031120112122213002122031022013022122302230313012313103121113233202322232313332013303311
20000000001010200020101001000111010200021010110103020300121011102112110300210020302130031120112122213002122031022013022122302230313012313103121113233202322232313332013303312
20000000001010200020101001000111010200021010110103020300121011102112110300210020302130031120112122213002122031022013022122302230313012313103121113233202322232313332013303313
20000000001010200020101001000111010200021010110103020300121011102112110300210020302130031120112122213002122031022013022122302230313012313103121113233202322232313332013303320210322
20000000001010200020101001000111010200021010110103020300121011102112110300210020302130031120112122213002122031022013022122302230313012313103121113233202322232313332013303320210323
20000000001010200020101001000111010200021010110103020300121011102112110300210020302130031120112122213002122031022013022122302230313012313103121113233202322232313332013303320210331
200000000010102000201010010001110102000210101101030203001210111021121103002100203021300311201121222130021220310220130221223022303130123131031211132332023222323133320133033202103321111
200000000010102000201010010001110102000210101101030203001210111021121103002100203021300311201121222130021220310220130221223022303130123131031211132332023222323133320133033202103321112
2000000000101020002010100100011101020002101011010302030012101110211211030021002030213003112011212221300212203102201302212230223031301231310312111323320232223231333201330332021033211133
200000000010102000201010010001110102000210101101030203001210111021121103002100203021300311201121222130021220310220130221223022303130123131031211132332023222323133320133033202103321121
200000000010102000201010010001110102000210101101030203001210111021121103002100203021300311201121222130021220310220130221223022303130123131031211132332023222323133320133033202103321122
200000000010102000201010010001110102000210101101030203001210111021121103002100203021300311201121222130021220310220130221223022303130123131031211132332023222323133320133033202103321123
20000000001010200020101001000111010200021010110103020300121011102112110300210020302130031120112122213002122031022013022122302230313012313103121113233202322232313332013303320210332113113
2000000000101020002010100100011101020002101011010302030012101110211211030021002030213003112011212221300212203102201302212230223031301231310312111323320232223231333201330332021033211312
2000000000101020002010100100011101020002101011010302030012101110211211030021002030213003112011212221300212203102201302212230223031301231310312111323320232223231333201330332021033211313
20000000001010200020101001000111010200021010110103020300121011102112110300210020302130031120112122213002122031022013022122302230313012313103121113233202322232313332013303320210332113203
2000000000101020002010100100011101020002101011010302030012101110211211030021002030213003112011212221300212203102201302212230223031301231310312111323320232223231333201330332021033211321
20000000001010200020101001000111010200021010110103020300121011102112110300210020302130031120112122213002122031022013022122302230313012313103121113233202322232313332013303320210332113221
2000000000101020002010100100011101020002101011010302030012101110211211030021002030213003112011212221300212203102201302212230223031301231310312111323320232223231333201330332021033211322230
2000000000101020002010100100011101020002101011010302030012101110211211030021002030213003112011212221300212203102201302212230223031301231310312111323320232223231333201330332021033211322231
2000000000101020002010100100011101020002101011010302030012101110211211030021002030213003112011212221300212203102201302212230223031301231310312111323320232223231333201330332021033211322232
20000000001010200020101001000111010200021010110103020300121011102112110300210020302130031120112122213002122031022013022122302230313012313103121113233202322232313332013303320210332113222330
20000000001010200020101001000111010200021010110103020300121011102112110300210020302130031120112122213002122031022013022122302230313012313103121113233202322232313332013303320210332113222331
20000000001010200020101001000111010200021010110103020300121011102112110300210020302130031120112122213002122031022013022122302230313012313103121113233202322232313332013303320210332113222332
20000000001010200020101001000111010200021010110103020300121011102112110300210020302130031120112122213002122031022013022122302230313012313103121113233202322232313332013303320210332113222333
20000000001010200020101001000111010200021010110103020300121011102112110300210020302130031120112122213002122031022013022122302230313012313103121113233202322232313332013303320210332113223
200000000010102000201010010001110102000210101101030203001210111021121103002100203021300311201121222130021220310220130221223022303130123131031211132332023222323133320133033202103321133
2000000000101020002010100100011101020002101011010302030012101110211211030021002030213003112011212221300212203102201302212230223031301231310312111323320232223231333201330332021033212
2000000000101020002010100100011101020002101011010302030012101110211211030021002030213003112011212221300212203102201302212230223031301231310312111323320232223231333201330332021033213
2000000000101020002010100100011101020002101011010302030012101110211211030021002030213003112011212221300212203102201302212230223031301231310312111323320232223231333201330332021033221
200000000010102000201010010001110102000210101101030203001210111021121103002100203021300311201121222130021220310220130221223022303130123131031211132332023222323133320133033202103322231
200000000010102000201010010001110102000210101101030203001210111021121103002100203021300311201121222130021220310220130221223022303130123131031211132332023222323133320133033202103322232
200000000010102000201010010001110102000210101101030203001210111021121103002100203021300311201121222130021220310220130221223022303130123131031211132332023222323133320133033202103322233
200000000010102000201010010001110102000210101101030203001210111021121103002100203021300311201121222130021220310220130221223022303130123131031211132332023222323133320133033202103323
200000000010102000201010010001110102000210101101030203001210111021121103002100203021300311201121222130021220310220130221223022303130123131031211132332023222323133320133033202103330
200000000010102000201010010001110102000210101101030203001210111021121103002100203021300311201121222130021220310220130221223022303130123131031211132332023222323133320133033202103331
200000000010102000201010010001110102000210101101030203001210111021121103002100203021300311201121222130021220310220130221223022303130123131031211132332023222323133320133033202103332
200000000010102000201010010001110102000210101101030203001210111021121103002100203021300311201121222130021220310220130221223022303130123131031211132332023222323133320133033202103333
2000000000101020002010100100011101020002101011010302030012101110211211030021002030213003112011212221300212203102201302212230223031301231310312111323320232223231333201330332022
2000000000101020002010100100011101020002101011010302030012101110211211030021002030213003112011212221300212203102201302212230223031301231310312111323320232223231333201330332023
2000000000101020002010100100011101020002101011010302030012101110211211030021002030213003112011212221300212203102201302212230223031301231310312111323320232223231333201330332031230
2000000000101020002010100100011101020002101011010302030012101110211211030021002030213003112011212221300212203102201302212230223031301231310312111323320232223231333201330332031231
2000000000101020002010100100011101020002101011010302030012101110211211030021002030213003112011212221300212203102201302212230223031301231310312111323320232223231333201330332031232
2000000000101020002010100100011101020002101011010302030012101110211211030021002030213003112011212221300212203102201302212230223031301231310312111323320232223231333201330332031233
20000000001010200020101001000111010200021010110103020300121011102112110300210020302130031120112122213002122031022013022122302230313012313103121113233202322232313332013303320313
200000000010102000201010010001110102000210101101030203001210111021121103002100203021300311201121222130021220310220130221223022303130123131031211132332023222323133320133033203222
200000000010102000201010010001110102000210101101030203001210111021121103002100203021300311201121222130021220310220130221223022303130123131031211132332023222323133320133033203223
200000000010102000201010010001110102000210101101030203001210111021121103002100203021300311201121222130021220310220130221223022303130123131031211132332023222323133320133033203231
200000000010102000201010010001110102000210101101030203001210111021121103002100203021300311201121222130021220310220130221223022303130123131031211132332023222323133320133033203232
200000000010102000201010010001110102000210101101030203001210111021121103002100203021300311201121222130021220310220130221223022303130123131031211132332023222323133320133033203233
20000000001010200020101001000111010200021010110103020300121011102112110300210020302130031120112122213002122031022013022122302230313012313103121113233202322232313332013303320331
20000000001010200020101001000111010200021010110103020300121011102112110300210020302130031120112122213002122031022013022122302230313012313103121113233202322232313332013303320332
20000000001010200020101001000111010200021010110103020300121011102112110300210020302130031120112122213002122031022013022122302230313012313103121113233202322232313332013303320333
2000000000101020002010100100011101020002101011010302030012101110211211030021002030213003112011212221300212203102201302212230223031301231310312111323320232223231333201330333
200000000010102000201010010001110102000210101101030203001210111021121103002100203021300311201121222130021220310220130221223022303130123131031211132333
200000000010102000201010010001110102000210101101030203001210111021121103002100203021300311201121222130021220310220130221223022303130123131031212
200000000010102000201010010001110102000210101101030203001210111021121103002100203021300311201121222130021220310220130221223022303130123131031213
2000000000101020002010100100011101020002101011010302030012101110211211030021002030213003112011212221300212203102201302212230223031301231310313
20000000001010200020101001000111010200021010110103020300121011102112110300210020302130031120112122213002122031022013022122302230313013
20000000001010200020101001000111010200021010110103020300121011102112110300210020302130031120112122213002122031022013022122303
2000000000101020002010100100011101020002101011010302030012101110211211030021002030213003112011212221300212203102201303
2000000000101020002010100100011101020002101011010302030012101110211211030021002030213003112011212221300212203102202
2000000000101020002010100100011101020002101011010302030012101110211211030021002030213003112011212221300212203102203
2000000000101020002010100100011101020002101011010302030012101110211211030021002030213003112011212222
2000000000101020002010100100011101020002101011010302030012101110211211030021002030213003112011212223
20000000001010200020101001000111010200021010110103020300121011102112110300210020303
20000000001010200020101001000111010200021010110103020300121011102112110300211
20000000001010200020101001000111010200021010110103020300121011102112110300212
20000000001010200020101001000111010200021010110103020300121011102112110300213
2000000000101020002010100100011101020002101011010303
20000000001010200020101001000111010201
20000000001010200020101001000111010202
20000000001010200020101001000111010203
1000000010102001001000111000200102000110302020300120
1000000010102001001000111000200102000110302020300121010101101110300210020210302120
10000000101020010010001110002001020001103020203001210101011011103002100202103021212011203113020
10000000101020010010001110002001020001103020203001210101011011103002100202103021212011203113021
10000000101020010010001110002001020001103020203001210101011011103002100202103021212011203113022030020
10000000101020010010001110002001020001103020203001210101011011103002100202103021212011203113022030021111300
100000001010200100100011100020010200011030202030012101010110111030021002021030212120112031130220300211113012220
1000000010102001001000111000200102000110302020300121010101101110300210020210302121201120311302203002111130122213102201
10000000101020010010001110002001020001103020203001210101011011103002100202103021212011203113022030021111301222131022021223021
100000001010200100100011100020010200011030202030012101010110111030021002021030212120112031130220300211113012221310220212230223030
100000001010200100100011100020010200011030202030012101010110111030021002021030212120112031130220300211113012221310220212230223031301230
10000000101020010010001110002001020001103020203001210101011011103002100202103021212011203113022030021111301222131022021223022303130123122
1000000010102001001000111000200102000110302020300121010101101110300210020210302121201120311302203002111130122213102202122302230313012312312112
1000000010102001001000111000200102000110302020300121010101101110300210020210302121201120311302203002111130122213102202122302230313012312312113223231
100000001010200100100011100020010200011030202030012101010110111030021002021030212120112031130220300211113012221310220212230223031301231231211322323213101
100000001010200100100011100020010200011030202030012101010110111030021002021030212120112031130220300211113012221310220212230223031301231231211322323213102
1000000010102001001000111000200102000110302020300121010101101110300210020210302121201120311302203002111130122213102202122302230313012312312113223232131032
1000000010102001001000111000200102000110302020300121010101101110300210020210302121201120311302203002111130122213102202122302230313012312312113223232131033202321
1000000010102001001000111000200102000110302020300121010101101110300210020210302121201120311302203002111130122213102202122302230313012312312113223232131033202322
100000001010200100100011100020010200011030202030012101010110111030021002021030212120112031130220300211113012221310220212230223031301231231211322323213103320232332011
100000001010200100100011100020010200011030202030012101010110111030021002021030212120112031130220300211113012221310220212230223031301231231211322323213103320232332012
100000001010200100100011100020010200011030202030012101010110111030021002021030212120112031130220300211113012221310220212230223031301231231211322323213103320232332013303013
10000000101020010010001110002001020001103020203001210101011011103002100202103021212011203113022030021111301222131022021223022303130123123121132232321310332023233201330302
100000001010200100100011100020010200011030202030012101010110111030021002021030212120112031130220300211113012221310220212230223031301231231211322323213103320232332013303033
10000000101020010010001110002001020001103020203001210101011011103002100202103021212011203113022030021111301222131022021223022303130123123121132232321310332023233201330310
10000000101020010010001110002001020001103020203001210101011011103002100202103021212011203113022030021111301222131022021223022303130123123121132232321310332023233201330311
10000000101020010010001110002001020001103020203001210101011011103002100202103021212011203113022030021111301222131022021223022303130123123121132232321310332023233201330312
10000000101020010010001110002001020001103020203001210101011011103002100202103021212011203113022030021111301222131022021223022303130123123121132232321310332023233201330313
10000000101020010010001110002001020001103020203001210101011011103002100202103021212011203113022030021111301222131022021223022303130123123121132232321310332023233201330320
10000000101020010010001110002001020001103020203001210101011011103002100202103021212011203113022030021111301222131022021223022303130123123121132232321310332023233201330321
10000000101020010010001110002001020001103020203001210101011011103002100202103021212011203113022030021111301222131022021223022303130123123121132232321310332023233201330322
10000000101020010010001110002001020001103020203001210101011011103002100202103021212011203113022030021111301222131022021223022303130123123121132232321310332023233201330323
100000001010200100100011100020010200011030202030012101010110111030021002021030212120112031130220300211113012221310220212230223031301231231211322323213103320232332013303302
1000000010102001001000111000200102000110302020300121010101101110300210020210302121201120311302203002111130122213102202122302230313012312312113223232131033202323320133033030
1000000010102001001000111000200102000110302020300121010101101110300210020210302121201120311302203002111130122213102202122302230313012312312113223232131033202323320133033031
1000000010102001001000111000200102000110302020300121010101101110300210020210302121201120311302203002111130122213102202122302230313012312312113223232131033202323320133033032
1000000010102001001000111000200102000110302020300121010101101110300210020210302121201120311302203002111130122213102202122302230313012312312113223232131033202323320133033033
100000001010200100100011100020010200011030202030012101010110111030021002021030212120112031130220300211113012221310220212230223031301231231211322323213103320232332013303310
100000001010200100100011100020010200011030202030012101010110111030021002021030212120112031130220300211113012221310220212230223031301231231211322323213103320232332013303311
100000001010200100100011100020010200011030202030012101010110111030021002021030212120112031130220300211113012221310220212230223031301231231211322323213103320232332013303312
100000001010200100100011100020010200011030202030012101010110111030021002021030212120112031130220300211113012221310220212230223031301231231211322323213103320232332013303313
100000001010200100100011100020010200011030202030012101010110111030021002021030212120112031130220300211113012221310220212230223031301231231211322323213103320232332013303320210331
1000000010102001001000111000200102000110302020300121010101101110300210020210302121201120311302203002111130122213102202122302230313012312312113223232131033202323320133033202103321111
1000000010102001001000111000200102000110302020300121010101101110300210020210302121201120311302203002111130122213102202122302230313012312312113223232131033202323320133033202103321112
10000000101020010010001110002001020001103020203001210101011011103002100202103021212011203113022030021111301222131022021223022303130123123121132232321310332023233201330332021033211133
1000000010102001001000111000200102000110302020300121010101101110300210020210302121201120311302203002111130122213102202122302230313012312312113223232131033202323320133033202103321121
1000000010102001001000111000200102000110302020300121010101101110300210020210302121201120311302203002111130122213102202122302230313012312312113223232131033202323320133033202103321122
1000000010102001001000111000200102000110302020300121010101101110300210020210302121201120311302203002111130122213102202122302230313012312312113223232131033202323320133033202103321123
100000001010200100100011100020010200011030202030012101010110111030021002021030212120112031130220300211113012221310220212230223031301231231211322323213103320232332013303320210332113113
10000000101020010010001110002001020001103020203001210101011011103002100202103021212011203113022030021111301222131022021223022303130123123121132232321310332023233201330332021033211312
10000000101020010010001110002001020001103020203001210101011011103002100202103021212011203113022030021111301222131022021223022303130123123121132232321310332023233201330332021033211313
100000001010200100100011100020010200011030202030012101010110111030021002021030212120112031130220300211113012221310220212230223031301231231211322323213103320232332013303320210332113203
10000000101020010010001110002001020001103020203001210101011011103002100202103021212011203113022030021111301222131022021223022303130123123121132232321310332023233201330332021033211321
100000001010200100100011100020010200011030202030012101010110111030021002021030212120112031130220300211113012221310220212230223031301231231211322323213103320232332013303320210332113221
10000000101020010010001110002001020001103020203001210101011011103002100202103021212011203113022030021111301222131022021223022303130123123121132232321310332023233201330332021033211322230
10000000101020010010001110002001020001103020203001210101011011103002100202103021212011203113022030021111301222131022021223022303130123123121132232321310332023233201330332021033211322231
10000000101020010010001110002001020001103020203001210101011011103002100202103021212011203113022030021111301222131022021223022303130123123121132232321310332023233201330332021033211322232
100000001010200100100011100020010200011030202030012101010110111030021002021030212120112031130220300211113012221310220212230223031301231231211322323213103320232332013303320210332113222330
100000001010200100100011100020010200011030202030012101010110111030021002021030212120112031130220300211113012221310220212230223031301231231211322323213103320232332013303320210332113222331
100000001010200100100011100020010200011030202030012101010110111030021002021030212120112031130220300211113012221310220212230223031301231231211322323213103320232332013303320210332113222332
100000001010200100100011100020010200011030202030012101010110111030021002021030212120112031130220300211113012221310220212230223031301231231211322323213103320232332013303320210332113222333
100000001010200100100011100020010200011030202030012101010110111030021002021030212120112031130220300211113012221310220212230223031301231231211322323213103320232332013303320210332113223
1000000010102001001000111000200102000110302020300121010101101110300210020210302121201120311302203002111130122213102202122302230313012312312113223232131033202323320133033202103321133
10000000101020010010001110002001020001103020203001210101011011103002100202103021212011203113022030021111301222131022021223022303130123123121132232321310332023233201330332021033212
10000000101020010010001110002001020001103020203001210101011011103002100202103021212011203113022030021111301222131022021223022303130123123121132232321310332023233201330332021033213
10000000101020010010001110002001020001103020203001210101011011103002100202103021212011203113022030021111301222131022021223022303130123123121132232321310332023233201330332021033221
1000000010102001001000111000200102000110302020300121010101101110300210020210302121201120311302203002111130122213102202122302230313012312312113223232131033202323320133033202103322231
1000000010102001001000111000200102000110302020300121010101101110300210020210302121201120311302203002111130122213102202122302230313012312312113223232131033202323320133033202103322232
1000000010102001001000111000200102000110302020300121010101101110300210020210302121201120311302203002111130122213102202122302230313012312312113223232131033202323320133033202103322233
1000000010102001001000111000200102000110302020300121010101101110300210020210302121201120311302203002111130122213102202122302230313012312312113223232131033202323320133033202103323
1000000010102001001000111000200102000110302020300121010101101110300210020210302121201120311302203002111130122213102202122302230313012312312113223232131033202323320133033202103330
1000000010102001001000111000200102000110302020300121010101101110300210020210302121201120311302203002111130122213102202122302230313012312312113223232131033202323320133033202103331
1000000010102001001000111000200102000110302020300121010101101110300210020210302121201120311302203002111130122213102202122302230313012312312113223232131033202323320133033202103332
1000000010102001001000111000200102000110302020300121010101101110300210020210302121201120311302203002111130122213102202122302230313012312312113223232131033202323320133033202103333
10000000101020010010001110002001020001103020203001210101011011103002100202103021212011203113022030021111301222131022021223022303130123123121132232321310332023233201330332022
10000000101020010010001110002001020001103020203001210101011011103002100202103021212011203113022030021111301222131022021223022303130123123121132232321310332023233201330332023
10000000101020010010001110002001020001103020203001210101011011103002100202103021212011203113022030021111301222131022021223022303130123123121132232321310332023233201330332031230
10000000101020010010001110002001020001103020203001210101011011103002100202103021212011203113022030021111301222131022021223022303130123123121132232321310332023233201330332031231
10000000101020010010001110002001020001103020203001210101011011103002100202103021212011203113022030021111301222131022021223022303130123123121132232321310332023233201330332031232
10000000101020010010001110002001020001103020203001210101011011103002100202103021212011203113022030021111301222131022021223022303130123123121132232321310332023233201330332031233
100000001010200100100011100020010200011030202030012101010110111030021002021030212120112031130220300211113012221310220212230223031301231231211322323213103320232332013303320313
1000000010102001001000111000200102000110302020300121010101101110300210020210302121201120311302203002111130122213102202122302230313012312312113223232131033202323320133033203222
1000000010102001001000111000200102000110302020300121010101101110300210020210302121201120311302203002111130122213102202122302230313012312312113223232131033202323320133033203223
1000000010102001001000111000200102000110302020300121010101101110300210020210302121201120311302203002111130122213102202122302230313012312312113223232131033202323320133033203231
1000000010102001001000111000200102000110302020300121010101101110300210020210302121201120311302203002111130122213102202122302230313012312312113223232131033202323320133033203232
1000000010102001001000111000200102000110302020300121010101101110300210020210302121201120311302203002111130122213102202122302230313012312312113223232131033202323320133033203233
100000001010200100100011100020010200011030202030012101010110111030021002021030212120112031130220300211113012221310220212230223031301231231211322323213103320232332013303320331
100000001010200100100011100020010200011030202030012101010110111030021002021030212120112031130220300211113012221310220212230223031301231231211322323213103320232332013303320332
100000001010200100100011100020010200011030202030012101010110111030021002021030212120112031130220300211113012221310220212230223031301231231211322323213103320232332013303320333
10000000101020010010001110002001020001103020203001210101011011103002100202103021212011203113022030021111301222131022021223022303130123123121132232321310332023233201330333
10000000101020010010001110002001020001103020203001210101011011103002100202103021212011203113022030021111301222131022021223022303130123123121132232321310333
10000000101020010010001110002001020001103020203001210101011011103002100202103021212011203113022030021111301222131022021223022303130123123121132232322
10000000101020010010001110002001020001103020203001210101011011103002100202103021212011203113022030021111301222131022021223022303130123123121132232323
100000001010200100100011100020010200011030202030012101010110111030021002021030212120112031130220300211113012221310220212230223031301231231212
100000001010200100100011100020010200011030202030012101010110111030021002021030212120112031130220300211113012221310220212230223031301231231213
1000000010102001001000111000200102000110302020300121010101101110300210020210302121201120311302203002111130122213102202122302230313012312313
1000000010102001001000111000200102000110302020300121010101101110300210020210302121201120311302203002111130122213102202122302230313013
1000000010102001001000111000200102000110302020300121010101101110300210020210302121201120311302203002111130122213102202122303
1000000010102001001000111000200102000110302020300121010101101110300210020210302121201120311302203002111130122213102203
100000001010200100100011100020010200011030202030012101010110111030021002021030212120112031130220300211113012222
100000001010200100100011100020010200011030202030012101010110111030021002021030212120112031130220300211113012223
1000000010102001001000111000200102000110302020300121010101101110300210020210302121201120311303
1000000010102001001000111000200102000110302020300121010101101110300210020210303
1000000010102001001000111000200102000110302020300121010101101110300211
1000000010102001001000111000200102000110302020300121010101101110300212
1000000010102001001000111000200102000110302020300121010101101110300213
1000000010102001001000111000200102000110303
100000001010200100100011100020010201
100000001010200100100011100020010202
100000001010200100100011100020010203
300000000101020002000100100011101020001012030202031030011010
30000000010102000200010010001110102000101203020203103001101101010210020210302120
3000000001010200020001001000111010200010120302020310300110110101021002021030212110
30000000010102000200010010001110102000101203020203103001101101010210020210302121113011201120312030020
30000000010102000200010010001110102000101203020203103001101101010210020210302121113011201120312030021111300
300000000101020002000100100011101020001012030202031030011011010102100202103021211130112011203120300211113012220
30000000010102000200010010001110102000101203020203103001101101010210020210302121113011201120312030021111301222131022013020
30000000010102000200010010001110102000101203020203103001101101010210020210302121113011201120312030021111301222131022013021
300000000101020002000100100011101020001012030202031030011011010102100202103021211130112011203120300211113012221310220130221223021
3000000001010200020001001000111010200010120302020310300110110101021002021030212111301120112031203002111130122213102201302212230223030
3000000001010200020001001000111010200010120302020310300110110101021002021030212111301120112031203002111130122213102201302212230223031
3000000001010200020001001000111010200010120302020310300110110101021002021030212111301120112031203002111130122213102201302212230223032311312112
30000000010102000200010010001110102000101203020203103001101101010210020210302121113011201120312030021111301222131022013022122302230323113121130
3000000001010200020001001000111010200010120302020310300110110101021002021030212111301120112031203002111130122213102201302212230223032311312113122322332012
30000000010102000200010010001110102000101203020203103001101101010210020210302121113011201120312030021111301222131022013022122302230323113121131223223320133023213101
30000000010102000200010010001110102000101203020203103001101101010210020210302121113011201120312030021111301222131022013022122302230323113121131223223320133023213102
3000000001010200020001001000111010200010120302020310300110110101021002021030212111301120112031203002111130122213102201302212230223032311312113122322332013302321310323320301
3000000001010200020001001000111010200010120302020310300110110101021002021030212111301120112031203002111130122213102201302212230223032311312113122322332013302321310323320302
30000000010102000200010010001110102000101203020203103001101101010210020210302121113011201120312030021111301222131022013022122302230323113121131223223320133023213103233203033
3000000001010200020001001000111010200010120302020310300110110101021002021030212111301120112031203002111130122213102201302212230223032311312113122322332013302321310323320310
3000000001010200020001001000111010200010120302020310300110110101021002021030212111301120112031203002111130122213102201302212230223032311312113122322332013302321310323320311
3000000001010200020001001000111010200010120302020310300110110101021002021030212111301120112031203002111130122213102201302212230223032311312113122322332013302321310323320312
3000000001010200020001001000111010200010120302020310300110110101021002021030212111301120112031203002111130122213102201302212230223032311312113122322332013302321310323320313
3000000001010200020001001000111010200010120302020310300110110101021002021030212111301120112031203002111130122213102201302212230223032311312113122322332013302321310323320320
3000000001010200020001001000111010200010120302020310300110110101021002021030212111301120112031203002111130122213102201302212230223032311312113122322332013302321310323320321
3000000001010200020001001000111010200010120302020310300110110101021002021030212111301120112031203002111130122213102201302212230223032311312113122322332013302321310323320322
3000000001010200020001001000111010200010120302020310300110110101021002021030212111301120112031203002111130122213102201302212230223032311312113122322332013302321310323320323
300000000101020002000100100011101020001012030202031030011011010102100202103021211130112011203120300211113012221310220130221223022303231131211312232233201330232131032332033022
300000000101020002000100100011101020001012030202031030011011010102100202103021211130112011203120300211113012221310220130221223022303231131211312232233201330232131032332033023
300000000101020002000100100011101020001012030202031030011011010102100202103021211130112011203120300211113012221310220130221223022303231131211312232233201330232131032332033030
300000000101020002000100100011101020001012030202031030011011010102100202103021211130112011203120300211113012221310220130221223022303231131211312232233201330232131032332033031
300000000101020002000100100011101020001012030202031030011011010102100202103021211130112011203120300211113012221310220130221223022303231131211312232233201330232131032332033032
300000000101020002000100100011101020001012030202031030011011010102100202103021211130112011203120300211113012221310220130221223022303231131211312232233201330232131032332033033
30000000010102000200010010001110102000101203020203103001101101010210020210302121113011201120312030021111301222131022013022122302230323113121131223223320133023213103233203311
30000000010102000200010010001110102000101203020203103001101101010210020210302121113011201120312030021111301222131022013022122302230323113121131223223320133023213103233203312
30000000010102000200010010001110102000101203020203103001101101010210020210302121113011201120312030021111301222131022013022122302230323113121131223223320133023213103233203313
30000000010102000200010010001110102000101203020203103001101101010210020210302121113011201120312030021111301222131022013022122302230323113121131223223320133023213103233203320210321
30000000010102000200010010001110102000101203020203103001101101010210020210302121113011201120312030021111301222131022013022122302230323113121131223223320133023213103233203320210322
30000000010102000200010010001110102000101203020203103001101101010210020210302121113011201120312030021111301222131022013022122302230323113121131223223320133023213103233203320210323
300000000101020002000100100011101020001012030202031030011011010102100202103021211130112011203120300211113012221310220130221223022303231131211312232233201330232131032332033202103321111
300000000101020002000100100011101020001012030202031030011011010102100202103021211130112011203120300211113012221310220130221223022303231131211312232233201330232131032332033202103321112
3000000001010200020001001000111010200010120302020310300110110101021002021030212111301120112031203002111130122213102201302212230223032311312113122322332013302321310323320332021033211133
300000000101020002000100100011101020001012030202031030011011010102100202103021211130112011203120300211113012221310220130221223022303231131211312232233201330232131032332033202103321121
300000000101020002000100100011101020001012030202031030011011010102100202103021211130112011203120300211113012221310220130221223022303231131211312232233201330232131032332033202103321122
300000000101020002000100100011101020001012030202031030011011010102100202103021211130112011203120300211113012221310220130221223022303231131211312232233201330232131032332033202103321123
30000000010102000200010010001110102000101203020203103001101101010210020210302121113011201120312030021111301222131022013022122302230323113121131223223320133023213103233203320210332113113
3000000001010200020001001000111010200010120302020310300110110101021002021030212111301120112031203002111130122213102201302212230223032311312113122322332013302321310323320332021033211312
3000000001010200020001001000111010200010120302020310300110110101021002021030212111301120112031203002111130122213102201302212230223032311312113122322332013302321310323320332021033211313
30000000010102000200010010001110102000101203020203103001101101010210020210302121113011201120312030021111301222131022013022122302230323113121131223223320133023213103233203320210332113203
3000000001010200020001001000111010200010120302020310300110110101021002021030212111301120112031203002111130122213102201302212230223032311312113122322332013302321310323320332021033211321
30000000010102000200010010001110102000101203020203103001101101010210020210302121113011201120312030021111301222131022013022122302230323113121131223223320133023213103233203320210332113221
3000000001010200020001001000111010200010120302020310300110110101021002021030212111301120112031203002111130122213102201302212230223032311312113122322332013302321310323320332021033211322230
3000000001010200020001001000111010200010120302020310300110110101021002021030212111301120112031203002111130122213102201302212230223032311312113122322332013302321310323320332021033211322231
3000000001010200020001001000111010200010120302020310300110110101021002021030212111301120112031203002111130122213102201302212230223032311312113122322332013302321310323320332021033211322232
30000000010102000200010010001110102000101203020203103001101101010210020210302121113011201120312030021111301222131022013022122302230323113121131223223320133023213103233203320210332113222330
30000000010102000200010010001110102000101203020203103001101101010210020210302121113011201120312030021111301222131022013022122302230323113121131223223320133023213103233203320210332113222331
30000000010102000200010010001110102000101203020203103001101101010210020210302121113011201120312030021111301222131022013022122302230323113121131223223320133023213103233203320210332113222332
30000000010102000200010010001110102000101203020203103001101101010210020210302121113011201120312030021111301222131022013022122302230323113121131223223320133023213103233203320210332113222333
30000000010102000200010010001110102000101203020203103001101101010210020210302121113011201120312030021111301222131022013022122302230323113121131223223320133023213103233203320210332113223
300000000101020002000100100011101020001012030202031030011011010102100202103021211130112011203120300211113012221310220130221223022303231131211312232233201330232131032332033202103321133
3000000001010200020001001000111010200010120302020310300110110101021002021030212111301120112031203002111130122213102201302212230223032311312113122322332013302321310323320332021033212
3000000001010200020001001000111010200010120302020310300110110101021002021030212111301120112031203002111130122213102201302212230223032311312113122322332013302321310323320332021033213
3000000001010200020001001000111010200010120302020310300110110101021002021030212111301120112031203002111130122213102201302212230223032311312113122322332013302321310323320332021033221
300000000101020002000100100011101020001012030202031030011011010102100202103021211130112011203120300211113012221310220130221223022303231131211312232233201330232131032332033202103322231
300000000101020002000100100011101020001012030202031030011011010102100202103021211130112011203120300211113012221310220130221223022303231131211312232233201330232131032332033202103322232
300000000101020002000100100011101020001012030202031030011011010102100202103021211130112011203120300211113012221310220130221223022303231131211312232233201330232131032332033202103322233
300000000101020002000100100011101020001012030202031030011011010102100202103021211130112011203120300211113012221310220130221223022303231131211312232233201330232131032332033202103323
300000000101020002000100100011101020001012030202031030011011010102100202103021211130112011203120300211113012221310220130221223022303231131211312232233201330232131032332033202103330
300000000101020002000100100011101020001012030202031030011011010102100202103021211130112011203120300211113012221310220130221223022303231131211312232233201330232131032332033202103331
300000000101020002000100100011101020001012030202031030011011010102100202103021211130112011203120300211113012221310220130221223022303231131211312232233201330232131032332033202103332
300000000101020002000100100011101020001012030202031030011011010102100202103021211130112011203120300211113012221310220130221223022303231131211312232233201330232131032332033202103333
3000000001010200020001001000111010200010120302020310300110110101021002021030212111301120112031203002111130122213102201302212230223032311312113122322332013302321310323320332022
3000000001010200020001001000111010200010120302020310300110110101021002021030212111301120112031203002111130122213102201302212230223032311312113122322332013302321310323320332023
3000000001010200020001001000111010200010120302020310300110110101021002021030212111301120112031203002111130122213102201302212230223032311312113122322332013302321310323320332031230
3000000001010200020001001000111010200010120302020310300110110101021002021030212111301120112031203002111130122213102201302212230223032311312113122322332013302321310323320332031231
3000000001010200020001001000111010200010120302020310300110110101021002021030212111301120112031203002111130122213102201302212230223032311312113122322332013302321310323320332031232
3000000001010200020001001000111010200010120302020310300110110101021002021030212111301120112031203002111130122213102201302212230223032311312113122322332013302321310323320332031233
30000000010102000200010010001110102000101203020203103001101101010210020210302121113011201120312030021111301222131022013022122302230323113121131223223320133023213103233203320313
300000000101020002000100100011101020001012030202031030011011010102100202103021211130112011203120300211113012221310220130221223022303231131211312232233201330232131032332033203221
300000000101020002000100100011101020001012030202031030011011010102100202103021211130112011203120300211113012221310220130221223022303231131211312232233201330232131032332033203222
300000000101020002000100100011101020001012030202031030011011010102100202103021211130112011203120300211113012221310220130221223022303231131211312232233201330232131032332033203223
300000000101020002000100100011101020001012030202031030011011010102100202103021211130112011203120300211113012221310220130221223022303231131211312232233201330232131032332033203231
300000000101020002000100100011101020001012030202031030011011010102100202103021211130112011203120300211113012221310220130221223022303231131211312232233201330232131032332033203232
300000000101020002000100100011101020001012030202031030011011010102100202103021211130112011203120300211113012221310220130221223022303231131211312232233201330232131032332033203233
30000000010102000200010010001110102000101203020203103001101101010210020210302121113011201120312030021111301222131022013022122302230323113121131223223320133023213103233203320331
30000000010102000200010010001110102000101203020203103001101101010210020210302121113011201120312030021111301222131022013022122302230323113121131223223320133023213103233203320332
30000000010102000200010010001110102000101203020203103001101101010210020210302121113011201120312030021111301222131022013022122302230323113121131223223320133023213103233203320333
3000000001010200020001001000111010200010120302020310300110110101021002021030212111301120112031203002111130122213102201302212230223032311312113122322332013302321310323320333
300000000101020002000100100011101020001012030202031030011011010102100202103021211130112011203120300211113012221310220130221223022303231131211312232233201330232131032333
300000000101020002000100100011101020001012030202031030011011010102100202103021211130112011203120300211113012221310220130221223022303231131212
300000000101020002000100100011101020001012030202031030011011010102100202103021211130112011203120300211113012221310220130221223022303231131213
3000000001010200020001001000111010200010120302020310300110110101021002021030212111301120112031203002111130122213102201302212230223032311313
30000000010102000200010010001110102000101203020203103001101101010210020210302121113011201120312030021111301222131022013022122303
3000000001010200020001001000111010200010120302020310300110110101021002021030212111301120112031203002111130122213102201303
3000000001010200020001001000111010200010120302020310300110110101021002021030212111301120112031203002111130122213102202
3000000001010200020001001000111010200010120302020310300110110101021002021030212111301120112031203002111130122213102203
300000000101020002000100100011101020001012030202031030011011010102100202103021211130112011203120300211113012222
300000000101020002000100100011101020001012030202031030011011010102100202103021211130112011203120300211113012223
30000000010102000200010010001110102000101203020203103001101101010210020210302121113011201120313
30000000010102000200010010001110102000101203020203103001101101010210020210303
30000000010102000200010010001110102000101203020203103001101101010211
30000000010102000200010010001110102000101203020203103001101101010212
30000000010102000200010010001110102000101203020203103001101101010213
3000000001010200020001001000111010200010120303
3000000001010200020001001000111010201
3000000001010200020001001000111010202
3000000001010200020001001000111010203
