0001000100110200001002010201120001121020102110220203030
00010001001102000010020102011200011210201021102202030311121221200
0001000100110200001002010201120001121020102110220203031112122120121030301010
0001000100110200001002010201120001121020102110220203031112122120121030301011313011131
0001000100110200001002010201120001121020102110220203031112122120121030301011313011132102203031230222020
0001000100110200001002010201120001121020102110220203031112122120121030301011313011132102203031230222021
0001000100110200001002010201120001121020102110220203031112122120121030301011313011132102203031230222022
00010001001102000010020102011200011210201021102202030311121221201210303010113130111321022030312302220232032
000100010011020000100201020112000112102010211022020303111212212012103030101131301113210220303123022202320333030
0001000100110200001002010201120001121020102110220203031112122120121030301011313011132102203031230222023203330313
00010001001102000010020102011200011210201021102202030311121221201210303010113130111321022030312302220232033303230
00010001001102000010020102011200011210201021102202030311121221201210303010113130111321022030312302220232033303231
0001000100110200001002010201120001121020102110220203031112122120121030301011313011132102203031230222023203330323230
0001000100110200001002010201120001121020102110220203031112122120121030301011313011132102203031230222023203330323231213
0001000100110200001002010201120001121020102110220203031112122120121030301011313011132102203031230222023203330323231221333
0001000100110200001002010201120001121020102110220203031112122120121030301011313011132102203031230222023203330323231222
00010001001102000010020102011200011210201021102202030311121221201210303010113130111321022030312302220232033303232312230332232
0001000100110200001002010201120001121020102110220203031112122120121030301011313011132102203031230222023203330323231223033223313
00010001001102000010020102011200011210201021102202030311121221201210303010113130111321022030312302220232033303232312230332233233
000100010011020000100201020112000112102010211022020303111212212012103030101131301113210220303123022202320333032323122303322333
00010001001102000010020102011200011210201021102202030311121221201210303010113130111321022030312302220232033303232312311
00010001001102000010020102011200011210201021102202030311121221201210303010113130111321022030312302220232033303232312312
00010001001102000010020102011200011210201021102202030311121221201210303010113130111321022030312302220232033303232312313
00010001001102000010020102011200011210201021102202030311121221201210303010113130111321022030312302220232033303232312321
00010001001102000010020102011200011210201021102202030311121221201210303010113130111321022030312302220232033303232312322
00010001001102000010020102011200011210201021102202030311121221201210303010113130111321022030312302220232033303232312323
000100010011020000100201020112000112102010211022020303111212212012103030101131301113210220303123022202320333032323123311213
000100010011020000100201020112000112102010211022020303111212212012103030101131301113210220303123022202320333032323123311223
00010001001102000010020102011200011210201021102202030311121221201210303010113130111321022030312302220232033303232312331123
00010001001102000010020102011200011210201021102202030311121221201210303010113130111321022030312302220232033303232312331131
00010001001102000010020102011200011210201021102202030311121221201210303010113130111321022030312302220232033303232312331132
000100010011020000100201020112000112102010211022020303111212212012103030101131301113210220303123022202320333032323123311332
000100010011020000100201020112000112102010211022020303111212212012103030101131301113210220303123022202320333032323123311333
000100010011020000100201020112000112102010211022020303111212212012103030101131301113210220303123022203
00010001001102000010020102011200011210201021102202030311121221201210303010113130112
00010001001102000010020102011200011210201021102202030311121221201210303010113130113
000100010011020000100201020112000112102010211022020303111212212012103030102
000100010011020000100201020112000112102010211022020303111212212012103030103
0001000100110200001002010201120001121020102110220203031112122120121030302
0001000100110200001002010201120001121020102110220203031112122120121030303
0001000100110200001002010201120001121020102110220203031112122120121030311
0001000100110200001002010201120001121020102110220203031112122120121030312
0001000100110200001002010201120001121020102110220203031112122120121030313
0001000100110200001002010201120001121020102110220203031112122120121030321
0001000100110200001002010201120001121020102110220203031112122120121030322
0001000100110200001002010201120001121020102110220203031112122120121030323
000100010011020000100201020112000112102010211022020303111212212012103033
20000010001010102010200002102000111121020102111121220203030
2000001000101010201020000210200011112102010211112122020303121030301010
200000100010101020102000021020001111210201021111212202030312103030101131200
200000100010101020102000021020001111210201021111212202030312103030101131201
200000100010101020102000021020001111210201021111212202030312103030101131202103011131
2000001000101010201020000210200011112102010211112122020303121030301011312021030111322030
200000100010101020102000021020001111210201021111212202030312103030101131202103011132203112130
20000010001010102010200002102000111121020102111121220203031210303010113120210301113220311213132301221312
20000010001010102010200002102000111121020102111121220203031210303010113120210301113220311213132301221313203330222020
20000010001010102010200002102000111121020102111121220203031210303010113120210301113220311213132301221313203330222021
20000010001010102010200002102000111121020102111121220203031210303010113120210301113220311213132301221313203330222022
20000010001010102010200002102000111121020102111121220203031210303010113120210301113220311213132301221313203330222023
200000100010101020102000021020001111210201021111212202030312103030101131202103011132203112131323012213132033302220303230
200000100010101020102000021020001111210201021111212202030312103030101131202103011132203112131323012213132033302220303231
20000010001010102010200002102000111121020102111121220203031210303010113120210301113220311213132301221313203330222030323230
2000001000101010201020000210200011112102010211112122020303121030301011312021030111322031121313230122131320333022203032323121
20000010001010102010200002102000111121020102111121220203031210303010113120210301113220311213132301221313203330222030323231221333
20000010001010102010200002102000111121020102111121220203031210303010113120210301113220311213132301221313203330222030323231222
2000001000101010201020000210200011112102010211112122020303121030301011312021030111322031121313230122131320333022203032323122313
20000010001010102010200002102000111121020102111121220203031210303010113120210301113220311213132301221313203330222030323231223232232
20000010001010102010200002102000111121020102111121220203031210303010113120210301113220311213132301221313203330222030323231223232233333
200000100010101020102000021020001111210201021111212202030312103030101131202103011132203112131323012213132033302220303232312311
200000100010101020102000021020001111210201021111212202030312103030101131202103011132203112131323012213132033302220303232312312
200000100010101020102000021020001111210201021111212202030312103030101131202103011132203112131323012213132033302220303232312313
200000100010101020102000021020001111210201021111212202030312103030101131202103011132203112131323012213132033302220303232312322
200000100010101020102000021020001111210201021111212202030312103030101131202103011132203112131323012213132033302220303232312323
20000010001010102010200002102000111121020102111121220203031210303010113120210301113220311213132301221313203330222030323231233223
2000001000101010201020000210200011112102010211112122020303121030301011312021030111322031121313230122131320333022203032323123323
2000001000101010201020000210200011112102010211112122020303121030301011312021030111322031121313230122131320333022203032323123331
2000001000101010201020000210200011112102010211112122020303121030301011312021030111322031121313230122131320333022203032323123332
2000001000101010201020000210200011112102010211112122020303121030301011312021030111322031121313230122131320333022203032323123333
200000100010101020102000021020001111210201021111212202030312103030101131202103011132203112131323012213132033303
200000100010101020102000021020001111210201021111212202030312103030101131202103011132203113
2000001000101010201020000210200011112102010211112122020303121030301011312021030112
2000001000101010201020000210200011112102010211112122020303121030301011312021030113
200000100010101020102000021020001111210201021111212202030312103030102
200000100010101020102000021020001111210201021111212202030312103030103
2000001000101010201020000210200011112102010211112122020303121030302
2000001000101010201020000210200011112102010211112122020303121030303
2000001000101010201020000210200011112102010211112122020303121030311
2000001000101010201020000210200011112102010211112122020303121030312
2000001000101010201020000210200011112102010211112122020303121030313
2000001000101010201020000210200011112102010211112122020303121030321
2000001000101010201020000210200011112102010211112122020303121030322
2000001000101010201020000210200011112102010211112122020303121030323
200000100010101020102000021020001111210201021111212202030312103033
300000010001010102010200002020001111201021030
300000010001010102010200002020001111201021031021111212202030
30000001000101010201020000202000111120102103102111121220203121030301010
3000000100010101020102000020200011112010210310211112122020312103030101131201
3000000100010101020102000020200011112010210310211112122020312103030101131202103011132203112130
300000010001010102010200002020001111201021031021111212202031210303010113120210301113220311213132301221312
300000010001010102010200002020001111201021031021111212202031210303010113120210301113220311213132301221313203330222020
300000010001010102010200002020001111201021031021111212202031210303010113120210301113220311213132301221313203330222021
300000010001010102010200002020001111201021031021111212202031210303010113120210301113220311213132301221313203330222022
300000010001010102010200002020001111201021031021111212202031210303010113120210301113220311213132301221313203330222023
3000000100010101020102000020200011112010210310211112122020312103030101131202103011132203112131323012213132033302220303230
3000000100010101020102000020200011112010210310211112122020312103030101131202103011132203112131323012213132033302220303231
300000010001010102010200002020001111201021031021111212202031210303010113120210301113220311213132301221313203330222030323230
30000001000101010201020000202000111120102103102111121220203121030301011312021030111322031121313230122131320333022203032323121
300000010001010102010200002020001111201021031021111212202031210303010113120210301113220311213132301221313203330222030323231221333
300000010001010102010200002020001111201021031021111212202031210303010113120210301113220311213132301221313203330222030323231222
30000001000101010201020000202000111120102103102111121220203121030301011312021030111322031121313230122131320333022203032323122313
300000010001010102010200002020001111201021031021111212202031210303010113120210301113220311213132301221313203330222030323231223232232
300000010001010102010200002020001111201021031021111212202031210303010113120210301113220311213132301221313203330222030323231223232233333
3000000100010101020102000020200011112010210310211112122020312103030101131202103011132203112131323012213132033302220303232312311
3000000100010101020102000020200011112010210310211112122020312103030101131202103011132203112131323012213132033302220303232312312
3000000100010101020102000020200011112010210310211112122020312103030101131202103011132203112131323012213132033302220303232312313
3000000100010101020102000020200011112010210310211112122020312103030101131202103011132203112131323012213132033302220303232312321
3000000100010101020102000020200011112010210310211112122020312103030101131202103011132203112131323012213132033302220303232312322
3000000100010101020102000020200011112010210310211112122020312103030101131202103011132203112131323012213132033302220303232312323
300000010001010102010200002020001111201021031021111212202031210303010113120210301113220311213132301221313203330222030323231233223
30000001000101010201020000202000111120102103102111121220203121030301011312021030111322031121313230122131320333022203032323123323
30000001000101010201020000202000111120102103102111121220203121030301011312021030111322031121313230122131320333022203032323123331
30000001000101010201020000202000111120102103102111121220203121030301011312021030111322031121313230122131320333022203032323123332
30000001000101010201020000202000111120102103102111121220203121030301011312021030111322031121313230122131320333022203032323123333
3000000100010101020102000020200011112010210310211112122020312103030101131202103011132203112131323012213132033303
3000000100010101020102000020200011112010210310211112122020312103030101131202103011132203113
30000001000101010201020000202000111120102103102111121220203121030301011312021030112
30000001000101010201020000202000111120102103102111121220203121030301011312021030113
3000000100010101020102000020200011112010210310211112122020312103030102
3000000100010101020102000020200011112010210310211112122020312103030103
30000001000101010201020000202000111120102103102111121220203121030302
30000001000101010201020000202000111120102103102111121220203121030303
30000001000101010201020000202000111120102103102111121220203121030311
30000001000101010201020000202000111120102103102111121220203121030312
30000001000101010201020000202000111120102103102111121220203121030313
30000001000101010201020000202000111120102103102111121220203121030321
30000001000101010201020000202000111120102103102111121220203121030322
30000001000101010201020000202000111120102103102111121220203121030323
3000000100010101020102000020200011112010210310211112122020312103033
10000010001011010200002010202000111121020102111121220203030
1000001000101101020000201020200011112102010211112122020303121030301010
100000100010110102000020102020001111210201021111212202030312103030101131200
100000100010110102000020102020001111210201021111212202030312103030101131201
100000100010110102000020102020001111210201021111212202030312103030101131202103011131
1000001000101101020000201020200011112102010211112122020303121030301011312021030111322030
100000100010110102000020102020001111210201021111212202030312103030101131202103011132203112130
10000010001011010200002010202000111121020102111121220203031210303010113120210301113220311213132301221312
10000010001011010200002010202000111121020102111121220203031210303010113120210301113220311213132301221313203330222020
10000010001011010200002010202000111121020102111121220203031210303010113120210301113220311213132301221313203330222021
10000010001011010200002010202000111121020102111121220203031210303010113120210301113220311213132301221313203330222022
10000010001011010200002010202000111121020102111121220203031210303010113120210301113220311213132301221313203330222023
100000100010110102000020102020001111210201021111212202030312103030101131202103011132203112131323012213132033302220303230
100000100010110102000020102020001111210201021111212202030312103030101131202103011132203112131323012213132033302220303231
10000010001011010200002010202000111121020102111121220203031210303010113120210301113220311213132301221313203330222030323230
1000001000101101020000201020200011112102010211112122020303121030301011312021030111322031121313230122131320333022203032323121
10000010001011010200002010202000111121020102111121220203031210303010113120210301113220311213132301221313203330222030323231221333
10000010001011010200002010202000111121020102111121220203031210303010113120210301113220311213132301221313203330222030323231222
1000001000101101020000201020200011112102010211112122020303121030301011312021030111322031121313230122131320333022203032323122313
10000010001011010200002010202000111121020102111121220203031210303010113120210301113220311213132301221313203330222030323231223232232
10000010001011010200002010202000111121020102111121220203031210303010113120210301113220311213132301221313203330222030323231223232233333
100000100010110102000020102020001111210201021111212202030312103030101131202103011132203112131323012213132033302220303232312312
100000100010110102000020102020001111210201021111212202030312103030101131202103011132203112131323012213132033302220303232312313
100000100010110102000020102020001111210201021111212202030312103030101131202103011132203112131323012213132033302220303232312321
100000100010110102000020102020001111210201021111212202030312103030101131202103011132203112131323012213132033302220303232312322
100000100010110102000020102020001111210201021111212202030312103030101131202103011132203112131323012213132033302220303232312323
10000010001011010200002010202000111121020102111121220203031210303010113120210301113220311213132301221313203330222030323231233223
1000001000101101020000201020200011112102010211112122020303121030301011312021030111322031121313230122131320333022203032323123323
1000001000101101020000201020200011112102010211112122020303121030301011312021030111322031121313230122131320333022203032323123331
1000001000101101020000201020200011112102010211112122020303121030301011312021030111322031121313230122131320333022203032323123332
1000001000101101020000201020200011112102010211112122020303121030301011312021030111322031121313230122131320333022203032323123333
100000100010110102000020102020001111210201021111212202030312103030101131202103011132203112131323012213132033303
100000100010110102000020102020001111210201021111212202030312103030101131202103011132203113
1000001000101101020000201020200011112102010211112122020303121030301011312021030112
1000001000101101020000201020200011112102010211112122020303121030301011312021030113
100000100010110102000020102020001111210201021111212202030312103030102
100000100010110102000020102020001111210201021111212202030312103030103
1000001000101101020000201020200011112102010211112122020303121030302
1000001000101101020000201020200011112102010211112122020303121030303
1000001000101101020000201020200011112102010211112122020303121030311
1000001000101101020000201020200011112102010211112122020303121030312
1000001000101101020000201020200011112102010211112122020303121030313
1000001000101101020000201020200011112102010211112122020303121030321
1000001000101101020000201020200011112102010211112122020303121030322
1000001000101101020000201020200011112102010211112122020303121030323
100000100010110102000020102020001111210201021111212202030312103033
