200
210000
220
2300
201
202
203
2110
2120
21300
21010
21020
21030
210010
210020
210030
210001
210002
210003
221
222
223
2310
232
2330
2301
2302
2303
2111
2112
2113
2121
2122
2123
21310
21320
21330
21301
21302
21303
21011
21012
21013
21021
21022
21023
21031
21032
21033
210011
210012
210013
210021
210022
210023
210031
210032
210033
2311
2312
2313
2331
2332
2333
21311
21312
21313
21321
21322
21323
21331
21332
21333
0000
0100
020
030
0010
00200
0030
0001
0002
0003
01100
0120
0130
0101
0102
0103
021
022
023
031
032
033
00110
00120
00130
00210
00220
00230
00201
00202
00203
0031
0032
0033
01110
01120
01130
01101
01102
01103
0121
0122
0123
0131
0132
0133
00111
00112
00113
00121
00122
00123
00131
00132
00133
00211
00212
00213
00221
00222
00223
00231
00232
00233
01111
01112
01113
01121
01122
01123
01131
01132
01133
10000
1100
120
1300
10100
1020
1030
10010
10020
10030
10001
10002
10003
111
1120
1130
1101
1102
1103
121
122
123
1310
1320
1330
1301
1302
1303
10110
10120
10130
10101
10102
10103
1021
1022
1023
1031
1032
1033
10011
10012
10013
10021
10022
10023
10031
10032
10033
1121
1122
1123
1131
1132
1133
1311
1312
1313
1321
1322
1323
1331
1332
1333
10111
10112
10113
10121
10122
10123
10131
10132
10133
30000
3100
320
330
30100
3020
3030
300100
30020
30030
30001
30002
30003
3110
3120
3130
3101
3102
3103
321
322
323
331
332
333
30110
30120
3013
30101
30102
30103
3021
3022
3023
3031
3032
3033
300110
300120
300130
300101
300102
300103
30021
30022
30023
30031
30032
30033
3111
3112
3113
3121
3122
3123
3131
3132
3133
30111
30112
30113
30121
30122
30123
300111
300112
300113
300121
300122
300123
300131
300132
300133
