000001000002010020010011010301100201120102011020103030210
00000100000201002001001101030110020112010201102010303021120300
0000010000020100200100110103011002011201020110201030302112030130
00000100000201002001001101030110020112010201102010303021120301313021030
00000100000201002001001101030110020112010201102010303021120301313021031201220
00000100000201002001001101030110020112010201102010303021120301313021031201221
00000100000201002001001101030110020112010201102010303021120301313021031201222201
0000010000020100200100110103011002011201020110201030302112030131302103120122220230
0000010000020100200100110103011002011201020110201030302112030131302103120122220231
0000010000020100200100110103011002011201020110201030302112030131302103120122220232
00000100000201002001001101030110020112010201102010303021120301313021031201222202331130
00000100000201002001001101030110020112010201102010303021120301313021031201222202331131
000001000002010020010011010301100201120102011020103030211203013130210312012222023311323021102
000001000002010020010011010301100201120102011020103030211203013130210312012222023311323021103212112310
000001000002010020010011010301100201120102011020103030211203013130210312012222023311323021103212112311
0000010000020100200100110103011002011201020110201030302112030131302103120122220233113230211032121123122
0000010000020100200100110103011002011201020110201030302112030131302103120122220233113230211032121123123
00000100000201002001001101030110020112010201102010303021120301313021031201222202331132302110321211231312
00000100000201002001001101030110020112010201102010303021120301313021031201222202331132302110321211231313200
000001000002010020010011010301100201120102011020103030211203013130210312012222023311323021103212112313132013211
000001000002010020010011010301100201120102011020103030211203013130210312012222023311323021103212112313132013212
00000100000201002001001101030110020112010201102010303021120301313021031201222202331132302110321211231313201321332
0000010000020100200100110103011002011201020110201030302112030131302103120122220233113230211032121123131320132133330203
00000100000201002001001101030110020112010201102010303021120301313021031201222202331132302110321211231313201321333302113
0000010000020100200100110103011002011201020110201030302112030131302103120122220233113230211032121123131320132133330212
0000010000020100200100110103011002011201020110201030302112030131302103120122220233113230211032121123131320132133330213
00000100000201002001001101030110020112010201102010303021120301313021031201222202331132302110321211231313201321333302211
0000010000020100200100110103011002011201020110201030302112030131302103120122220233113230211032121123131320132133330221223
00000100000201002001001101030110020112010201102010303021120301313021031201222202331132302110321211231313201321333302213
000001000002010020010011010301100201120102011020103030211203013130210312012222023311323021103212112313132013213333022211
000001000002010020010011010301100201120102011020103030211203013130210312012222023311323021103212112313132013213333022212102232
00000100000201002001001101030110020112010201102010303021120301313021031201222202331132302110321211231313201321333302221210223331
0000010000020100200100110103011002011201020110201030302112030131302103120122220233113230211032121123131320132133330222121022333233
00000100000201002001001101030110020112010201102010303021120301313021031201222202331132302110321211231313201321333302221210223333
00000100000201002001001101030110020112010201102010303021120301313021031201222202331132302110321211231313201321333302221210230
00000100000201002001001101030110020112010201102010303021120301313021031201222202331132302110321211231313201321333302221210231
00000100000201002001001101030110020112010201102010303021120301313021031201222202331132302110321211231313201321333302221210232
00000100000201002001001101030110020112010201102010303021120301313021031201222202331132302110321211231313201321333302221210233
000001000002010020010011010301100201120102011020103030211203013130210312012222023311323021103212112313132013213333022212103
00000100000201002001001101030110020112010201102010303021120301313021031201222202331132302110321211231313201321333302221211
00000100000201002001001101030110020112010201102010303021120301313021031201222202331132302110321211231313201321333302221212
00000100000201002001001101030110020112010201102010303021120301313021031201222202331132302110321211231313201321333302221213
000001000002010020010011010301100201120102011020103030211203013130210312012222023311323021103212112313132013213333022212203
00000100000201002001001101030110020112010201102010303021120301313021031201222202331132302110321211231313201321333302221221
00000100000201002001001101030110020112010201102010303021120301313021031201222202331132302110321211231313201321333302221222
00000100000201002001001101030110020112010201102010303021120301313021031201222202331132302110321211231313201321333302221223
00000100000201002001001101030110020112010201102010303021120301313021031201222202331132302110321211231313201321333302221230
00000100000201002001001101030110020112010201102010303021120301313021031201222202331132302110321211231313201321333302221231
00000100000201002001001101030110020112010201102010303021120301313021031201222202331132302110321211231313201321333302221232
00000100000201002001001101030110020112010201102010303021120301313021031201222202331132302110321211231313201321333302221233
00000100000201002001001101030110020112010201102010303021120301313021031201222202331132302110321211231313201321333302221313
000001000002010020010011010301100201120102011020103030211203013130210312012222023311323021103212112313132013213333022213221
000001000002010020010011010301100201120102011020103030211203013130210312012222023311323021103212112313132013213333022213222
000001000002010020010011010301100201120102011020103030211203013130210312012222023311323021103212112313132013213333022213223
000001000002010020010011010301100201120102011020103030211203013130210312012222023311323021103212112313132013213333022213231
000001000002010020010011010301100201120102011020103030211203013130210312012222023311323021103212112313132013213333022213232
000001000002010020010011010301100201120102011020103030211203013130210312012222023311323021103212112313132013213333022213233
00000100000201002001001101030110020112010201102010303021120301313021031201222202331132302110321211231313201321333302221331
0000010000020100200100110103011002011201020110201030302112030131302103120122220233113230211032121123131320132133330222133203
000001000002010020010011010301100201120102011020103030211203013130210312012222023311323021103212112313132013213333022213321
000001000002010020010011010301100201120102011020103030211203013130210312012222023311323021103212112313132013213333022213322
00000100000201002001001101030110020112010201102010303021120301313021031201222202331132302110321211231313201321333302221332330
00000100000201002001001101030110020112010201102010303021120301313021031201222202331132302110321211231313201321333302221332331
00000100000201002001001101030110020112010201102010303021120301313021031201222202331132302110321211231313201321333302221332332
00000100000201002001001101030110020112010201102010303021120301313021031201222202331132302110321211231313201321333302221332333
00000100000201002001001101030110020112010201102010303021120301313021031201222202331132302110321211231313201321333302222
00000100000201002001001101030110020112010201102010303021120301313021031201222202331132302110321211231313201321333302223
00000100000201002001001101030110020112010201102010303021120301313021031201222202331132302110321211231313202
00000100000201002001001101030110020112010201102010303021120301313021031201222202331132302110321211231313203
0000010000020100200100110103011002011201020110201030302112030131302103120122220233113230212
0000010000020100200100110103011002011201020110201030302112030131302103120122220233113230213
00000100000201002001001101030110020112010201102010303021120301313021031201222202331132303
00000100000201002001001101030110020112010201102010303021120301313021031201222203
00000100000201002001001101030110020112010202
00000100000201002001001101030110020112010203
2000000100001000201101020003010201110110201030301201021112010
200000010000100020110102000301020111011020103030120102111201120300
20000001000010002011010200030102011101102010303012010211120112030130
200000010000100020110102000301020111011020103030120102111201120301313021030
20000001000010002011010200030102011101102010303012010211120112030131302103130
20000001000010002011010200030102011101102010303012010211120112030131302103131
200000010000100020110102000301020111011020103030120102111201120301313021031321220
200000010000100020110102000301020111011020103030120102111201120301313021031321221
200000010000100020110102000301020111011020103030120102111201120301313021031321222201
20000001000010002011010200030102011101102010303012010211120112030131302103132122220230
20000001000010002011010200030102011101102010303012010211120112030131302103132122220231
20000001000010002011010200030102011101102010303012010211120112030131302103132122220232
2000000100001000201101020003010201110110201030301201021112011203013130210313212222023312112310
2000000100001000201101020003010201110110201030301201021112011203013130210313212222023312112311
20000001000010002011010200030102011101102010303012010211120112030131302103132122220233121123122
20000001000010002011010200030102011101102010303012010211120112030131302103132122220233121123123
2000000100001000201101020003010201110110201030301201021112011203013130210313212222023312112313123021102
2000000100001000201101020003010201110110201030301201021112011203013130210313212222023312112313123021103213211
2000000100001000201101020003010201110110201030301201021112011203013130210313212222023312112313123021103213212
200000010000100020110102000301020111011020103030120102111201120301313021031321222202331211231312302110321321332
200000010000100020110102000301020111011020103030120102111201120301313021031321222202331211231312302110321321333200
200000010000100020110102000301020111011020103030120102111201120301313021031321222202331211231312302110321321333201
20000001000010002011010200030102011101102010303012010211120112030131302103132122220233121123131230211032132133320223
200000010000100020110102000301020111011020103030120102111201120301313021031321222202331211231312302110321321333203
2000000100001000201101020003010201110110201030301201021112011203013130210313212222023312112313123021103213213332102202
2000000100001000201101020003010201110110201030301201021112011203013130210313212222023312112313123021103213213332102203302113
200000010000100020110102000301020111011020103030120102111201120301313021031321222202331211231312302110321321333210220330212
200000010000100020110102000301020111011020103030120102111201120301313021031321222202331211231312302110321321333210220330213
20000001000010002011010200030102011101102010303012010211120112030131302103132122220233121123131230211032132133321022033022211
20000001000010002011010200030102011101102010303012010211120112030131302103132122220233121123131230211032132133321022033022212203
20000001000010002011010200030102011101102010303012010211120112030131302103132122220233121123131230211032132133321022033022212213
200000010000100020110102000301020111011020103030120102111201120301313021031321222202331211231312302110321321333210220330222122230
200000010000100020110102000301020111011020103030120102111201120301313021031321222202331211231312302110321321333210220330222122231
200000010000100020110102000301020111011020103030120102111201120301313021031321222202331211231312302110321321333210220330222122232
200000010000100020110102000301020111011020103030120102111201120301313021031321222202331211231312302110321321333210220330222122233
20000001000010002011010200030102011101102010303012010211120112030131302103132122220233121123131230211032132133321022033022212231
2000000100001000201101020003010201110110201030301201021112011203013130210313212222023312112313123021103213213332102203302221223233
200000010000100020110102000301020111011020103030120102111201120301313021031321222202331211231312302110321321333210220330222122332
2000000100001000201101020003010201110110201030301201021112011203013130210313212222023312112313123021103213213332102203302221223333
2000000100001000201101020003010201110110201030301201021112011203013130210313212222023312112313123021103213213332102203302221230
2000000100001000201101020003010201110110201030301201021112011203013130210313212222023312112313123021103213213332102203302221231
2000000100001000201101020003010201110110201030301201021112011203013130210313212222023312112313123021103213213332102203302221232
2000000100001000201101020003010201110110201030301201021112011203013130210313212222023312112313123021103213213332102203302221233
2000000100001000201101020003010201110110201030301201021112011203013130210313212222023312112313123021103213213332102203302221313
20000001000010002011010200030102011101102010303012010211120112030131302103132122220233121123131230211032132133321022033022213221
20000001000010002011010200030102011101102010303012010211120112030131302103132122220233121123131230211032132133321022033022213222
20000001000010002011010200030102011101102010303012010211120112030131302103132122220233121123131230211032132133321022033022213223
20000001000010002011010200030102011101102010303012010211120112030131302103132122220233121123131230211032132133321022033022213231
20000001000010002011010200030102011101102010303012010211120112030131302103132122220233121123131230211032132133321022033022213232
20000001000010002011010200030102011101102010303012010211120112030131302103132122220233121123131230211032132133321022033022213233
2000000100001000201101020003010201110110201030301201021112011203013130210313212222023312112313123021103213213332102203302221331
200000010000100020110102000301020111011020103030120102111201120301313021031321222202331211231312302110321321333210220330222133203
20000001000010002011010200030102011101102010303012010211120112030131302103132122220233121123131230211032132133321022033022213321
20000001000010002011010200030102011101102010303012010211120112030131302103132122220233121123131230211032132133321022033022213322
20000001000010002011010200030102011101102010303012010211120112030131302103132122220233121123131230211032132133321022033022213323303
2000000100001000201101020003010201110110201030301201021112011203013130210313212222023312112313123021103213213332102203302221332331
20000001000010002011010200030102011101102010303012010211120112030131302103132122220233121123131230211032132133321022033022213323323
2000000100001000201101020003010201110110201030301201021112011203013130210313212222023312112313123021103213213332102203302221332333
2000000100001000201101020003010201110110201030301201021112011203013130210313212222023312112313123021103213213332102203302222
2000000100001000201101020003010201110110201030301201021112011203013130210313212222023312112313123021103213213332102203302223
200000010000100020110102000301020111011020103030120102111201120301313021031321222202331211231312302110321321333211
200000010000100020110102000301020111011020103030120102111201120301313021031321222202331211231312302110321321333212
200000010000100020110102000301020111011020103030120102111201120301313021031321222202331211231312302110321321333213
20000001000010002011010200030102011101102010303012010211120112030131302103132122220233121123131230212
20000001000010002011010200030102011101102010303012010211120112030131302103132122220233121123131230213
200000010000100020110102000301020111011020103030120102111201120301313021031321222202331211231312303
200000010000100020110102000301020111011020103030120102111201120301313021031321222203
20000001000010002011010200030102011101102010303012010212
20000001000010002011010200030102011101102010303012010213
20000001000010002011010200030102011102
20000001000010002011010200030102011103
1000000100000201002011020001101030102011101102010303012030
10000001000002010020110200011010301020111011020103030120312010
1000000100000201002011020001101030102011101102010303012031201120300
100000010000020100201102000110103010201110110201030301203120112030130
1000000100000201002011020001101030102011101102010303012031201120301313021120
1000000100000201002011020001101030102011101102010303012031201120301313021121
1000000100000201002011020001101030102011101102010303012031201120301313021122122310
100000010000020100201102000110103010201110110201030301203120112030131302112212231130
100000010000020100201102000110103010201110110201030301203120112030131302112212231131
100000010000020100201102000110103010201110110201030301203120112030131302112212231132201
10000001000002010020110200011010301020111011020103030120312011203013130211221223113220230
10000001000002010020110200011010301020111011020103030120312011203013130211221223113220231
10000001000002010020110200011010301020111011020103030120312011203013130211221223113220232
1000000100000201002011020001101030102011101102010303012031201120301313021122122311322023311
100000010000020100201102000110103010201110110201030301203120112030131302112212231132202331213
10000001000002010020110200011010301020111011020103030120312011203013130211221223113220233122
10000001000002010020110200011010301020111011020103030120312011203013130211221223113220233123
1000000100000201002011020001101030102011101102010303012031201120301313021122122311322023313123021102
100000010000020100201102000110103010201110110201030301203120112030131302112212231132202331312302110321
10000001000002010020110200011010301020111011020103030120312011203013130211221223113220233131230211032232
10000001000002010020110200011010301020111011020103030120312011203013130211221223113220233131230211032233200
10000001000002010020110200011010301020111011020103030120312011203013130211221223113220233131230211032233201
10000001000002010020110200011010301020111011020103030120312011203013130211221223113220233131230211032233202
10000001000002010020110200011010301020111011020103030120312011203013130211221223113220233131230211032233203
10000001000002010020110200011010301020111011020103030120312011203013130211221223113220233131230211032233210211
10000001000002010020110200011010301020111011020103030120312011203013130211221223113220233131230211032233210212
100000010000020100201102000110103010201110110201030301203120112030131302112212231132202331312302110322332102133
100000010000020100201102000110103010201110110201030301203120112030131302112212231132202331312302110322332102202
10000001000002010020110200011010301020111011020103030120312011203013130211221223113220233131230211032233210220330212
10000001000002010020110200011010301020111011020103030120312011203013130211221223113220233131230211032233210220330213
100000010000020100201102000110103010201110110201030301203120112030131302112212231132202331312302110322332102203302211
100000010000020100201102000110103010201110110201030301203120112030131302112212231132202331312302110322332102203302212
100000010000020100201102000110103010201110110201030301203120112030131302112212231132202331312302110322332102203302213
10000001000002010020110200011010301020111011020103030120312011203013130211221223113220233131230211032233210220330222112
10000001000002010020110200011010301020111011020103030120312011203013130211221223113220233131230211032233210220330222113230
10000001000002010020110200011010301020111011020103030120312011203013130211221223113220233131230211032233210220330222113231
10000001000002010020110200011010301020111011020103030120312011203013130211221223113220233131230211032233210220330222113232
10000001000002010020110200011010301020111011020103030120312011203013130211221223113220233131230211032233210220330222113233
1000000100000201002011020001101030102011101102010303012031201120301313021122122311322023313123021103223321022033022211331
100000010000020100201102000110103010201110110201030301203120112030131302112212231132202331312302110322332102203302221133233
10000001000002010020110200011010301020111011020103030120312011203013130211221223113220233131230211032233210220330222113332
10000001000002010020110200011010301020111011020103030120312011203013130211221223113220233131230211032233210220330222113333
1000000100000201002011020001101030102011101102010303012031201120301313021122122311322023313123021103223321022033022212203
1000000100000201002011020001101030102011101102010303012031201120301313021122122311322023313123021103223321022033022212213
100000010000020100201102000110103010201110110201030301203120112030131302112212231132202331312302110322332102203302221222
100000010000020100201102000110103010201110110201030301203120112030131302112212231132202331312302110322332102203302221223
100000010000020100201102000110103010201110110201030301203120112030131302112212231132202331312302110322332102203302221230
100000010000020100201102000110103010201110110201030301203120112030131302112212231132202331312302110322332102203302221231
100000010000020100201102000110103010201110110201030301203120112030131302112212231132202331312302110322332102203302221232
100000010000020100201102000110103010201110110201030301203120112030131302112212231132202331312302110322332102203302221233
100000010000020100201102000110103010201110110201030301203120112030131302112212231132202331312302110322332102203302221313
1000000100000201002011020001101030102011101102010303012031201120301313021122122311322023313123021103223321022033022213221
1000000100000201002011020001101030102011101102010303012031201120301313021122122311322023313123021103223321022033022213222
1000000100000201002011020001101030102011101102010303012031201120301313021122122311322023313123021103223321022033022213223
1000000100000201002011020001101030102011101102010303012031201120301313021122122311322023313123021103223321022033022213231
1000000100000201002011020001101030102011101102010303012031201120301313021122122311322023313123021103223321022033022213232
1000000100000201002011020001101030102011101102010303012031201120301313021122122311322023313123021103223321022033022213233
100000010000020100201102000110103010201110110201030301203120112030131302112212231132202331312302110322332102203302221331
10000001000002010020110200011010301020111011020103030120312011203013130211221223113220233131230211032233210220330222133203
1000000100000201002011020001101030102011101102010303012031201120301313021122122311322023313123021103223321022033022213321
1000000100000201002011020001101030102011101102010303012031201120301313021122122311322023313123021103223321022033022213322
1000000100000201002011020001101030102011101102010303012031201120301313021122122311322023313123021103223321022033022213323303
100000010000020100201102000110103010201110110201030301203120112030131302112212231132202331312302110322332102203302221332331
1000000100000201002011020001101030102011101102010303012031201120301313021122122311322023313123021103223321022033022213323323
100000010000020100201102000110103010201110110201030301203120112030131302112212231132202331312302110322332102203302221332333
100000010000020100201102000110103010201110110201030301203120112030131302112212231132202331312302110322332102203302222
100000010000020100201102000110103010201110110201030301203120112030131302112212231132202331312302110322332102203302223
10000001000002010020110200011010301020111011020103030120312011203013130211221223113220233131230211032233211
10000001000002010020110200011010301020111011020103030120312011203013130211221223113220233131230211032233212
10000001000002010020110200011010301020111011020103030120312011203013130211221223113220233131230211032233213
10000001000002010020110200011010301020111011020103030120312011203013130211221223113220233131230212
10000001000002010020110200011010301020111011020103030120312011203013130211221223113220233131230213
100000010000020100201102000110103010201110110201030301203120112030131302112212231132202331312303
100000010000020100201102000110103010201110110201030301203120112030131302112212231132203
1000000100000201002011020001101030102011102
1000000100000201002011020001101030102011103
3000001000010002011010200030102011100301201020110201030
30000010000100020110102000301020111003012010201102010312010
3000001000010002011010200030102011100301201020110201031201120300
300000100001000201101020003010201110030120102011020103120112030130
300000100001000201101020003010201110030120102011020103120112030131302103130
300000100001000201101020003010201110030120102011020103120112030131302103131
3000001000010002011010200030102011100301201020110201031201120301313021031321220
3000001000010002011010200030102011100301201020110201031201120301313021031321221
3000001000010002011010200030102011100301201020110201031201120301313021031321222201
300000100001000201101020003010201110030120102011020103120112030131302103132122220230
300000100001000201101020003010201110030120102011020103120112030131302103132122220231
300000100001000201101020003010201110030120102011020103120112030131302103132122220232
30000010000100020110102000301020111003012010201102010312011203013130210313212222023311
30000010000100020110102000301020111003012010201102010312011203013130210313212222023312112310
30000010000100020110102000301020111003012010201102010312011203013130210313212222023312112311
300000100001000201101020003010201110030120102011020103120112030131302103132122220233121123122
300000100001000201101020003010201110030120102011020103120112030131302103132122220233121123123
30000010000100020110102000301020111003012010201102010312011203013130210313212222023312112313123021102
30000010000100020110102000301020111003012010201102010312011203013130210313212222023312112313123021103213211
30000010000100020110102000301020111003012010201102010312011203013130210313212222023312112313123021103213212
3000001000010002011010200030102011100301201020110201031201120301313021031321222202331211231312302110321321332
3000001000010002011010200030102011100301201020110201031201120301313021031321222202331211231312302110321321333200
3000001000010002011010200030102011100301201020110201031201120301313021031321222202331211231312302110321321333201
300000100001000201101020003010201110030120102011020103120112030131302103132122220233121123131230211032132133320223
3000001000010002011010200030102011100301201020110201031201120301313021031321222202331211231312302110321321333203
30000010000100020110102000301020111003012010201102010312011203013130210313212222023312112313123021103213213332102202
30000010000100020110102000301020111003012010201102010312011203013130210313212222023312112313123021103213213332102203302113
3000001000010002011010200030102011100301201020110201031201120301313021031321222202331211231312302110321321333210220330212
3000001000010002011010200030102011100301201020110201031201120301313021031321222202331211231312302110321321333210220330213
30000010000100020110102000301020111003012010201102010312011203013130210313212222023312112313123021103213213332102203302211
30000010000100020110102000301020111003012010201102010312011203013130210313212222023312112313123021103213213332102203302212
30000010000100020110102000301020111003012010201102010312011203013130210313212222023312112313123021103213213332102203302213
300000100001000201101020003010201110030120102011020103120112030131302103132122220233121123131230211032132133321022033022211
300000100001000201101020003010201110030120102011020103120112030131302103132122220233121123131230211032132133321022033022212203
300000100001000201101020003010201110030120102011020103120112030131302103132122220233121123131230211032132133321022033022212213
3000001000010002011010200030102011100301201020110201031201120301313021031321222202331211231312302110321321333210220330222122230
3000001000010002011010200030102011100301201020110201031201120301313021031321222202331211231312302110321321333210220330222122231
3000001000010002011010200030102011100301201020110201031201120301313021031321222202331211231312302110321321333210220330222122232
3000001000010002011010200030102011100301201020110201031201120301313021031321222202331211231312302110321321333210220330222122233
300000100001000201101020003010201110030120102011020103120112030131302103132122220233121123131230211032132133321022033022212231
30000010000100020110102000301020111003012010201102010312011203013130210313212222023312112313123021103213213332102203302221223233
3000001000010002011010200030102011100301201020110201031201120301313021031321222202331211231312302110321321333210220330222122332
30000010000100020110102000301020111003012010201102010312011203013130210313212222023312112313123021103213213332102203302221223333
30000010000100020110102000301020111003012010201102010312011203013130210313212222023312112313123021103213213332102203302221230
30000010000100020110102000301020111003012010201102010312011203013130210313212222023312112313123021103213213332102203302221231
30000010000100020110102000301020111003012010201102010312011203013130210313212222023312112313123021103213213332102203302221232
30000010000100020110102000301020111003012010201102010312011203013130210313212222023312112313123021103213213332102203302221233
30000010000100020110102000301020111003012010201102010312011203013130210313212222023312112313123021103213213332102203302221313
300000100001000201101020003010201110030120102011020103120112030131302103132122220233121123131230211032132133321022033022213221
300000100001000201101020003010201110030120102011020103120112030131302103132122220233121123131230211032132133321022033022213222
300000100001000201101020003010201110030120102011020103120112030131302103132122220233121123131230211032132133321022033022213223
300000100001000201101020003010201110030120102011020103120112030131302103132122220233121123131230211032132133321022033022213232
300000100001000201101020003010201110030120102011020103120112030131302103132122220233121123131230211032132133321022033022213233
30000010000100020110102000301020111003012010201102010312011203013130210313212222023312112313123021103213213332102203302221331
3000001000010002011010200030102011100301201020110201031201120301313021031321222202331211231312302110321321333210220330222133203
300000100001000201101020003010201110030120102011020103120112030131302103132122220233121123131230211032132133321022033022213321
300000100001000201101020003010201110030120102011020103120112030131302103132122220233121123131230211032132133321022033022213322
300000100001000201101020003010201110030120102011020103120112030131302103132122220233121123131230211032132133321022033022213323303
30000010000100020110102000301020111003012010201102010312011203013130210313212222023312112313123021103213213332102203302221332331
300000100001000201101020003010201110030120102011020103120112030131302103132122220233121123131230211032132133321022033022213323323
30000010000100020110102000301020111003012010201102010312011203013130210313212222023312112313123021103213213332102203302221332333
30000010000100020110102000301020111003012010201102010312011203013130210313212222023312112313123021103213213332102203302222
30000010000100020110102000301020111003012010201102010312011203013130210313212222023312112313123021103213213332102203302223
3000001000010002011010200030102011100301201020110201031201120301313021031321222202331211231312302110321321333211
3000001000010002011010200030102011100301201020110201031201120301313021031321222202331211231312302110321321333212
3000001000010002011010200030102011100301201020110201031201120301313021031321222202331211231312302110321321333213
300000100001000201101020003010201110030120102011020103120112030131302103132122220233121123131230212
300000100001000201101020003010201110030120102011020103120112030131302103132122220233121123131230213
3000001000010002011010200030102011100301201020110201031201120301313021031321222202331211231312303
3000001000010002011010200030102011100301201020110201031201120301313021031321222203
30000010000100020110102000301020111003012010202
30000010000100020110102000301020111003012010203
