100000
110
1200
1300
10100
1020
1030000
10010
10020
10030
100010
100020
100030
100001
100002
100003
111
112
113
1210
1220
1230
1201
1202
1203
1310
1320
1330
1301
1302
1303
10110
101200
10130
10101
10102
10103
1021
1022
1023
1031
10320
10330
103010
1030200
103030
1030010
1030020
1030030
1030001
1030002
1030003
10011
10012
10013
10021
10022
10023
10031
10032
10033
100011
100012
100013
100021
100022
100023
100031
100032
100033
1211
1212
1213
1221
1222
1223
1231
1232
1233
1311
1312
1313
1321
1322
1323
1331
1332
1333
10111
10112
10113
101210
101220
101230
101201
101202
101203
10131
10132
10133
10321
10322
10323
10331
10332
10333
103011
103012
103013
1030210
1030220
1030230
1030201
1030202
1030203
103031
103032
103033
1030011
1030012
1030013
1030021
1030022
1030023
1030031
1030032
1030033
101211
101212
101213
101221
101222
101223
101231
101232
101233
1030211
1030212
1030213
1030221
1030222
1030223
1030231
1030232
1030233
3000
310000
3200000
330
3010
3020
3030
3001
3002
3003
3110
3120
3130
31010
31020
3103
310010
3100200
3100300
310001
310002
310003
3210
32200
3230
32010
32020
32030
320010
320020
320030
3200010
3200020
3200030
3200001
3200002
3200003
331
332
333
3011
3012
3013
3021
3022
3023
3031
3032
3033
3111
3112
3113
3121
3122
3123
3131
3132
3133
31011
31012
31013
31021
31022
31023
310011
310012
310013
3100210
3100220
3100230
3100201
3100202
3100203
3100310
3100320
3100330
3100301
3100302
3100303
3211
3212
3213
32210
32220
32230
32201
32202
32203
3231
3232
3233
32011
32012
32013
32021
32022
32023
32031
32032
32033
320011
320012
320013
320021
320022
320023
320031
320032
320033
3200011
3200012
3200013
3200021
3200022
3200023
3200031
3200032
3200033
3100211
3100212
3100213
3100221
3100222
3100223
3100231
3100232
3100233
3100311
3100312
3100313
3100321
3100322
3100323
3100331
3100332
3100333
32211
32212
32213
32221
32222
32223
32231
32232
32233
0000
010000
0200
0300
0010
0020
0030000
00010
00020
00030
0110
0120
0130
01010
01020
01030
010010
010020
010030
010001
010002
010003
0210
0220
0230
0201
0202
0203
0310
0320
0330
0301
0302
0303
0011
0012
0013
0021
0022
0023
00310
003200
00330
003010
003020
003030
0030010
0030020
0030030
0030001
0030002
0030003
00011
00012
00013
00021
00022
00023
00031
00032
00033
0111
0112
0113
0121
0122
0123
0131
0132
0133
01011
01012
01013
01021
01022
01023
01031
01032
01033
010011
010012
010013
010021
010022
010023
010031
010032
010033
0211
0212
0213
0221
0222
0223
0231
0232
0233
0311
0312
0313
0321
0322
0323
0331
0332
0333
00311
00312
00313
003210
003220
003230
003201
003202
003203
00331
00332
00333
003011
003012
003013
003021
003022
003023
003031
003032
003033
0030011
0030012
0030013
0030021
0030022
0030023
0030031
0030032
0030033
003211
003212
003213
003221
003222
003223
003231
003232
003233
20000
210000
2200
2300
2010
2020
2030000
20010
2002
20030
20001
20002
20003
2110
2120
2130
21010
21020
21030
210010
210020
210030
210001
210002
210003
2210
2220
2230
2201
2202
2203
2310
2320
2330
2301
2302
2303
2011
2012
2013
2021
2022
2023
20310
203200
20330
203010
203020
203030
2030010
2030020
2030030
2030001
2030002
2030003
20011
20012
20013
20031
20032
20033
2111
2112
2113
2121
2122
2123
2131
2132
2133
21011
21012
21013
21021
21022
21023
21031
21032
21033
210011
210012
210013
210021
210022
210023
210031
210032
210033
2211
2212
2213
2221
2222
2223
2231
2232
2233
2311
2312
2313
2321
2322
2323
2331
2332
2333
20311
20312
20313
203210
203220
203230
203201
203202
203203
20331
20332
20333
203011
203012
203013
203021
203022
203023
203031
203032
203033
2030011
2030012
2030013
2030021
2030022
2030023
2030031
2030032
2030033
203211
203212
203213
203221
203222
203223
203231
203232
203233
