20000010110201030210
20000010110201030211201130211
2000001011020103021120113021221230312
2000001011020103021120113021221230313220213313
2000001011020103021120113021221230313220213322231
200000101102010302112011302122123031322021332223230331
20000010110201030211201130212212303132202133222323033233
200000101102010302112011302122123031322021332223230333
20000010110201030211201130212212303132203
30001011020002103031120122010
3000101102000210303112012201130212313220211
3000101102000210303112012201130212313220212
3000101102000210303112012201130212313220213313
30001011020002103031120122011302123132202133221
300010110200021030311201220113021231322021332223230331
30001011020002103031120122011302123132202133222323033233
300010110200021030311201220113021231322021332223230333
30001011020002103031120122011302123132203
0000010110201030210
0000010110201030211201130211
0000010110201030211201130212202030313123032212
00000101102010302112011302122020303131230322133221
00000101102010302112011302122020303131230322133222313
000001011020103021120113021220203031312303221332223231
0000010110201030211201130212202030313123032213322232323333
100100200011030211201130210
100100200011030211201130211
100100200011030211201130212201312303220212
10010020001103021120113021220131230322021331
1001002000110302112011302122013123032202133221
1001002000110302112011302122013123032202133222313
10010020001103021120113021220131230322021332223230331
1001002000110302112011302122013123032202133222323033233
10010020001103021120113021220131230322021332223230333
1001002000110302112011302122013123032203
