00000
010
020000
030
0010000
0020
0030
000100
00020000
00030
00001
00002
00003
011
012
013
0210
0220
023000
02010
02020
02030
0200100
020020
020030
0200010
0200020
0200030
031
032
033
00110
00120
00130
001010
001020
001030
0010010
0010020
0010030
0010001
0010002
0010003
0021
0022
0023
0031
0032
0033
000110
000120
000130
000101
000102
000103
000210
000220
000230
0002010
0002020
0002030
00020010
000200200
00020030
00020001
00020002
00020003
00031
00032
00033
0211
0212
0213
0221
0222
0223
02310
02320
02330
023010
023020
023030
023001
023002
023003
02011
02012
02013
02021
02022
02023
02031
02032
02033
0200110
0200120
0200130
0200101
0200102
0200103
020021
020022
020023
020031
020032
020033
0200011
0200012
0200013
0200021
0200022
0200023
0200031
0200032
0200033
00111
00112
00113
00121
00122
00123
00131
00132
00133
001011
001012
001013
001021
001022
001023
001031
001032
001033
0010011
0010012
0010013
0010021
0010022
0010023
0010031
0010032
0010033
000111
000112
000113
000121
000122
000123
000131
000132
000133
000211
000212
000213
000221
000222
000223
000231
000232
000233
0002011
0002012
0002013
0002021
0002022
0002023
0002031
0002032
0002033
00020011
00020012
00020013
000200210
000200220
000200230
000200201
000200202
000200203
00020031
00020032
00020033
02311
02312
02313
02321
02322
02323
02331
02332
02333
023011
023012
023013
023021
023022
023023
023031
023032
023033
0200111
0200112
0200113
0200121
0200122
0200123
0200131
0200132
0200133
000200211
000200212
000200213
000200221
000200222
000200223
000200231
000200232
000200233
2000000
21000
220
2300000
2010
202
2030
20010
2002000
20030
200010
200020
200030
20000100
200002000
2000030
2000001
2000002
2000003
2110
21200
2130
21010
21020
21030
21001
21002
21003
221
222
223
2310
2320
2330
23010
23020
23030
230010
230020
2300300
2300010
2300020
2300030
2300001
2300002
2300003
2011
2012
2013
2031
2032
2033
20011
20012
20013
200210
200220
200230
2002010
2002020
2002030
2002001
2002002
2002003
20031
20032
20033
200011
200012
200013
200021
200022
200023
200031
200032
200033
20000110
20000120
20000130
20000101
20000102
20000103
20000210
20000220
20000230
200002010
200002020
200002030
200002001
200002002
200002003
2000031
2000032
2000033
2111
2112
2113
21210
21220
21230
21201
21202
21203
2131
2132
2133
21011
21012
21013
21021
21022
21023
21031
21032
21033
2311
2312
2313
2321
2322
2323
2331
2332
2333
23011
23012
23013
23021
23022
23023
23031
23032
23033
230011
230012
230013
230021
230022
230023
2300310
2300320
2300330
2300301
2300302
2300303
2300011
2300012
2300013
2300021
2300022
2300023
2300031
2300032
2300033
200211
200212
200213
200221
200222
200223
200231
200232
200233
2002011
2002012
2002013
2002021
2002022
2002023
2002031
2002032
2002033
20000111
20000112
20000113
20000121
20000122
20000123
20000131
20000132
20000133
20000211
20000212
20000213
20000221
20000222
20000223
20000231
20000232
20000233
200002011
200002012
200002013
200002021
200002022
200002023
200002031
200002032
200002033
21211
21212
21213
21221
21222
21223
21231
21232
21233
2300311
2300312
2300313
2300321
2300322
2300323
2300331
2300332
2300333
3000000
310000
3200
330000
3010
3020
3030
30010
300200
30030
300010
300020
300030
30000100
3000020000
3000030
3000001
3000002
3000003
3110
3120
3130
31010
31020
31030
310010
310020
31003
310001
310002
310003
3210
3220
3230
3201
3202
3203
3310
3320
3330
33010
33020
33030
330010
330020
3300300
330001
330002
330003
3011
3012
3013
3021
3022
3023
3031
3032
3033
30011
30012
30013
300210
300220
300230
300201
300202
300203
30031
30032
30033
300011
300012
300013
300021
300022
300023
300031
300032
300033
30000110
30000120
30000130
30000101
30000102
30000103
30000210
30000220
30000230
300002010
300002020
300002030
3000020010
3000020020
3000020030
3000020001
3000020002
3000020003
3000031
3000032
3000033
3111
3112
3113
3121
3122
3123
3131
3132
3133
31011
31012
31013
31021
31022
31023
31031
31032
31033
310011
310012
310013
310021
310022
310023
3211
3212
3213
3221
3222
3223
3231
3232
3233
3311
3312
3313
3321
3322
3323
3331
3332
3333
33011
33012
33013
33021
33022
33023
33031
33032
33033
330011
330012
330013
330021
330022
330023
3300310
3300320
3300330
3300301
3300302
3300303
300211
300212
300213
300221
300222
300223
300231
300232
300233
30000111
30000112
30000113
30000121
30000122
30000123
30000131
30000132
30000133
30000211
30000212
30000213
30000221
30000222
30000223
30000231
30000232
30000233
300002011
300002012
300002013
300002021
300002022
300002023
300002031
300002032
300002033
3000020011
3000020012
3000020013
3000020021
3000020022
3000020023
3000020031
3000020032
3000020033
3300311
3300312
3300313
3300321
3300322
3300323
3300331
3300332
3300333
10000
1100
120
13000
10100
1020
1030
10010
100200
1003000
10001
10002
10003
11100000
112000
1130
1101
1102
1103
121
122
123
1310
1320
1330
13010
13020
13030
13001
13002
13003
10110
1012000
10130
10101
10102
10103
1021
1022
1023
1031
1032
1033
10011
10012
10013
10021
100220
100230
100201
100202
100203
100310
100320
100330
1003010
1003020
1003030
1003001
1003002
1003003
11110
11120
11130
111010
111020
111030
1110010
1110020
1110030
11100010
11100020
11100030
11100001
11100002
11100003
11210
11220
11230
112010
112020
112030
112001
112002
112003
1131
1132
1133
1311
1312
1313
1321
1322
1323
1331
1332
1333
13011
13012
13013
13021
13022
13023
13031
13032
13033
10111
10112
10113
101210
101220
101230
1012010
1012020
1012030
1012001
1012002
1012003
10131
10132
10133
100221
100222
100223
100231
100232
100233
100311
100312
100313
100321
100322
100323
100331
100332
100333
1003011
1003012
1003013
1003021
1003022
1003023
1003031
1003032
1003033
11111
11112
11113
11121
11122
11123
11131
11132
11133
111011
111012
111013
111021
111022
111023
111031
111032
111033
1110011
1110012
1110013
1110021
1110022
1110023
1110031
1110032
1110033
11100011
11100012
11100013
11100021
11100022
11100023
11100031
11100032
11100033
11211
11212
11213
11221
11222
11223
11231
11232
11233
112011
112012
112013
112021
112022
112023
112031
112032
112033
101211
101212
101213
101221
101222
101223
101231
101232
101233
1012011
1012012
1012013
1012021
1012022
1012023
1012031
1012032
1012033
