000000
010000
020
030
0010
0020
003000
00010
000200
00030
0000100
0000200
000030000
000001
000002
000003
011000
0120
0130
01010
01020
01030
010010
0100200
010030
010001
010002
010003
021
022
023
031
032
033
0011
0012
0013
0021
0022
0023
00310
00320
003300
003010
003020
003030
003001
003002
003003
00011
00012
00013
000210
000220
000230
0002010
0002020
0002030
00031
00032
00033
0000110
0000120
0000130
0000101
0000102
0000103
0000210
0000220
0000230
0000201
0000202
0000203
0000310
0000320
0000330
00003010
00003020
00003030
000030010
000030020
000030030
000030001
000030002
000030003
01110
01120
01130
011010
011020
011030
011001
011002
011003
0121
0122
0123
0131
0132
0133
01011
01012
01013
01021
01022
01023
01031
01032
01033
010011
010012
010013
0100210
0100220
0100230
0100201
0100202
0100203
010031
010032
010033
00311
00312
00313
00321
00322
00323
003310
003320
003330
003301
003302
003303
003011
003012
003013
003021
003022
003023
003031
003032
003033
000211
000212
000213
000221
000222
000223
000231
000232
000233
0002011
0002012
0002013
0002021
0002022
0002023
0002031
0002032
0002033
0000111
0000112
0000113
0000121
0000122
0000123
0000131
0000132
0000133
0000211
0000212
0000213
0000221
0000222
0000223
0000231
0000232
0000233
0000311
0000312
0000313
0000321
0000322
0000323
0000331
0000332
0000333
00003011
00003012
00003013
00003021
00003022
00003023
00003031
00003032
00003033
000030011
000030012
000030013
000030021
000030022
000030023
000030031
000030032
000030033
01111
01112
01113
01121
01122
01123
01131
01132
01133
011011
011012
011013
011021
011022
011023
011031
011032
011033
0100211
0100212
0100213
0100221
0100222
0100223
0100231
0100232
0100233
003311
003312
003313
003321
003322
003323
003331
003332
003333
200000000
21000
2200
230
2010
2020
2030000
20010
2002
20030
200010
200020
200030
2000010
2000020
200003000
20000010
20000020
20000030
200000010
2000000200
200000030
200000001
200000002
200000003
2110
21200
2130
210100
21020
21030
21001
21002
21003
2210
22200
2230
2201
2202
2203
231
232
233
2011
2012
2013
2021
2022
2023
20310
20320
20330
203010
203020
203030
2030010
2030020
2030030
2030001
2030002
2030003
20011
20012
20013
20031
20032
20033
200011
200012
200013
200021
200022
200023
200031
200032
200033
2000011
2000012
2000013
2000021
2000022
2000023
20000310
20000320
200003300
200003010
200003020
200003030
200003001
200003002
200003003
20000011
20000012
20000013
20000021
20000022
20000023
20000031
20000032
20000033
200000011
200000012
200000013
2000000210
2000000220
2000000230
2000000201
2000000202
2000000203
200000031
200000032
200000033
2111
2112
2113
21210
21220
21230
21201
21202
21203
2131
2132
2133
210110
210120
210130
210101
210102
210103
21021
21022
21023
21031
21032
21033
2211
2212
2213
22210
22220
22230
22201
22202
22203
2231
2232
2233
20311
20312
20313
20321
20322
20323
20331
20332
20333
203011
203012
203013
203021
203022
203023
203031
203032
203033
2030011
2030012
2030013
2030021
2030022
2030023
2030031
2030032
2030033
20000311
20000312
20000313
20000321
20000322
20000323
200003310
200003320
200003330
200003301
200003302
200003303
200003011
200003012
200003013
200003021
200003022
200003023
200003031
200003032
200003033
2000000211
2000000212
2000000213
2000000221
2000000222
2000000223
2000000231
2000000232
2000000233
21211
21212
21213
21221
21222
21223
21231
21232
21233
210111
210112
210113
210121
210122
210123
210131
210132
210133
22211
22212
22213
22221
22222
22223
22231
22232
22233
200003311
200003312
200003313
200003321
200003322
200003323
200003331
200003332
200003333
10000000
1100000
1200
130000
101
102000
1030
10010
10020
10030
100010
100020
100030
1000010
1000020
1000030
10000010
100000200
1000003000
10000001
10000002
10000003
1110
1120
1130
11010
11020
11030
110010
110020
110030
1100010
1100020
1100030
1100001
1100002
1100003
12100
1220
1230
1201
1202
1203
1310
1320
1330
13010
13020
13030
130010
130020
130030
130001
130002
130003
10210
10220
10230
102010
102020
102030
102001
102002
102003
1031
1032
1033
10011
10012
10013
10021
10022
10023
10031
10032
10033
100011
100012
100013
100021
100022
100023
100031
100032
100033
1000011
1000012
1000013
1000021
1000022
1000023
1000031
1000032
1000033
10000011
10000012
10000013
100000210
100000220
100000230
100000201
100000202
100000203
100000310
100000320
100000330
1000003010
1000003020
1000003030
1000003001
1000003002
1000003003
1111
1112
1113
1121
1122
1123
1131
1132
1133
11011
11012
11013
11021
11022
11023
11031
11032
11033
110011
110012
110013
110021
110022
110023
110031
110032
110033
1100011
1100012
1100013
1100021
1100022
1100023
1100031
1100032
1100033
12110
12120
12130
12101
12102
12103
1221
1222
1223
1231
1232
1233
1311
1312
1313
1321
1322
1323
1331
1332
1333
13011
13012
13013
13021
13022
13023
13031
13032
13033
130011
130012
130013
130021
130022
130023
130031
130032
130033
10211
10212
10213
10221
10222
10223
10231
10232
10233
102011
102012
102013
102021
102022
102023
102031
102032
102033
100000211
100000212
100000213
100000221
100000222
100000223
100000231
100000232
100000233
100000311
100000312
100000313
100000321
100000322
100000323
100000331
100000332
100000333
1000003011
1000003012
1000003013
1000003021
1000003022
1000003023
1000003031
1000003032
1000003033
12111
12112
12113
12121
12122
12123
12131
12132
12133
3000000
3100000
3200000
330
3010
3020
30300
30010
300200
30030
300010
300020
300030000
3000010
30000200
3000030
3000001
3000002
3000003
3110
3120
3130
31010
31020
31030
310010
310020
3100300
3100010
3100020
3100030
3100001
3100002
3100003
3210
3220
3230
32010
32020
3203
320010
320020
320030
3200010
3200020
3200030
3200001
3200002
3200003
331
332
333
3011
3012
3013
3021
3022
3023
30310
30320
30330
30301
30302
30303
30011
30012
30013
300210
300220
300230
300201
300202
300203
30031
30032
30033
300011
300012
300013
300021
300022
300023
3000310
3000320
3000330
30003010
30003020
30003030
300030010
300030020
300030030
300030001
300030002
300030003
3000011
3000012
3000013
30000210
30000220
30000230
30000201
30000202
30000203
3000031
3000032
3000033
3111
3112
3113
3121
3122
3123
3131
3132
3133
31011
31012
31013
31021
31022
31023
31031
31032
31033
310011
310012
310013
310021
310022
310023
3100310
3100320
3100330
3100301
3100302
3100303
3100011
3100012
3100013
3100021
3100022
3100023
3100031
3100032
3100033
3211
3212
3213
3221
3222
3223
3231
3232
3233
32011
32012
32013
32021
32022
32023
320011
320012
320013
320021
320022
320023
320031
320032
320033
3200011
3200012
3200013
3200021
3200022
3200023
3200031
3200032
3200033
30311
30312
30313
30321
30322
30323
30331
30332
30333
300211
300212
300213
300221
300222
300223
300231
300232
300233
3000311
3000312
3000313
3000321
3000322
3000323
3000331
3000332
3000333
30003011
30003012
30003013
30003021
30003022
30003023
30003031
30003032
30003033
300030011
300030012
300030013
300030021
300030022
300030023
300030031
300030032
300030033
30000211
30000212
30000213
30000221
30000222
30000223
30000231
30000232
30000233
3100311
3100312
3100313
3100321
3100322
3100323
3100331
3100332
3100333
