1000
110
12000
130
1010
10200
1030
1001
1002
1003
111
112
113
1210
12200
1230
12010
12020
120300
12001
12002
12003
131
132
133
1011
1012
1013
10210
102200
10230
10201
10202
10203
1031
1032
1033
1211
1212
1213
12210
12220
12230
12201
12202
12203
1231
1232
1233
12011
12012
12013
12021
12022
12023
120310
120320
120330
120301
120302
120303
10211
10212
10213
10221
102220
102230
102201
102202
102203
10231
10232
10233
12211
12212
12213
12221
12222
12223
12231
12232
12233
120311
120312
120313
120321
120322
120323
120331
120332
120333
102221
102222
102223
102231
102232
102233
0000
010
0200
030
0010
002000
0030
0001
0002
0003
011
012
013
0210
0220
0230
0201
0202
0203
031
032
033
0011
0012
0013
00210
002200
00230
002010
002020
0020300
002001
002002
002003
0031
0032
0033
0211
0212
0213
02210
02220
02230
0231
0232
0233
00211
00212
00213
002210
002220
002230
002201
002202
002203
00231
00232
00233
002011
002012
002013
002021
002022
002023
0020310
0020320
0020330
0020301
0020302
0020303
02211
02212
02213
02221
02222
02223
02231
02232
02233
002211
002212
002213
002221
002222
002223
002231
002232
002233
0020311
0020312
0020313
0020321
0020322
0020323
0020331
0020332
0020333
2000
210
22000
230
2010
202000
2030
2001
2002
2003
211
212
213
2210
2220
22300
22010
220200
22030
22001
22002
22003
231
232
233
2011
2012
2013
20210
20220
20230
202010
202020
202030
202001
202002
202003
2031
2032
2033
2211
2212
2213
2221
2222
2223
22310
22320
22330
22301
22302
22303
22011
22012
22013
220210
22022
220230
220201
220202
220203
22031
22032
22033
20211
20212
20213
20221
20222
20223
20231
20232
20233
202011
202012
202013
202021
202022
202023
202031
202032
202033
22311
22312
22313
22321
22322
22323
22331
22332
22333
220211
220212
220213
220231
220232
220233
3000
310
3200
330
3010
302000
3030
3001
3002
3003
311
312
313
3210
32200
3230
3201
3202
3203
331
332
333
3011
3012
3013
30210
302200
30230
302010
302020
3020300
302001
302002
302003
3031
3032
3033
3211
3212
3213
32210
32220
3223
32201
32202
32203
3231
3232
3233
30211
30212
30213
302210
302220
302230
302201
302202
302203
30231
30232
30233
302011
302012
302013
302021
302022
302023
3020310
3020320
3020330
3020301
3020302
3020303
32211
32212
32213
32221
32222
32223
302211
302212
302213
302221
302222
302223
302231
302232
302233
3020311
3020312
3020313
3020321
3020322
3020323
3020331
3020332
3020333
