000
010000
020
030
00100
0020
0030
01100
0120
01300
01010
01020
01030
010010
010020
010030
010001
010002
010003
021
022
023
031
032
033
00110
00120
00130
00101
00102
00103
0021
0022
0023
0031
0032
0033
01110
01120
01130
01101
01102
01103
0121
0122
0123
01310
01320
01330
01301
01302
01303
01011
01012
01013
01021
01022
01023
01031
01032
01033
010011
010012
010013
010021
010022
010023
010031
010032
010033
00111
00112
00113
00121
00122
00123
00131
00132
00133
01111
01112
01113
01121
01122
01123
01131
01132
01133
01311
01312
01313
01321
01322
01323
01331
01332
01333
100000
1100
120
1300
1010
1020
1030
10010
10020
10030
100010
100020
100030
100001
100002
100003
1110
1120
1130
1101
1102
1103
121
122
123
131000
1320
1330
1301
1302
1303
1011
1012
1013
1021
1022
1023
1031
1032
1033
10011
10012
10013
10021
10022
10023
10031
10032
10033
100011
100012
100013
100021
100022
100023
100031
100032
100033
1111
1112
1113
1121
1122
1123
1131
1132
1133
13110
13120
13130
13101
131020
131030
131001
131002
131003
1321
1322
1323
1331
1332
1333
13111
13112
13113
13121
13122
13123
13131
13132
13133
131021
131022
131023
131031
131032
131033
20000
2100
220
2300
2010
2020
2030
20010
20020
20030
20001
20002
20003
211000
2120
2130
2101
2102
2103
221
222
223
2310
2320
2330
2301
2302
2303
2011
2012
2013
2021
2022
2023
2031
2032
2033
20011
20012
20013
20021
20022
20023
20031
20032
20033
21110
21120
21130
2110100
21102
211030
211001
211002
211003
2121
2122
2123
2131
2132
2133
2311
2312
2313
2321
2322
2323
2331
2332
2333
21111
21112
21113
21121
21122
21123
21131
21132
21133
2110110
2110120
2110130
2110101
2110102
2110103
211031
211032
211033
2110111
2110112
2110113
2110121
2110122
2110123
2110131
2110132
2110133
3000
3100000
320
33
3010
3020
3030
3001
3002
3003
31100
3120
31300
31010
31020
31030
310010
310020
310030
3100010
3100020
3100030
3100001
3100002
3100003
321
322
323
3011
3012
3013
3021
3022
3023
3031
3032
3033
31110
31120
31130
31101
31102
31103
3121
3122
3123
31310
31320
31330
31301
31302
31303
31011
31012
31013
31021
31022
31023
31031
31032
31033
310011
310012
310013
310021
310022
310023
310031
310032
310033
3100011
3100012
3100013
3100021
3100022
3100023
3100031
3100032
3100033
31111
31112
31113
31121
31122
31123
31131
31132
31133
31311
31312
31313
31321
31322
31323
31331
31332
31333
