2000102000101020200010030
200010200010102020001003110302010
200010200010102020001003110302011213011
200010200010102020001003110302011213012103020
200010200010102020001003110302011213012103021311
200010200010102020001003110302011213012103021312111213220300301
20001020001010202000100311030201121301210302131211121322030030230
20001020001010202000100311030201121301210302131211121322030030231
20001020001010202000100311030201121301210302131211121322030030232
2000102000101020200010031103020112130121030213121112132203003023321
20001020001010202000100311030201121301210302131211121322030030233223
200010200010102020001003110302011213012103021312111213220300302333
200010200010102020001003110302011213012103021312111213220300303
200010200010102020001003110302011213012103021312111213220300311322
200010200010102020001003110302011213012103021312111213220300311323
2000102000101020200010031103020112130121030213121112132203003113312
2000102000101020200010031103020112130121030213121112132203003113313
20001020001010202000100311030201121301210302131211121322030031133222122
20001020001010202000100311030201121301210302131211121322030031133222123
2000102000101020200010031103020112130121030213121112132203003113322213
20001020001010202000100311030201121301210302131211121322030031133222231
20001020001010202000100311030201121301210302131211121322030031133222232333
2000102000101020200010031103020112130121030213121112132203003113323
200010200010102020001003110302011213012103021312111213220300311333102
200010200010102020001003110302011213012103021312111213220300311333103
20001020001010202000100311030201121301210302131211121322030031133311
20001020001010202000100311030201121301210302131211121322030031133312
2000102000101020200010031103020112130121030213121112132203003113331320
2000102000101020200010031103020112130121030213121112132203003113331321
2000102000101020200010031103020112130121030213121112132203003113331322
2000102000101020200010031103020112130121030213121112132203003113331323
2000102000101020200010031103020112130121030213121112132203003113331330
2000102000101020200010031103020112130121030213121112132203003113331331
2000102000101020200010031103020112130121030213121112132203003113331332
2000102000101020200010031103020112130121030213121112132203003113331333
200010200010102020001003110302011213012103021312111213220300312
200010200010102020001003110302011213012103021312111213220300313
200010200010102020001003110302011213012103021312111213220301
200010200010102020001003110302011213012103021312111213220302
200010200010102020001003110302011213012103021312111213220303
000010200010102020001011030201030
00001020001010202000101103020103120
000010200010102020001011030201031213011
000010200010102020001011030201031213012103020
000010200010102020001011030201031213012103021311
00001020001010202000101103020103121301210302131211121322030030230
00001020001010202000101103020103121301210302131211121322030030231
00001020001010202000101103020103121301210302131211121322030030232
0000102000101020200010110302010312130121030213121112132203003023321
00001020001010202000101103020103121301210302131211121322030030233223
000010200010102020001011030201031213012103021312111213220300302333
000010200010102020001011030201031213012103021312111213220300303
000010200010102020001011030201031213012103021312111213220300311322
000010200010102020001011030201031213012103021312111213220300311323
0000102000101020200010110302010312130121030213121112132203003113311
0000102000101020200010110302010312130121030213121112132203003113312
0000102000101020200010110302010312130121030213121112132203003113313
00001020001010202000101103020103121301210302131211121322030031133222122
00001020001010202000101103020103121301210302131211121322030031133222123
0000102000101020200010110302010312130121030213121112132203003113322213
00001020001010202000101103020103121301210302131211121322030031133222231
00001020001010202000101103020103121301210302131211121322030031133222232333
0000102000101020200010110302010312130121030213121112132203003113323
000010200010102020001011030201031213012103021312111213220300311333102
000010200010102020001011030201031213012103021312111213220300311333103
00001020001010202000101103020103121301210302131211121322030031133311
00001020001010202000101103020103121301210302131211121322030031133312
0000102000101020200010110302010312130121030213121112132203003113331320
0000102000101020200010110302010312130121030213121112132203003113331321
0000102000101020200010110302010312130121030213121112132203003113331322
0000102000101020200010110302010312130121030213121112132203003113331323
0000102000101020200010110302010312130121030213121112132203003113331330
0000102000101020200010110302010312130121030213121112132203003113331331
0000102000101020200010110302010312130121030213121112132203003113331332
0000102000101020200010110302010312130121030213121112132203003113331333
000010200010102020001011030201031213012103021312111213220300312
000010200010102020001011030201031213012103021312111213220300313
000010200010102020001011030201031213012103021312111213220301
000010200010102020001011030201031213012103021312111213220302
000010200010102020001011030201031213012103021312111213220303
1000102010300010010202000201030
10001020103000100102020002010311112103020
10001020103000100102020002010311112103021120
1000102010300010010202000201031111210302112130121131211301
100010201030001001020200020103111121030211213012113121130220300312213230
100010201030001001020200020103111121030211213012113121130220300312213231
100010201030001001020200020103111121030211213012113121130220300312213232
100010201030001001020200020103111121030211213012113121130220300312213233223
1000102010300010010202000201031111210302112130121131211302203003122132333
1000102010300010010202000201031111210302112130121131211302203003122133
1000102010300010010202000201031111210302112130121131211302203003123
10001020103000100102020002010311112103021121301211312113022030031322
10001020103000100102020002010311112103021121301211312113022030031323
100010201030001001020200020103111121030211213012113121130220300313311
100010201030001001020200020103111121030211213012113121130220300313312
100010201030001001020200020103111121030211213012113121130220300313313
100010201030001001020200020103111121030211213012113121130220300313322212
100010201030001001020200020103111121030211213012113121130220300313322213
1000102010300010010202000201031111210302112130121131211302203003133222231
100010201030001001020200020103111121030211213012113121130220300313322223233
100010201030001001020200020103111121030211213012113121130220300313323
10001020103000100102020002010311112103021121301211312113022030031333102
10001020103000100102020002010311112103021121301211312113022030031333103
1000102010300010010202000201031111210302112130121131211302203003133311
1000102010300010010202000201031111210302112130121131211302203003133312
100010201030001001020200020103111121030211213012113121130220300313331320
100010201030001001020200020103111121030211213012113121130220300313331321
100010201030001001020200020103111121030211213012113121130220300313331322
100010201030001001020200020103111121030211213012113121130220300313331323
100010201030001001020200020103111121030211213012113121130220300313331330
100010201030001001020200020103111121030211213012113121130220300313331331
100010201030001001020200020103111121030211213012113121130220300313331332
100010201030001001020200020103111121030211213012113121130220300313331333
100010201030001001020200020103111121030211213012113121130220301
100010201030001001020200020103111121030211213012113121130220302
100010201030001001020200020103111121030211213012113121130220303
1000102010300010010202000201031111210302112130121131211303
30000100102000101020200111030201030
3000010010200010102020011103020103120
3000010010200010102020011103020103121311
3000010010200010102020011103020103121312103020
3000010010200010102020011103020103121312103021220300301
300001001020001010202001110302010312131210302122030030230
300001001020001010202001110302010312131210302122030030231
300001001020001010202001110302010312131210302122030030232
3000010010200010102020011103020103121312103021220300302331132121112132
30000100102000101020200111030201031213121030212203003023311321211121333
3000010010200010102020011103020103121312103021220300302331132121112223
30000100102000101020200111030201031213121030212203003023311321211123
300001001020001010202001110302010312131210302122030030233113212111311
300001001020001010202001110302010312131210302122030030233113212111312
30000100102000101020200111030201031213121030212203003023311321211131322
30000100102000101020200111030201031213121030212203003023311321211131323
300001001020001010202001110302010312131210302122030030233113212111313322212
300001001020001010202001110302010312131210302122030030233113212111313322213
3000010010200010102020011103020103121312103021220300302331132121113133222231
300001001020001010202001110302010312131210302122030030233113212111313322223233
300001001020001010202001110302010312131210302122030030233113212111313323
30000100102000101020200111030201031213121030212203003023311321211131333102
30000100102000101020200111030201031213121030212203003023311321211131333103
30000100102000101020200111030201031213121030212203003023311321211131333113
3000010010200010102020011103020103121312103021220300302331132121113133312
300001001020001010202001110302010312131210302122030030233113212111313331320
300001001020001010202001110302010312131210302122030030233113212111313331321
300001001020001010202001110302010312131210302122030030233113212111313331322
300001001020001010202001110302010312131210302122030030233113212111313331323
300001001020001010202001110302010312131210302122030030233113212111313331330
300001001020001010202001110302010312131210302122030030233113212111313331331
300001001020001010202001110302010312131210302122030030233113212111313331332
300001001020001010202001110302010312131210302122030030233113212111313331333
3000010010200010102020011103020103121312103021220300303
3000010010200010102020011103020103121312103021220301
3000010010200010102020011103020103121312103021220302
3000010010200010102020011103020103121312103021220303
