0000
010
02000
030
00100
0020
0030
00010
00020
00030
011
012
013
0210
0220
0230
02010
02020
02030
02001
02002
02003
031
032
033
00110
00120
00130
00101
00102
00103
0021
0022
0023
0031
0032
0033
00011
00012
00013
00021
00022
00023
00031
00032
00033
0211
0212
0213
0221
0222
0223
0231
0232
0233
02011
02012
02013
02021
02022
02023
02031
02032
02033
00111
00112
00113
00121
00122
00123
00131
00132
00133
20000
2100
22
23000
2010
2020
2030
20010
20020
20030
20001
20002
20003
2110
2120
2130
2101
2102
2103
2310
2320
2330
23010
23020
23030
23001
23002
23003
2011
2012
2013
2021
2022
2023
2031
2032
2033
20011
20012
20013
20021
20022
20023
20031
20032
20033
2111
2112
2113
2121
2122
2123
2131
2132
2133
2311
2312
2313
2321
2322
2323
2331
2332
2333
23011
23012
23013
23021
23022
23023
23031
23032
23033
100000
1100
120
130
101
1020
10300
10010
10020
10030
100010
100020
100030
100001
100002
100003
1110
1120
1130
1101
1102
1103
121
122
123
131
132
133
1021
1022
1023
10310
10320
10330
10301
10302
10303
10011
10012
10013
10021
10022
10023
10031
10032
10033
100011
100012
100013
100021
100022
100023
100031
100032
100033
1111
1112
1113
1121
1122
1123
1131
1132
1133
10311
10312
10313
10321
10322
10323
10331
10332
10333
3000000
310
320
330
3010
3020
3030
300100
30020
30030
300010
300020
30003
3000010
3000020
3000030
3000001
3000002
3000003
311
312
313
321
322
323
331
332
333
3011
3012
3013
3021
3022
3023
3031
3032
3033
300110
300120
300130
300101
300102
300103
30021
30022
30023
30031
30032
30033
300011
300012
300013
300021
300022
300023
3000011
3000012
3000013
3000021
3000022
3000023
3000031
3000032
3000033
300111
300112
300113
300121
300122
300123
300131
300132
300133
