000000100000010112112021211022003021011221233323
00000010000001011211202121102200302101122123333
00000010000001011211202121102200302101122131
000000100000010112112021211022003021011221322
000000100000010112112021211022003021011221323133
0000001000000101121120212110220030210112213232
00000010000001011211202121102200302101122132330
00000010000001011211202121102200302101122132331312
00000010000001011211202121102200302101122132331313
00000010000001011211202121102200302101122132332
00000010000001011211202121102200302101122132333
00000010000001011211202121102200302101123
000000100000010112112021211022003021011312
000000100000010112112021211022003021011313
00000010000001011211202121102200302102
00000010000001011211202121102200302103
00000010000001011211202121102201
00000010000001011211202121102202
00000010000001011211202121102203
0000001000000101121120212111
0000001000000101121120212112
0000001000000101121120212113
