0 7 5 10 5 6 6 11 12 13 3 7 7 12 9 3 3 8 12 12 13 0 4 4 6 9 2 8 13 3 10 2 6 3
0 7 5 10 5 6 6 11 12 13 3 7 7 12 9 3 3 8 12 12 13 0 4 4 6 9 2 8 13 3 10 2 8 6
0 7 5 10 5 6 6 11 12 13 3 7 7 12 9 3 3 8 12 12 13 0 4 4 6 9 2 8 13 3 10 2 8 3
0 7 5 10 5 6 6 11 12 13 3 7 7 12 9 3 3 8 12 12 13 0 4 4 6 9 2 8 13 3 10 2 13 5 0 5 2
0 7 5 10 5 6 6 11 12 13 3 7 7 12 9 3 3 8 12 12 13 0 4 4 6 9 2 8 13 3 10 2 13 5 0 3
0 7 5 10 5 6 6 11 12 13 3 7 7 12 9 3 3 8 12 12 13 0 4 4 6 9 2 8 13 3 10 0
0 7 5 10 5 6 6 11 12 13 3 7 7 12 9 3 3 8 12 12 13 0 4 4 6 9 2 8 13 3 10 11 13
0 7 5 10 5 6 6 11 12 13 3 7 7 12 9 3 3 8 12 12 13 0 4 4 6 9 2 8 13 3 10 11 7 5
0 7 5 10 5 6 6 11 12 13 3 7 7 12 9 3 3 8 12 12 13 0 4 4 6 9 1 11
0 7 5 10 5 6 6 11 12 13 3 7 7 12 9 3 3 8 12 12 13 0 4 4 6 9 1 6
0 7 5 10 5 6 6 11 12 13 3 7 7 12 9 3 3 8 12 12 13 0 4 4 6 9 1 1 6
0 7 5 10 5 6 6 11 12 13 3 7 7 12 9 3 3 8 12 12 13 0 4 4 6 9 3
0 7 5 10 5 6 6 11 12 13 3 7 7 12 9 3 3 8 12 12 13 0 4 4 4 0
