000
01000
0200
030
001
002
003
0110
0120
0130
01010
010200
01030
01001
01002
01003
0210
0220
0230
0201
0202
0203
031
032
033
0111
0112
0113
0121
0122
0123
0131
0132
0133
01011
01012
01013
010210
010220
010230
010201
010202
010203
01031
01032
01033
0211
0212
0213
0221
0222
0223
0231
0232
0233
010211
010212
010213
0102210
0102220
0102230
010231
010232
010233
0102211
0102212
0102213
0102221
0102222
0102223
0102231
0102232
0102233
200
21000
2200
230
201
202
203
2110
2120
2130
21010
210200
21030
21001
21002
21003
2210
2220
2230
2201
2202
2203
231
232
233
2111
2112
2113
2121
2122
2123
2131
2132
2133
21011
21012
21013
210210
2102200
210230
210201
210202
210203
21031
21032
21033
2211
2212
2213
2221
2222
2223
2231
2232
2233
210211
210212
210213
2102210
210222
2102230
2102201
2102202
2102203
210231
210232
210233
2102211
2102212
2102213
2102231
2102232
2102233
300
31000
3200
330
301
302
303
3110
3120
3130
31010
310200
31030
31001
31002
31003
3210
3220
3230
3201
3202
3203
331
332
333
3111
3112
3113
3121
3122
3123
3131
3132
3133
31011
31012
31013
310210
3102200
310230
310201
310202
310203
31031
31032
31033
3211
3212
3213
3221
3222
3223
3231
3232
3233
310211
310212
310213
3102210
3102220
310223
3102201
3102202
3102203
310231
310232
310233
3102211
3102212
3102213
3102221
3102222
3102223
1000
11
120
130
101000
10200
1030
1001
1002
1003
121
122
123
131
132
133
10110
10120
10130
101010
1010200
101030
101001
101002
101003
10210
10220
10230
10201
10202
10203
1031
1032
1033
10111
10112
10113
10121
10122
10123
10131
10132
10133
101011
101012
101013
1010210
1010220
1010230
1010201
1010202
1010203
101031
101032
101033
10211
10212
10213
10221
10222
10223
10231
10232
10233
1010211
1010212
1010213
1010221
1010222
1010223
1010231
1010232
1010233
