100
11000
120
130
101
102
103
1110
11200
113000
11010
110200
11030
11001
11002
11003
121
122
123
131
132
133
1111
1112
1113
112100
11220
11230
11201
11202
11203
11310
11320
11330
113010
113020
113030
113001
113002
113003
11011
11012
11013
11021
110220
110230
110201
110202
110203
11031
11032
11033
112110
112120
112130
112101
112102
112103
11221
11222
11223
11231
11232
11233
11311
11312
11313
11321
11322
11323
11331
11332
11333
113011
113012
113013
113021
113022
113023
113031
113032
113033
110221
110222
110223
110231
110232
110233
112111
112112
112113
112121
112122
112123
112131
112132
112133
0000
010
0200
030000
0010
0020
0030
0001
0002
0003
011
012
013
02100
0220
0230
0201
0202
0203
0310
0320
0330
03010
03020
03030
030010
030020
030030
030001
030002
030003
0011
0012
0013
00210
00220
00230
0031
0032
0033
02110
02120
02130
02101
02102
02103
0221
0222
0223
0231
0232
0233
0311
0312
0313
0321
0322
0323
0331
0332
0333
03011
03012
03013
03021
03022
03023
03031
03032
03033
030011
030012
030013
030021
030022
030023
030031
030032
030033
00211
00212
00213
00221
00222
00223
00231
00232
00233
02111
02112
02113
02121
02122
02123
02131
02132
02133
3000
31000
3200
330
3010
3020
3030
3001
3002
3003
3110
3120
31300
31010
310200
31030
31001
31002
31003
32100
3220
3230
3201
3202
3203
331
332
333
3011
3012
3013
3021
3022
3023
3031
3032
3033
3111
3112
3113
3121
3122
3123
31310
31320
31330
31301
31302
31303
31011
31012
31013
310210
310220
31023
310201
310202
310203
31031
31032
31033
32110
32120
32130
32101
32102
32103
3221
3222
3223
3231
3232
3233
31311
31312
31313
31321
31322
31323
31331
31332
31333
310211
310212
310213
310221
310222
310223
32111
32112
32113
32121
32122
32123
32131
32132
32133
200
21000
220
230
201
202
203
2110
21200
213000
21010
210200
21030
21001
21002
21003
221
222
223
231
232
233
2111
2112
2113
212100
21220
21230
21201
21202
21203
21310
21320
21330
213010
213020
213030
213001
213002
213003
21011
21012
21013
210210
21022
210230
210201
210202
210203
21031
21032
21033
212110
212120
212130
212101
212102
212103
21221
21222
21223
21231
21232
21233
21311
21312
21313
21321
21322
21323
21331
21332
21333
213011
213012
213013
213021
213022
213023
213031
213032
213033
210211
210212
210213
210231
210232
210233
212111
212112
212113
212121
212122
212123
212131
212132
212133
