10000000
1100
1200
130
10100
1020
1030
10010
10020
10030
100010
100020
100030
1000010
10000200
1000030
10000010
10000020
10000030
10000001
10000002
10000003
1110
1120
1130
1101
1102
1103
1210
1220
1230
1201
1202
1203
131
132
133
10110
10120
10130
10101
10102
10103
1021
1022
1023
1031
1032
1033
10011
10012
10013
10021
10022
10023
10031
10032
10033
100011
100012
100013
100021
100022
100023
100031
100032
100033
1000011
1000012
1000013
1000021
10000220
10000230
10000201
10000202
10000203
1000031
1000032
1000033
10000011
10000012
10000013
10000021
10000022
10000023
10000031
10000032
10000033
1111
1112
1113
1121
1122
1123
1131
1132
1133
1211
1212
1213
1221
1222
1223
1231
1232
1233
10111
10112
10113
10121
10122
10123
10131
10132
10133
10000221
10000222
10000223
10000231
10000232
10000233
2000000
210
2200
2300
2010
20200
2030
20010
20020
200300
200010
2000200
200030
2000010
2000020
2000030
2000001
2000002
2000003
211
212
213
2210
2220
2230
2201
2202
2203
2310
2320
2330
2301
2302
2303
2011
2012
2013
20210
20220
20230
20201
20202
20203
2031
2032
2033
20011
20012
20013
20021
20022
20023
200310
200320
200330
200301
200302
200303
200011
200012
200013
2000210
200022
2000230
2000201
2000202
2000203
200031
200032
200033
2000011
2000012
2000013
2000021
2000022
2000023
2000031
2000032
2000033
2211
2212
2213
2221
2222
2223
2231
2232
2233
2311
2312
2313
2321
2322
2323
2331
2332
2333
20211
20212
20213
20221
20222
20223
20231
20232
20233
200311
200312
200313
200321
200322
200323
200331
200332
200333
2000211
2000212
2000213
2000231
2000232
2000233
0000000
0100
020
030
0010
0020
0030
00010
00020
000300
000010
000020
000030
00000100
00000200
0000030
0000001
0000002
0000003
0110
0120
0130
0101
0102
0103
021
022
023
031
032
033
0011
0012
0013
0021
0022
0023
0031
0032
0033
00011
00012
00013
00021
00022
00023
000310
000320
000330
000301
000302
000303
000011
000012
000013
0000210
0000220
0000230
000031
000032
000033
00000110
00000120
00000130
00000101
00000102
00000103
00000210
00000220
00000230
00000201
00000202
00000203
0000031
0000032
0000033
0111
0112
0113
0121
0122
0123
0131
0132
0133
000311
000312
000313
000321
000322
000323
000331
000332
000333
0000211
0000212
0000213
0000221
0000222
0000223
0000231
0000232
0000233
00000111
00000112
00000113
00000121
00000122
00000123
00000131
00000132
00000133
00000211
00000212
00000213
00000221
00000222
00000223
00000231
00000232
00000233
30000000
3100
3200
330
30100
3020
3030
30010
30020
30030
300010
300020
300030
3000010
30000200
3000030
30000010
30000020
30000030
30000001
30000002
30000003
3110
3120
3130
3101
3102
3103
3210
3220
3230
3201
3202
3203
331
332
333
30110
30120
30130
30101
30102
30103
3021
3022
3023
3031
3032
3033
30011
30012
30013
30021
30022
30023
30031
30032
30033
300011
300012
300013
300021
300022
300023
300031
300032
300033
3000011
3000012
3000013
30000210
30000220
3000023
30000201
30000202
30000203
3000031
3000032
3000033
30000011
30000012
30000013
30000021
30000022
30000023
30000031
30000032
30000033
3111
3112
3113
3121
3122
3123
3131
3132
3133
3211
3212
3213
3221
3222
3223
3231
3232
3233
30111
30112
30113
30121
30122
30123
30131
30132
30133
30000211
30000212
30000213
30000221
30000222
30000223
