000
01000
020
030
001
002
003
01100
01200
0130
01010
01020
01030
01001
01002
01003
021
022
023
031
032
033
01110
01120
01130
011010
011020
011030
01210
01220
01230
01201
01202
01203
0131
0132
0133
01011
01012
01013
01021
01022
01023
01031
01032
01033
01111
01112
01113
01121
01122
01123
01131
01132
01133
011011
011012
011013
011021
011022
011023
011031
011032
011033
01211
01212
01213
01221
01222
01223
01231
01232
01233
10000
110
1200
13000
101
1020
1030
10010
10020
10030
10001
10002
10003
111
112
113
1210
1220
1230
1201
1202
1203
1310
1320
1330
13010
13020
13030
13001
13002
13003
1021
1022
1023
1031
1032
1033
10011
10012
10013
10021
10022
10023
10031
10032
10033
1211
1212
1213
1221
1222
1223
1231
1232
1233
1311
1312
1313
1321
1322
1323
1331
1332
1333
13011
13012
13013
13021
13022
13023
13031
13032
13033
20000
210
2200
23000
2010
202
2030
20010
20020
20030
20001
20002
20003
211
212
213
2210
2220
2230
2201
2202
2203
2310
2320
2330
23010
23020
23030
23001
23002
23003
2011
2012
2013
2031
2032
2033
20011
20012
20013
20021
20022
20023
20031
20032
20033
2211
2212
2213
2221
2222
2223
2231
2232
2233
2311
2312
2313
2321
2322
2323
2331
2332
2333
23011
23012
23013
23021
23022
23023
23031
23032
23033
300
31000
320
330
301
302
303
311000
31200
3130
31010
31020
31030
31001
31002
31003
321
322
323
331
332
333
31110
31120
31130
311010
311020
31103
311001
311002
311003
31210
31220
31230
31201
31202
31203
3131
3132
3133
31011
31012
31013
31021
31022
31023
31031
31032
31033
31111
31112
31113
31121
31122
31123
31131
31132
31133
311011
311012
311013
311021
311022
311023
31211
31212
31213
31221
31222
31223
31231
31232
31233
