0001000101100202021103012003110111210
00010001011002020211030120031101112113030
0001000101100202021103012003110111211303131
0001000101100202021103012003110111211303132012120212220221233030
00010001011002020211030120031101112113031320121202122202212330313132230
00010001011002020211030120031101112113031320121202122202212330313132231
00010001011002020211030120031101112113031320121202122202212330313132232
00010001011002020211030120031101112113031320121202122202212330313132233321
00010001011002020211030120031101112113031320121202122202212330313132233322323
0001000101100202021103012003110111211303132012120212220221233031313223332233
0001000101100202021103012003110111211303132012120212220221233031313223332332
0001000101100202021103012003110111211303132012120212220221233031313223332333
00010001011002020211030120031101112113031320121202122202213
0001000101100202021103012003110111211303132012120212220222
0001000101100202021103012003110111211303132012120212220223
00010001011002020211030120031101112113031320121202122203
000100010110020202110301200311011121130313201213
000100010110020202110301200311011121130313202
000100010110020202110301200311011121130313203
10000100010110110202021112003012103113030
1000010001011011020202111200301210311303131
100001000101101102020211120030121031130313201211
1000010001011011020202111200301210311303132012120212220221233030
10000100010110110202021112003012103113031320121202122202212330313132230
10000100010110110202021112003012103113031320121202122202212330313132231
10000100010110110202021112003012103113031320121202122202212330313132232
10000100010110110202021112003012103113031320121202122202212330313132233321
10000100010110110202021112003012103113031320121202122202212330313132233322323
1000010001011011020202111200301210311303132012120212220221233031313223332233
1000010001011011020202111200301210311303132012120212220221233031313223332332
1000010001011011020202111200301210311303132012120212220221233031313223332333
10000100010110110202021112003012103113031320121202122202213
1000010001011011020202111200301210311303132012120212220222
1000010001011011020202111200301210311303132012120212220223
10000100010110110202021112003012103113031320121202122203
100001000101101102020211120030121031130313201213
100001000101101102020211120030121031130313202
100001000101101102020211120030121031130313203
200001000101101021020202111122003012103112202012113030
20000100010110102102020211112200301210311220201211303131
2000010001011010210202021111220030121031122020121130313221233030
20000100010110102102020211112200301210311220201211303132212330313132230
20000100010110102102020211112200301210311220201211303132212330313132231
20000100010110102102020211112200301210311220201211303132212330313132232
20000100010110102102020211112200301210311220201211303132212330313132233321
20000100010110102102020211112200301210311220201211303132212330313132233322323
2000010001011010210202021111220030121031122020121130313221233031313223332233
2000010001011010210202021111220030121031122020121130313221233031313223332332
2000010001011010210202021111220030121031122020121130313221233031313223332333
20000100010110102102020211112200301210311220201211303132213
2000010001011010210202021111220030121031122020121130313222
2000010001011010210202021111220030121031122020121130313223
20000100010110102102020211112200301210311220201212
20000100010110102102020211112200301210311220201213
20000100010110102102020211112200301210311220202
20000100010110102102020211112200301210311220203
200001000101101021020202111122003012103112203
3001000100202030100111021200
300100010020203010011102120120221031101112113030
30010001002020301001110212012022103110111211303131
3001000100202030100111021201202210311011121130313220230
3001000100202030100111021201202210311011121130313220231
3001000100202030100111021201202210311011121130313220232021222123303131323233321
3001000100202030100111021201202210311011121130313220232021222123303131323233322
300100010020203010011102120120221031101112113031322023202122212330313132323332332
3001000100202030100111021201202210311011121130313220232021222123303131323233323333
300100010020203010011102120120221031101112113031322023202122213
30010001002020301001110212012022103110111211303132202320212222
30010001002020301001110212012022103110111211303132202320212223
30010001002020301001110212012022103110111211303132203
30010001002020301001110212012022103110111212
30010001002020301001110212012022103110111213
3001000100202030100111021201203
