0000000
01000
020
0300000
00100
0020
0030
000100
00020
000300
000010
000020
000030
0000010
00000200
00000300
0000001
0000002
0000003
01100
0120
0130
010100
01020
01030
010010
010020
010030
021
022
023
0310
0320
0330
03010
03020
03030
030010
030020
030030
0300010
0300020
0300030
0300001
0300002
0300003
00110
00120
00130
00101
00102
00103
0021
0022
0023
0031
0032
0033
000110
000120
000130
000101
000102
000103
00021
00022
00023
0003100
000320
000330
000301
000302
000303
000011
000012
000013
000021
000022
000023
000031
000032
000033
0000011
0000012
0000013
00000210
00000220
00000230
00000201
00000202
00000203
00000310
00000320
00000330
00000301
00000302
00000303
01110
01120
01130
01101
01102
01103
0121
0122
0123
0131
0132
0133
010110
010120
010130
010101
010102
010103
01021
01022
01023
01031
01032
01033
010011
010012
010013
010021
010022
010023
010031
010032
010033
0311
0312
0313
0321
0322
0323
0331
0332
0333
03011
03012
03013
03021
03022
03023
03031
03032
03033
030011
030012
030013
030021
030022
030023
030031
030032
030033
0300011
0300012
0300013
0300021
0300022
0300023
0300031
0300032
0300033
00111
00112
00113
00121
00122
00123
00131
00132
00133
000111
000112
000113
000121
000122
000123
000131
000132
000133
0003110
0003120
0003130
0003101
0003102
0003103
000321
000322
000323
000331
000332
000333
00000211
00000212
00000213
00000221
00000222
00000223
00000231
00000232
00000233
00000311
00000312
00000313
00000321
00000322
00000323
00000331
00000332
00000333
01111
01112
01113
01121
01122
01123
01131
01132
01133
010111
010112
010113
010121
010122
010123
010131
010132
010133
0003111
0003112
0003113
0003121
0003122
0003123
0003131
0003132
0003133
2000000000
2100000
220
230
2010
2020
2030
20010
20020
20030
2000100
200020
20003000
20000100
2000020
2000030
20000010
20000020
200000300
200000010
200000020
200000030
2000000010
2000000020
20000000300
2000000001
2000000002
2000000003
2110
2120
2130
21010
21020
21030
2100100
210020
210030
2100010
210002
2100030
2100001
2100002
2100003
221
222
223
231
232
233
2011
2012
2013
2021
2022
2023
2031
2032
2033
20011
20012
20013
20021
20022
20023
20031
20032
20033
2000110
2000120
2000130
2000101
2000102
2000103
200021
200022
200023
2000310
2000320
2000330
20003010
20003020
20003030
20003001
20003002
20003003
20000110
20000120
20000130
20000101
20000102
20000103
2000021
2000022
2000023
2000031
2000032
2000033
20000011
20000012
20000013
20000021
20000022
20000023
2000003100
200000320
200000330
200000301
200000302
200000303
200000011
200000012
200000013
200000021
200000022
200000023
200000031
200000032
200000033
2000000011
2000000012
2000000013
2000000021
2000000022
2000000023
20000000310
20000000320
20000000330
20000000301
20000000302
20000000303
2111
2112
2113
2121
2122
2123
2131
2132
2133
21011
21012
21013
21021
21022
21023
21031
21032
21033
2100110
2100120
2100130
2100101
2100102
2100103
210021
210022
210023
210031
210032
210033
2100011
2100012
2100013
2100031
2100032
2100033
2000111
2000112
2000113
2000121
2000122
2000123
2000131
2000132
2000133
2000311
2000312
2000313
2000321
2000322
2000323
2000331
2000332
2000333
20003011
20003012
20003013
20003021
20003022
20003023
20003031
20003032
20003033
20000111
20000112
20000113
20000121
20000122
20000123
20000131
20000132
20000133
2000003110
2000003120
2000003130
2000003101
2000003102
2000003103
200000321
200000322
200000323
200000331
200000332
200000333
20000000311
20000000312
20000000313
20000000321
20000000322
20000000323
20000000331
20000000332
20000000333
2100111
2100112
2100113
2100121
2100122
2100123
2100131
2100132
2100133
2000003111
2000003112
2000003113
2000003121
2000003122
2000003123
2000003131
2000003132
2000003133
10000000000
110
120
1300
1010
10200
10300
10010
100200
10030
100010
100020
100030
10000100
1000020
10000300
100000100
10000020
10000030
1000000100
100000020
100000030
1000000010
1000000020
1000000030
10000000010
100000000200
100000000300
10000000001
10000000002
10000000003
111
112
113
121
122
123
131
1320
1330
1301
1302
1303
1011
1012
1013
102100
10220
10230
10201
10202
10203
10310
10320
10330
10301
10302
10303
10011
10012
10013
100210
100220
100230
100201
100202
100203
10031
10032
10033
100011
100012
100013
100021
100022
100023
100031
100032
100033
10000110
10000120
10000130
10000101
10000102
10000103
1000021
1000022
1000023
10000310
10000320
10000330
10000301
10000302
10000303
100000110
100000120
100000130
100000101
100000102
100000103
10000021
10000022
10000023
10000031
10000032
10000033
1000000110
1000000120
1000000130
1000000101
1000000102
1000000103
100000021
100000022
100000023
100000031
100000032
100000033
1000000011
1000000012
1000000013
1000000021
1000000022
1000000023
1000000031
1000000032
1000000033
10000000011
10000000012
10000000013
100000000210
100000000220
100000000230
100000000201
100000000202
100000000203
100000000310
100000000320
100000000330
100000000301
100000000302
100000000303
1321
1322
1323
1331
1332
1333
102110
102120
102130
102101
102102
102103
10221
10222
10223
10231
10232
10233
10311
10312
10313
10321
10322
10323
10331
10332
10333
100211
100212
100213
100221
100222
100223
100231
100232
100233
10000111
10000112
10000113
10000121
10000122
10000123
10000131
10000132
10000133
10000311
10000312
10000313
10000321
10000322
10000323
10000331
10000332
10000333
100000111
100000112
100000113
100000121
100000122
100000123
100000131
100000132
100000133
1000000111
1000000112
1000000113
1000000121
1000000122
1000000123
1000000131
1000000132
1000000133
100000000211
100000000212
100000000213
100000000221
100000000222
100000000223
100000000231
100000000232
100000000233
100000000311
100000000312
100000000313
100000000321
100000000322
100000000323
100000000331
100000000332
100000000333
102111
102112
102113
102121
102122
102123
102131
102132
102133
300000
31000000
320
330
3010000
302000
30300
300100
30020
30030
300010
300020
300030
300001
300002
300003
31100
3120
31300
31010
31020
31030
310010
310020
310030
3100010
3100020
3100030
31000010
31000020
310000300
31000001
31000002
31000003
321
322
323
331
332
333
30110
30120
30130
3010100
301020
301030
3010010
3010020
301003
3010001
3010002
3010003
30210
30220
30230
302010
302020
302030
302001
302002
302003
30310
30320
30330
30301
30302
30303
300110
300120
300130
300101
300102
300103
30021
30022
30023
30031
30032
30033
300011
300012
300013
300021
300022
300023
300031
300032
300033
31110
31120
31130
31101
31102
31103
3121
3122
3123
31310
31320
31330
31301
31302
31303
31011
31012
31013
31021
31022
31023
31031
31032
31033
310011
310012
310013
310021
310022
310023
310031
310032
310033
3100011
3100012
3100013
3100021
3100022
3100023
3100031
3100032
3100033
31000011
31000012
31000013
31000021
31000022
31000023
310000310
310000320
310000330
310000301
310000302
310000303
30111
30112
30113
30121
30122
30123
30131
30132
30133
3010110
3010120
3010130
3010101
3010102
3010103
301021
301022
301023
301031
301032
301033
3010011
3010012
3010013
3010021
3010022
3010023
30211
30212
30213
30221
30222
30223
30231
30232
30233
302011
302012
302013
302021
302022
302023
302031
302032
302033
30311
30312
30313
30321
30322
30323
30331
30332
30333
300111
300112
300113
300121
300122
300123
300131
300132
300133
31111
31112
31113
31121
31122
31123
31131
31132
31133
31311
31312
31313
31321
31322
31323
31331
31332
31333
310000311
310000312
310000313
310000321
310000322
310000323
310000331
310000332
310000333
3010111
3010112
3010113
3010121
3010122
3010123
3010131
3010132
3010133
