01131614111180911110111718931101515244711814110
0113161411118091111011171893110151524471181410
01131614111180911110111718931101515244711810
011316141111809111101117189311015152447118111
0113161411118091111011171893110151524471181151
01131614111180911110111718931101515244711811
01131614111180911110111718931101515244711
01131614111180911110111718931101515244711
0113161411118091111011171893110151524471
01131614111180911110111718931101515234
01131614111180911110111718931101515235
0113161411118091111011171893110151521
0113161411118091111011171893110151522
011316141111809111101117189311111
011316141111809111101117189311111
0113161411118091111011171891
0113161411118091111011171890
0113161
0113167
01131611
01131619
01131617
01131615
