000000
010
02000
030
00100
0020
0030
00010
00020
00030
000010
000020
000030
000001
000002
000003
0110
0120
0130
0210
0220
0230
02010
02020
02030
02001
02002
02003
031
032
033
00110
00120
00130
00101
00102
00103
0021
0022
0023
0031
0032
0033
00011
00012
00013
00021
00022
00023
00031
00032
00033
000011
000012
000013
000021
000022
000023
000031
000032
000033
0111
0112
0113
0121
0122
0123
0131
0132
0133
0211
0212
0213
0221
0222
0223
0231
0232
0233
02011
02012
02013
02021
02022
02023
02031
02032
02033
00111
00112
00113
00121
00122
00123
00131
00132
00133
300000
3100
32000
330
30100
3020
3030
30010
30020
30030
300010
300020
300030
300001
300002
300003
3110
3120
313
3101
3102
3103
3210
3220
3230
32010
32020
32030
32001
32002
32003
331
332
333
30110
30120
30130
30101
30102
30103
3021
3022
3023
3031
3032
3033
30011
30012
30013
30021
30022
30023
30031
30032
30033
300011
300012
300013
300021
300022
300023
300031
300032
300033
3111
3112
3113
3121
3122
3123
3211
3212
3213
3221
3222
3223
3231
3232
3233
32011
32012
32013
32021
32022
32023
32031
32032
32033
30111
30112
30113
30121
30122
30123
30131
30132
30133
10000000
1100
120
130
101
1020
1030
10010
10020
10030
1000100
100020
100030
1000010
1000020
1000030
10000010
10000020
10000030
10000001
10000002
10000003
1110
1120
1130
1101
1102
1103
121
122
123
131
132
133
1021
1022
1023
1031
1032
1033
10011
10012
10013
10021
10022
10023
10031
10032
10033
1000110
1000120
1000130
1000101
1000102
1000103
100021
100022
100023
100031
100032
100033
1000011
1000012
1000013
1000021
1000022
1000023
1000031
1000032
1000033
10000011
10000012
10000013
10000021
10000022
10000023
10000031
10000032
10000033
1111
1112
1113
1121
1122
1123
1131
1132
1133
1000111
1000112
1000113
1000121
1000122
1000123
1000131
1000132
1000133
20000
2100
220
230000
2010
2020
2030
200100
20020
20030
20001
20002
20003
2110
2120
2130
2101
2102
2103
221
222
223
2310
2320
2330
23010
23020
23030
230010
23002
230030
230001
230002
230003
2011
2012
2013
2021
2022
2023
2031
2032
2033
200110
200120
200130
200101
200102
200103
20021
20022
20023
20031
20032
20033
2111
2112
2113
2121
2122
2123
2131
2132
2133
2311
2312
2313
2321
2322
2323
2331
2332
2333
23011
23012
23013
23021
23022
23023
23031
23032
23033
230011
230012
230013
230031
230032
230033
200111
200112
200113
200121
200122
200123
200131
200132
200133
