0,7,0
0,8,4,14,11,6,5,2,10,1,0
0,17,15,13,10
0,7,1
0,7,8
0,7,5
0,8,3,10
0,8,11
0,8,4,12,7
0,8,4,9,9
0,8,4,14,17
0,8,4,14,6
0,8,4,14,11,12
0,8,4,14,11,5
0,8,4,14,11,6,16,9
0,8,4,14,11,6,17
0,8,4,14,11,6,0
0,8,4,14,11,6,5,13
0,8,4,14,11,6,5,15
0,8,4,14,11,6,5,2,13
0,8,4,14,11,6,5,2,7
0,8,4,14,11,6,5,2,0
0,8,4,14,11,6,5,2,10,13
0,8,4,14,11,6,5,2,10,15
0,8,4,14,11,6,5,2,10,11
0,8,4,14,11,6,5,2,10,1,13
0,8,4,14,11,6,5,2,10,1,4
0,17,13
0,17,2
0,17,15,17
0,17,15,16
0,17,15,11
0,17,15,13,2
0,17,15,13,11
0,17,15,13,7
0,8,3,13
0,8,3,11
0,8,3,15
0,8,4,12,9
0,8,4,12,16
0,8,4,9,15
0,8,4,9,15
0,8,4,14,11,6,16,6
0,8,4,14,11,6,16,16
0,8,4,14,11,6,16,12
