0000
0100
02000000
030
001000
0020
0030
0001
0002
0003
0110
01200
0130
0101
0102
0103
0210
02200
023000
02010
02020
02030
020010
020020
020030
0200010
0200020
0200030
02000010
02000020
02000030
020000010
020000020
020000030
031
032
033
00110
00120
00130
001010
001020
001030
001001
001002
001003
0021
0022
0023
0031
0032
0033
0111
0112
0113
01210
01220
01230
01201
01202
01203
0131
0132
0133
0211
0212
0213
02210
02220
02230
02201
02202
02203
02310
02320
023300
023010
023020
023030
023001
023002
023003
02011
02012
02013
02021
02022
02023
02031
02032
02033
020011
020012
020013
020021
020022
020023
020031
020032
020033
0200011
0200012
0200013
0200021
0200022
0200023
0200031
0200032
0200033
02000011
02000012
02000013
02000021
02000022
02000023
02000031
02000032
02000033
020000011
020000012
020000013
020000021
020000022
020000023
020000031
020000032
020000033
00111
00112
00113
00121
00122
00123
00131
00132
00133
001011
001012
001013
001021
001022
001023
001031
001032
001033
01211
01212
01213
01221
01222
01223
01231
01232
01233
02211
02212
02213
02221
02222
02223
02231
02232
02233
02311
02312
02313
02321
02322
02323
023310
023320
023330
023301
023302
023303
023011
023012
023013
023021
023022
023023
023031
023032
023033
023311
023312
023313
023321
023322
023323
023331
023332
023333
20000000000
210
220
230
2010
202000
203000
20010
20020
20030
200010
200020
200030
2000010
2000020
20000300
20000010
20000020
20000030
200000010
20000002
200000030
2000000010
2000000020
2000000030
200000000100
20000000020
20000000030
20000000001
20000000002
20000000003
211
212
213
221
222
223
231
232
233
2011
2012
2013
20210
20220
20230
202010
202020
202030
202001
202002
202003
20310
20320
203300
203010
203020
203030
203001
203002
203003
20011
20012
20013
20021
20022
20023
20031
20032
20033
200011
200012
200013
200021
200022
200023
200031
200032
200033
2000011
2000012
2000013
2000021
2000022
2000023
20000310
20000320
20000330
20000301
20000302
20000303
20000011
20000012
20000013
20000021
20000022
20000023
20000031
20000032
20000033
200000011
200000012
200000013
200000031
200000032
200000033
2000000011
2000000012
2000000013
2000000021
2000000022
2000000023
2000000031
2000000032
2000000033
200000000110
200000000120
200000000130
200000000101
200000000102
200000000103
20000000021
20000000022
20000000023
20000000031
20000000032
20000000033
20211
20212
20213
20221
20222
20223
20231
20232
20233
202011
202012
202013
202021
202022
202023
202031
202032
202033
20311
20312
20313
20321
20322
20323
203310
203320
203330
203301
203302
203303
203011
203012
203013
203021
203022
203023
203031
203032
203033
20000311
20000312
20000313
20000321
20000322
20000323
20000331
20000332
20000333
200000000111
200000000112
200000000113
200000000121
200000000122
200000000123
200000000131
200000000132
200000000133
203311
203312
203313
203321
203322
203323
203331
203332
203333
30000000000
310
320
330
3010
302000
303000
30010
30020
30030
300010
300020
300030
3000010
3000020
30000300
30000010
30000020
30000030
300000010
300000020
30000003
3000000010
3000000020
3000000030
300000000100
30000000020
30000000030
30000000001
30000000002
30000000003
311
312
313
321
322
323
331
332
333
3011
3012
3013
30210
30220
30230
302010
302020
302030
302001
302002
302003
30310
30320
303300
303010
303020
303030
303001
303002
303003
30011
30012
30013
30021
30022
30023
30031
30032
30033
300011
300012
300013
300021
300022
300023
300031
300032
300033
3000011
3000012
3000013
3000021
3000022
3000023
30000310
30000320
30000330
30000301
30000302
30000303
30000011
30000012
30000013
30000021
30000022
30000023
30000031
30000032
30000033
300000011
300000012
300000013
300000021
300000022
300000023
3000000011
3000000012
3000000013
3000000021
3000000022
3000000023
3000000031
3000000032
3000000033
300000000110
300000000120
300000000130
300000000101
300000000102
300000000103
30000000021
30000000022
30000000023
30000000031
30000000032
30000000033
30211
30212
30213
30221
30222
30223
30231
30232
30233
302011
302012
302013
302021
302022
302023
302031
302032
302033
30311
30312
30313
30321
30322
30323
303310
303320
303330
303301
303302
303303
303011
303012
303013
303021
303022
303023
303031
303032
303033
30000311
30000312
30000313
30000321
30000322
30000323
30000331
30000332
30000333
300000000111
300000000112
300000000113
300000000121
300000000122
300000000123
300000000131
300000000132
300000000133
303311
303312
303313
303321
303322
303323
303331
303332
303333
1000
110
120000000000
130
1010
1020
1030
1001
1002
1003
111
112
113
1210
1220
1230
12010
12020
1203000
120010
120020
120030
1200010
1200020
1200030
12000010
12000020
120000300
120000010
120000020
120000030
120000001
1200000020
1200000030
12000000010
12000000020
12000000030
1200000000100
120000000020
120000000030
120000000001
120000000002
120000000003
131
132
133
1011
1012
1013
1021
1022
1023
1031
1032
1033
1211
1212
1213
1221
1222
1223
1231
1232
1233
12011
12012
12013
12021
12022
12023
120310
120320
1203300
1203010
1203020
1203030
1203001
1203002
1203003
120011
120012
120013
120021
120022
120023
120031
120032
120033
1200011
1200012
1200013
1200021
1200022
1200023
1200031
1200032
1200033
12000011
12000012
12000013
12000021
12000022
12000023
120000310
120000320
120000330
120000301
120000302
120000303
120000011
120000012
120000013
120000021
120000022
120000023
120000031
120000032
120000033
1200000021
1200000022
1200000023
1200000031
1200000032
1200000033
12000000011
12000000012
12000000013
12000000021
12000000022
12000000023
12000000031
12000000032
12000000033
1200000000110
1200000000120
1200000000130
1200000000101
1200000000102
1200000000103
120000000021
120000000022
120000000023
120000000031
120000000032
120000000033
120311
120312
120313
120321
120322
120323
1203310
1203320
1203330
1203301
1203302
1203303
1203011
1203012
1203013
1203021
1203022
1203023
1203031
1203032
1203033
120000311
120000312
120000313
120000321
120000322
120000323
120000331
120000332
120000333
1200000000111
1200000000112
1200000000113
1200000000121
1200000000122
1200000000123
1200000000131
1200000000132
1200000000133
1203311
1203312
1203313
1203321
1203322
1203323
1203331
1203332
1203333
