086918111151551961413196111111101
0869181111515519614131961111111061171
086918111151551961413196111111106117518820399
08691811115155196141319611111110611751882030
086918111151551961413196111111106117518820329
086918111151551961413196111111106117518820326
0869181111515519614131961111111061175188203215
0869181111515519614131961111111061173
086918111151551961413196111111117
086918111151551961413196111111111
08691811115155196141319611111119
0869181111515519614131961111111
086918111151551961413196111
08691811115155196148
08691811115155196141
08691811115155196141
