0,11,15,7,1,2,10,17,6,4,3,1,3,3,3,12,1,3
0,11,15,7,1,2,10,17,6,4,3,1,3,3,3,12,1,13,10,4,14,9,2,3
0,11,15,7,1,2,10,17,6,4,3,1,3,3,3,12,1,13,10,4,14,9,2,7,9,2,15,4,11,7,10,0,2
0,11,15,7,1,2,10,17,6,4,3,1,3,3,3,12,1,13,10,4,14,9,2,7,9,2,15,4,11,7,10,0,5,4,6,12,4
0,11,15,7,1,2,10,17,6,4,3,1,3,3,3,12,1,13,10,4,14,9,2,7,9,2,15,4,11,7,10,0,5,4,6,12,16,11,17,12,0,11,7,10,7
0,11,15,7,1,2,10,17,6,4,3,1,3,3,3,12,1,13,10,4,14,9,2,7,9,2,15,4,11,7,10,0,5,4,6,12,16,11,17,10
0,11,15,7,1,2,10,17,6,4,3,1,3,3,3,12,1,13,10,4,14,9,2,7,9,2,15,4,11,7,10,0,5,4,6,12,16,11,17,5,1
0,11,15,7,1,2,10,17,6,4,3,1,3,3,3,12,1,13,10,4,14,9,2,7,9,2,15,4,11,7,10,0,5,4,6,12,16,11,17,5,7
0,11,15,7,1,2,10,17,6,4,3,1,3,3,3,12,1,13,10,4,14,9,2,7,9,2,15,4,11,7,10,0,5,4,6,12,16,11,17,5,5
0,11,15,7,1,2,10,17,6,4,3,1,3,3,3,12,1,13,10,4,14,9,2,7,9,2,15,4,11,7,10,0,5,4,6,12,16,4
0,11,15,7,1,2,10,17,6,4,3,1,3,3,3,12,1,13,10,4,14,9,2,7,9,2,15,4,11,7,10,0,5,4,6,12,16,0
0,11,15,7,1,2,10,17,6,4,3,1,3,3,3,12,1,13,10,4,14,9,2,7,9,2,15,4,11,7,10,0,5,4,6,12,16,6,13,6,14,13,7
0,11,15,7,1,2,10,17,6,4,3,1,3,3,3,12,1,13,10,4,14,9,2,7,9,2,15,4,11,7,10,0,5,4,6,12,16,6,13,6,14,13,15,8,7
0,11,15,7,1,2,10,17,6,4,3,1,3,3,3,12,1,13,10,4,14,9,2,7,9,2,15,4,11,7,10,0,5,4,6,12,16,6,13,6,14,13,15,8,5
0,11,15,7,1,2,10,17,6,4,3,1,3,3,3,12,1,13,10,4,14,9,2,7,9,2,15,4,11,7,10,0,5,4,6,12,16,6,13,6,14,13,15,8,12
0,11,15,7,1,2,10,17,6,4,3,1,3,3,3,12,1,13,10,4,14,9,2,7,9,2,15,4,11,7,10,0,5,4,6,12,16,6,13,6,14,13,15,2
0,11,15,7,1,2,10,17,6,4,3,1,3,3,3,12,1,13,10,4,14,9,2,7,9,2,15,4,11,7,10,0,5,4,6,12,16,6,13,6,14,3
0,11,15,7,1,2,10,17,6,4,3,1,3,3,3,12,1,13,10,4,14,9,2,7,9,2,15,4,11,7,10,0,5,4,6,12,16,6,13,6,14,12
0,11,15,7,1,2,10,17,6,4,3,1,3,3,3,12,1,13,10,4,14,9,2,7,9,16
0,11,15,7,1,2,10,17,6,4,3,1,3,3,3,12,1,13,10,4,14,9,2,7,9,0
