0000000010101100010201010203010
0000000010101100010201010203011001020200
00000000101011000102010102030110010202011120103020
0000000010101100010201010203011001020201112010302112030021302013030120211211131211
0000000010101100010201010203011001020201112010302112030021302013030120211211131212231030
0000000010101100010201010203011001020201112010302112030021302013030120211211131212231031
000000001010110001020101020301100102020111201030211203002130201303012021121113121223103221
000000001010110001020101020301100102020111201030211203002130201303012021121113121223103222312
00000000101011000102010102030110010202011120103021120300213020130301202112111312122310322231320312
0000000010101100010201010203011001020201112010302112030021302013030120211211131212231032223132031330
0000000010101100010201010203011001020201112010302112030021302013030120211211131212231032223132031331
000000001010110001020101020301100102020111201030211203002130201303012021121113121223103222313203133221030
000000001010110001020101020301100102020111201030211203002130201303012021121113121223103222313203133221031
000000001010110001020101020301100102020111201030211203002130201303012021121113121223103222313203133221032
000000001010110001020101020301100102020111201030211203002130201303012021121113121223103222313203133221033
0000000010101100010201010203011001020201112010302112030021302013030120211211131212231032223132031332211
00000000101011000102010102030110010202011120103021120300213020130301202112111312122310322231320313322121202
00000000101011000102010102030110010202011120103021120300213020130301202112111312122310322231320313322121203233221
00000000101011000102010102030110010202011120103021120300213020130301202112111312122310322231320313322121203233222
00000000101011000102010102030110010202011120103021120300213020130301202112111312122310322231320313322121203233223
00000000101011000102010102030110010202011120103021120300213020130301202112111312122310322231320313322121203233231
0000000010101100010201010203011001020201112010302112030021302013030120211211131212231032223132031332212120323323233
000000001010110001020101020301100102020111201030211203002130201303012021121113121223103222313203133221212032332330
000000001010110001020101020301100102020111201030211203002130201303012021121113121223103222313203133221212032332331
000000001010110001020101020301100102020111201030211203002130201303012021121113121223103222313203133221212032332332
00000000101011000102010102030110010202011120103021120300213020130301202112111312122310322231320313322121203233233311302
00000000101011000102010102030110010202011120103021120300213020130301202112111312122310322231320313322121203233233311303
00000000101011000102010102030110010202011120103021120300213020130301202112111312122310322231320313322121203233233311311
000000001010110001020101020301100102020111201030211203002130201303012021121113121223103222313203133221212032332333113122
000000001010110001020101020301100102020111201030211203002130201303012021121113121223103222313203133221212032332333113123213
000000001010110001020101020301100102020111201030211203002130201303012021121113121223103222313203133221212032332333113123222
000000001010110001020101020301100102020111201030211203002130201303012021121113121223103222313203133221212032332333113123223
000000001010110001020101020301100102020111201030211203002130201303012021121113121223103222313203133221212032332333113123232
000000001010110001020101020301100102020111201030211203002130201303012021121113121223103222313203133221212032332333113123233
00000000101011000102010102030110010202011120103021120300213020130301202112111312122310322231320313322121203233233311312333
00000000101011000102010102030110010202011120103021120300213020130301202112111312122310322231320313322121203233233311313
000000001010110001020101020301100102020111201030211203002130201303012021121113121223103222313203133221212032332333113213
000000001010110001020101020301100102020111201030211203002130201303012021121113121223103222313203133221212032332333113220
000000001010110001020101020301100102020111201030211203002130201303012021121113121223103222313203133221212032332333113221
000000001010110001020101020301100102020111201030211203002130201303012021121113121223103222313203133221212032332333113222
000000001010110001020101020301100102020111201030211203002130201303012021121113121223103222313203133221212032332333113223
000000001010110001020101020301100102020111201030211203002130201303012021121113121223103222313203133221212032332333113230
000000001010110001020101020301100102020111201030211203002130201303012021121113121223103222313203133221212032332333113231
000000001010110001020101020301100102020111201030211203002130201303012021121113121223103222313203133221212032332333113232
000000001010110001020101020301100102020111201030211203002130201303012021121113121223103222313203133221212032332333113233
0000000010101100010201010203011001020201112010302112030021302013030120211211131212231032223132031332212120323323331133
00000000101011000102010102030110010202011120103021120300213020130301202112111312122310322231320313322121203233233312
00000000101011000102010102030110010202011120103021120300213020130301202112111312122310322231320313322121203233233313
000000001010110001020101020301100102020111201030211203002130201303012021121113121223103222313203133221212032333
000000001010110001020101020301100102020111201030211203002130201303012021121113121223103222313203133222
000000001010110001020101020301100102020111201030211203002130201303012021121113121223103222313203133223
0000000010101100010201010203011001020201112010302112030021302013030120211211131213
00000000101011000102010102030110010202011120103021120300213020130301202112111313
00000000101011000102010102030110010202011120103021120300213020130302
00000000101011000102010102030110010202011120103021120300213020130303
000000001010110001020101020301100102020111201030211203002130202
000000001010110001020101020301100102020111201030211203002130203
0000000010101100010201010203011001020201112010302112030021303
10001000000010010201010203010
10001000000010010201010203011001020200
100010000000100102010102030110010202011120103020
10001000000010010201010203011001020201112010302112030021302013030120211211131211
10001000000010010201010203011001020201112010302112030021302013030120211211131212231030
10001000000010010201010203011001020201112010302112030021302013030120211211131212231031
1000100000001001020101020301100102020111201030211203002130201303012021121113121223103221
1000100000001001020101020301100102020111201030211203002130201303012021121113121223103222312
100010000000100102010102030110010202011120103021120300213020130301202112111312122310322231320312
10001000000010010201010203011001020201112010302112030021302013030120211211131212231032223132031330
10001000000010010201010203011001020201112010302112030021302013030120211211131212231032223132031331
1000100000001001020101020301100102020111201030211203002130201303012021121113121223103222313203133221030
1000100000001001020101020301100102020111201030211203002130201303012021121113121223103222313203133221031
1000100000001001020101020301100102020111201030211203002130201303012021121113121223103222313203133221032
1000100000001001020101020301100102020111201030211203002130201303012021121113121223103222313203133221033
10001000000010010201010203011001020201112010302112030021302013030120211211131212231032223132031332211
10001000000010010201010203011001020201112010302112030021302013030120211211131212231032223132031332212111
10001000000010010201010203011001020201112010302112030021302013030120211211131212231032223132031332212112221
10001000000010010201010203011001020201112010302112030021302013030120211211131212231032223132031332212112222
10001000000010010201010203011001020201112010302112030021302013030120211211131212231032223132031332212112223233231
1000100000001001020101020301100102020111201030211203002130201303012021121113121223103222313203133221211222323323233
100010000000100102010102030110010202011120103021120300213020130301202112111312122310322231320313322121122232332330
100010000000100102010102030110010202011120103021120300213020130301202112111312122310322231320313322121122232332331
100010000000100102010102030110010202011120103021120300213020130301202112111312122310322231320313322121122232332332
10001000000010010201010203011001020201112010302112030021302013030120211211131212231032223132031332212112223233233311202
10001000000010010201010203011001020201112010302112030021302013030120211211131212231032223132031332212112223233233311203
10001000000010010201010203011001020201112010302112030021302013030120211211131212231032223132031332212112223233233311213213
10001000000010010201010203011001020201112010302112030021302013030120211211131212231032223132031332212112223233233311213222333
10001000000010010201010203011001020201112010302112030021302013030120211211131212231032223132031332212112223233233311213223
10001000000010010201010203011001020201112010302112030021302013030120211211131212231032223132031332212112223233233311213232
10001000000010010201010203011001020201112010302112030021302013030120211211131212231032223132031332212112223233233311213233
10001000000010010201010203011001020201112010302112030021302013030120211211131212231032223132031332212112223233233311220
10001000000010010201010203011001020201112010302112030021302013030120211211131212231032223132031332212112223233233311221
10001000000010010201010203011001020201112010302112030021302013030120211211131212231032223132031332212112223233233311222
10001000000010010201010203011001020201112010302112030021302013030120211211131212231032223132031332212112223233233311223
10001000000010010201010203011001020201112010302112030021302013030120211211131212231032223132031332212112223233233311230
10001000000010010201010203011001020201112010302112030021302013030120211211131212231032223132031332212112223233233311231
10001000000010010201010203011001020201112010302112030021302013030120211211131212231032223132031332212112223233233311232
10001000000010010201010203011001020201112010302112030021302013030120211211131212231032223132031332212112223233233311233
10001000000010010201010203011001020201112010302112030021302013030120211211131212231032223132031332212112223233233311301
10001000000010010201010203011001020201112010302112030021302013030120211211131212231032223132031332212112223233233311302
10001000000010010201010203011001020201112010302112030021302013030120211211131212231032223132031332212112223233233311303
10001000000010010201010203011001020201112010302112030021302013030120211211131212231032223132031332212112223233233311313
1000100000001001020101020301100102020111201030211203002130201303012021121113121223103222313203133221211222323323331132
1000100000001001020101020301100102020111201030211203002130201303012021121113121223103222313203133221211222323323331133
10001000000010010201010203011001020201112010302112030021302013030120211211131212231032223132031332212112223233233312
10001000000010010201010203011001020201112010302112030021302013030120211211131212231032223132031332212112223233233313
100010000000100102010102030110010202011120103021120300213020130301202112111312122310322231320313322121122232333
1000100000001001020101020301100102020111201030211203002130201303012021121113121223103222313203133222
1000100000001001020101020301100102020111201030211203002130201303012021121113121223103222313203133223
10001000000010010201010203011001020201112010302112030021302013030120211211131213
100010000000100102010102030110010202011120103021120300213020130301202112111313
100010000000100102010102030110010202011120103021120300213020130302
100010000000100102010102030110010202011120103021120300213020130303
1000100000001001020101020301100102020111201030211203002130202
1000100000001001020101020301100102020111201030211203002130203
10001000000010010201010203011001020201112010302112030021303
200000000101020300010
2000000001010203000110010101001020
20000000010102030001100101010010211120103020
2000000001010203000110010101001021112010302112020201303002130201
2000000001010203000110010101001021112010302112020201303002130202111221
200000000101020300011001010100102111201030211202020130300213020211122231131211
200000000101020300011001010100102111201030211202020130300213020211122231131212231030
200000000101020300011001010100102111201030211202020130300213020211122231131212231031
200000000101020300011001010100102111201030211202020130300213020211122231131212231032
200000000101020300011001010100102111201030211202020130300213020211122231131212231033233211030120212
20000000010102030001100101010010211120103021120202013030021302021112223113121223103323321103012021320312
2000000001010203000110010101001021112010302112020201303002130202111222311312122310332332110301202132031330
2000000001010203000110010101001021112010302112020201303002130202111222311312122310332332110301202132031331
200000000101020300011001010100102111201030211202020130300213020211122231131212231033233211030120213203133221030
200000000101020300011001010100102111201030211202020130300213020211122231131212231033233211030120213203133221031
200000000101020300011001010100102111201030211202020130300213020211122231131212231033233211030120213203133221032
200000000101020300011001010100102111201030211202020130300213020211122231131212231033233211030120213203133221033
2000000001010203000110010101001021112010302112020201303002130202111222311312122310332332110301202132031332211
200000000101020300011001010100102111201030211202020130300213020211122231131212231033233211030120213203133221222
200000000101020300011001010100102111201030211202020130300213020211122231131212231033233211030120213203133221223
200000000101020300011001010100102111201030211202020130300213020211122231131212231033233211030120213203133221231
2000000001010203000110010101001021112010302112020201303002130202111222311312122310332332110301202132031332212323
2000000001010203000110010101001021112010302112020201303002130202111222311312122310332332110301202132031332212330
2000000001010203000110010101001021112010302112020201303002130202111222311312122310332332110301202132031332212331
2000000001010203000110010101001021112010302112020201303002130202111222311312122310332332110301202132031332212332
200000000101020300011001010100102111201030211202020130300213020211122231131212231033233211030120213203133221233311213213
2000000001010203000110010101001021112010302112020201303002130202111222311312122310332332110301202132031332212333112132222
200000000101020300011001010100102111201030211202020130300213020211122231131212231033233211030120213203133221233311213222333
200000000101020300011001010100102111201030211202020130300213020211122231131212231033233211030120213203133221233311213223
200000000101020300011001010100102111201030211202020130300213020211122231131212231033233211030120213203133221233311213232
200000000101020300011001010100102111201030211202020130300213020211122231131212231033233211030120213203133221233311213233
200000000101020300011001010100102111201030211202020130300213020211122231131212231033233211030120213203133221233311220
200000000101020300011001010100102111201030211202020130300213020211122231131212231033233211030120213203133221233311221
200000000101020300011001010100102111201030211202020130300213020211122231131212231033233211030120213203133221233311222
200000000101020300011001010100102111201030211202020130300213020211122231131212231033233211030120213203133221233311223
200000000101020300011001010100102111201030211202020130300213020211122231131212231033233211030120213203133221233311230
200000000101020300011001010100102111201030211202020130300213020211122231131212231033233211030120213203133221233311231
200000000101020300011001010100102111201030211202020130300213020211122231131212231033233211030120213203133221233311232
200000000101020300011001010100102111201030211202020130300213020211122231131212231033233211030120213203133221233311233
200000000101020300011001010100102111201030211202020130300213020211122231131212231033233211030120213203133221233311301
200000000101020300011001010100102111201030211202020130300213020211122231131212231033233211030120213203133221233311302
200000000101020300011001010100102111201030211202020130300213020211122231131212231033233211030120213203133221233311303
200000000101020300011001010100102111201030211202020130300213020211122231131212231033233211030120213203133221233311311
200000000101020300011001010100102111201030211202020130300213020211122231131212231033233211030120213203133221233311312
200000000101020300011001010100102111201030211202020130300213020211122231131212231033233211030120213203133221233311313
20000000010102030001100101010010211120103021120202013030021302021112223113121223103323321103012021320313322123331132
20000000010102030001100101010010211120103021120202013030021302021112223113121223103323321103012021320313322123331133
200000000101020300011001010100102111201030211202020130300213020211122231131212231033233211030120213203133221233312
200000000101020300011001010100102111201030211202020130300213020211122231131212231033233211030120213203133221233313
200000000101020300011001010100102111201030211202020130300213020211122231131212231033233211030120213203133222
200000000101020300011001010100102111201030211202020130300213020211122231131212231033233211030120213203133223
2000000001010203000110010101001021112010302112020201303002130202111222311312122310332332110302
2000000001010203000110010101001021112010302112020201303002130202111222311312122310332332110303
2000000001010203000110010101001021112010302112020201303002130202111222311312122310332333
200000000101020300011001010100102111201030211202020130300213020211122231131213
2000000001010203000110010101001021112010302112020201303002130202111222311313
2000000001010203000110010101001021112010302112020201303002130203
20000000010102030001100101010010211120103021120202013030021303
2000000001010203000110010101001021112010302112020202
2000000001010203000110010101001021112010302112020203
30000000010101100010201010203010
30000000010101100010201010203011001020200
300000000101011000102010102030110010202011120103020
30000000010101100010201010203011001020201112010302112030021302013030120211211131211
30000000010101100010201010203011001020201112010302112030021302013030120211211131212231030
30000000010101100010201010203011001020201112010302112030021302013030120211211131212231031
3000000001010110001020101020301100102020111201030211203002130201303012021121113121223103221
3000000001010110001020101020301100102020111201030211203002130201303012021121113121223103222312
300000000101011000102010102030110010202011120103021120300213020130301202112111312122310322231320312
30000000010101100010201010203011001020201112010302112030021302013030120211211131212231032223132031330
30000000010101100010201010203011001020201112010302112030021302013030120211211131212231032223132031331
3000000001010110001020101020301100102020111201030211203002130201303012021121113121223103222313203133221030
3000000001010110001020101020301100102020111201030211203002130201303012021121113121223103222313203133221031
3000000001010110001020101020301100102020111201030211203002130201303012021121113121223103222313203133221032
3000000001010110001020101020301100102020111201030211203002130201303012021121113121223103222313203133221033
30000000010101100010201010203011001020201112010302112030021302013030120211211131212231032223132031332211
300000000101011000102010102030110010202011120103021120300213020130301202112111312122310322231320313322121202
300000000101011000102010102030110010202011120103021120300213020130301202112111312122310322231320313322121203233221
300000000101011000102010102030110010202011120103021120300213020130301202112111312122310322231320313322121203233222
300000000101011000102010102030110010202011120103021120300213020130301202112111312122310322231320313322121203233223
300000000101011000102010102030110010202011120103021120300213020130301202112111312122310322231320313322121203233231
30000000010101100010201010203011001020201112010302112030021302013030120211211131212231032223132031332212120323323233
3000000001010110001020101020301100102020111201030211203002130201303012021121113121223103222313203133221212032332330
3000000001010110001020101020301100102020111201030211203002130201303012021121113121223103222313203133221212032332331
3000000001010110001020101020301100102020111201030211203002130201303012021121113121223103222313203133221212032332332
300000000101011000102010102030110010202011120103021120300213020130301202112111312122310322231320313322121203233233311311
3000000001010110001020101020301100102020111201030211203002130201303012021121113121223103222313203133221212032332333113122
3000000001010110001020101020301100102020111201030211203002130201303012021121113121223103222313203133221212032332333113123213
3000000001010110001020101020301100102020111201030211203002130201303012021121113121223103222313203133221212032332333113123222
3000000001010110001020101020301100102020111201030211203002130201303012021121113121223103222313203133221212032332333113123223
3000000001010110001020101020301100102020111201030211203002130201303012021121113121223103222313203133221212032332333113123232
3000000001010110001020101020301100102020111201030211203002130201303012021121113121223103222313203133221212032332333113123233
300000000101011000102010102030110010202011120103021120300213020130301202112111312122310322231320313322121203233233311312333
300000000101011000102010102030110010202011120103021120300213020130301202112111312122310322231320313322121203233233311313
3000000001010110001020101020301100102020111201030211203002130201303012021121113121223103222313203133221212032332333113213
3000000001010110001020101020301100102020111201030211203002130201303012021121113121223103222313203133221212032332333113220
3000000001010110001020101020301100102020111201030211203002130201303012021121113121223103222313203133221212032332333113221
3000000001010110001020101020301100102020111201030211203002130201303012021121113121223103222313203133221212032332333113222
3000000001010110001020101020301100102020111201030211203002130201303012021121113121223103222313203133221212032332333113223
3000000001010110001020101020301100102020111201030211203002130201303012021121113121223103222313203133221212032332333113230
3000000001010110001020101020301100102020111201030211203002130201303012021121113121223103222313203133221212032332333113231
3000000001010110001020101020301100102020111201030211203002130201303012021121113121223103222313203133221212032332333113232
3000000001010110001020101020301100102020111201030211203002130201303012021121113121223103222313203133221212032332333113233
30000000010101100010201010203011001020201112010302112030021302013030120211211131212231032223132031332212120323323331133
300000000101011000102010102030110010202011120103021120300213020130301202112111312122310322231320313322121203233233312
300000000101011000102010102030110010202011120103021120300213020130301202112111312122310322231320313322121203233233313
3000000001010110001020101020301100102020111201030211203002130201303012021121113121223103222313203133221212032333
3000000001010110001020101020301100102020111201030211203002130201303012021121113121223103222313203133222
3000000001010110001020101020301100102020111201030211203002130201303012021121113121223103222313203133223
30000000010101100010201010203011001020201112010302112030021302013030120211211131213
300000000101011000102010102030110010202011120103021120300213020130301202112111313
300000000101011000102010102030110010202011120103021120300213020130302
300000000101011000102010102030110010202011120103021120300213020130303
3000000001010110001020101020301100102020111201030211203002130202
3000000001010110001020101020301100102020111201030211203002130203
30000000010101100010201010203011001020201112010302112030021303
30000000010102
30000000010103
