0000000100101110101000022311310
0000000100101110101000022311311221311102
0000000100101110101000022311311221311103201
00000001001011101010000223113112213111032022212
000000010010111010100002231131122131110320222130
0000000100101110101000022311311221311103202221313
0000000100101110101000022311311221311103202221323232232
0000000100101110101000022311311221311103202221323232233
00000001001011101010000223113112213111032022213232323
0000000100101110101000022311311221311103202221323233
000000010010111010100002231131122131110320223
0000000100101110101000022311311221311103203
000000010010111010100002231131122131110321
000000010010111010100002231131122131110322
000000010010111010100002231131122131110323
00000001001011101010000223113112213111033
000000010010111010100002231131122132
000000010010111010100002231131122133
00000001001011101022
000000010010111010231
0000000100101110102323
0000000100101110103
