00000
010
02000
03000
001000
0020
00300
00010
000200
00030
000010
000020
00003000
011
012
013
0210
0220
0230
02010
02020
02030
02001
02002
02003
0310
032000
03300
03010
03020
03030
03001
03002
03003
00110
00120
00130
001010
001020
001030
001001
001002
001003
0021
0022
0023
00310
00320
00330
00301
00302
00303
00011
00012
00013
000210
000220
000230
000201
000202
000203
00031
00032
00033
000011
000012
000013
000021
000022
000023
0000310
0000320
0000330
00003010
00003020
00003030
00003001
00003002
00003003
0211
0212
0213
0221
0222
0223
0231
0232
0233
02011
02012
02013
02021
02022
02023
02031
02032
02033
0311
0312
0313
03210
03220
03230
032010
032020
032030
032001
032002
032003
033100
03320
03330
03301
03302
03303
03011
03012
03013
03021
03022
03023
03031
03032
03033
00111
00112
00113
00121
00122
00123
00131
00132
00133
001011
001012
001013
001021
001022
001023
001031
001032
001033
00311
00312
00313
00321
00322
00323
00331
00332
00333
000211
000212
000213
000221
000222
000223
000231
000232
000233
0000311
0000312
0000313
0000321
0000322
0000323
0000331
0000332
0000333
00003011
00003012
00003013
00003021
00003022
00003023
00003031
00003032
00003033
03211
03212
03213
03221
03222
03223
03231
03232
03233
032011
032012
032013
032021
032022
032023
032031
032032
032033
033110
033120
033130
033101
033102
033103
03321
03322
03323
03331
03332
03333
033111
033112
033113
033121
033122
033123
033131
033132
033133
200000
2100
22000
230
2010
202
203000
20010
200200
2003000
2000100
200020
2000300
200001
200002
200003
2110
2120
2130
2101
2102
2103
2210
2220
2230
22010
22020
22030
22001
22002
22003
231
232
233
2011
2012
2013
20310
203200
20330
2030100
203020
203030
203001
203002
203003
20011
20012
20013
200210
200220
200230
200201
200202
200203
200310
2003200
200330
2003010
2003020
2003030
2003001
2003002
2003003
2000110
2000120
2000130
2000101
2000102
2000103
200021
200022
200023
2000310
2000320
2000330
2000301
2000302
2000303
2111
2112
2113
2121
2122
2123
2131
2132
2133
2211
2212
2213
2221
2222
2223
2231
2232
2233
22011
22012
22013
22021
22022
22023
22031
22032
22033
20311
20312
20313
2032100
203220
203230
203201
203202
203203
20331
20332
20333
2030110
2030120
2030130
2030101
2030102
2030103
203021
203022
203023
203031
203032
203033
200211
200212
200213
200221
200222
200223
200231
200232
200233
200311
200312
200313
2003210
2003220
2003230
2003201
2003202
2003203
200331
200332
200333
2003011
2003012
2003013
2003021
2003022
2003023
2003031
2003032
2003033
2000111
2000112
2000113
2000121
2000122
2000123
2000131
2000132
2000133
2000311
2000312
2000313
2000321
2000322
2000323
2000331
2000332
2000333
2032110
2032120
2032130
2032101
2032102
2032103
203221
203222
203223
203231
203232
203233
2030111
2030112
2030113
2030121
2030122
2030123
2030131
2030132
2030133
2003211
2003212
2003213
2003221
2003222
2003223
2003231
2003232
2003233
2032111
2032112
2032113
2032121
2032122
2032123
2032131
2032132
2032133
100000
1100
12000
130
101
1020
103000
10010
100200
1003000
1000100
100020
1000300
100001
100002
100003
1110
1120
1130
1101
1102
1103
1210
1220
1230
12010
12020
12030
12001
12002
12003
131
132
133
1021
1022
1023
10310
103200
10330
1030100
103020
103030
103001
103002
103003
10011
10012
10013
100210
100220
100230
100201
100202
100203
100310
1003200
100330
1003010
1003020
1003030
1003001
1003002
1003003
1000110
1000120
1000130
1000101
1000102
1000103
100021
100022
100023
1000310
1000320
1000330
1000301
1000302
1000303
1111
1112
1113
1121
1122
1123
1131
1132
1133
1211
1212
1213
1221
1222
1223
1231
1232
1233
12011
12012
12013
12021
12022
12023
12031
12032
12033
10311
10312
10313
1032100
103220
103230
103201
103202
103203
10331
10332
10333
1030110
1030120
1030130
1030101
1030102
1030103
103021
103022
103023
103031
103032
103033
100211
100212
100213
100221
100222
100223
100231
100232
100233
100311
100312
100313
1003210
1003220
1003230
1003201
1003202
1003203
100331
100332
100333
1003011
1003012
1003013
1003021
1003022
1003023
1003031
1003032
1003033
1000111
1000112
1000113
1000121
1000122
1000123
1000131
1000132
1000133
1000311
1000312
1000313
1000321
1000322
1000323
1000331
1000332
1000333
1032110
1032120
1032130
1032101
1032102
1032103
103221
103222
103223
103231
103232
103233
1030111
1030112
1030113
1030121
1030122
1030123
1030131
1030132
1030133
1003211
1003212
1003213
1003221
1003222
1003223
1003231
1003232
1003233
1032111
1032112
1032113
1032121
1032122
1032123
1032131
1032132
1032133
300000000
310
3200
330000
301000
3020
3030
3001000
30020
300300
300010
300020
300030
3000010
3000020
300003
30000010
30000020
30000030
300000010
300000020
300000030
300000001
300000002
300000003
311
312
313
32100
3220
3230
3201
3202
3203
3310
3320
3330
33010
33020
33030
330010
330020
330030
330001
330002
330003
30110
30120
30130
301010
301020
301030
301001
301002
301003
3021
3022
3023
3031
3032
3033
300110
3001200
300130
3001010
3001020
3001030
3001001
3001002
3001003
30021
30022
30023
300310
300320
300330
300301
300302
300303
300011
300012
300013
300021
300022
300023
300031
300032
300033
3000011
3000012
3000013
3000021
3000022
3000023
30000011
30000012
30000013
30000021
30000022
30000023
30000031
30000032
30000033
300000011
300000012
300000013
300000021
300000022
300000023
300000031
300000032
300000033
32110
32120
32130
32101
32102
32103
3221
3222
3223
3231
3232
3233
3311
3312
3313
3321
3322
3323
3331
3332
3333
33011
33012
33013
33021
33022
33023
33031
33032
33033
330011
330012
330013
330021
330022
330023
330031
330032
330033
30111
30112
30113
30121
30122
30123
30131
30132
30133
301011
301012
301013
301021
301022
301023
301031
301032
301033
300111
300112
300113
3001210
3001220
3001230
3001201
3001202
3001203
300131
300132
300133
3001011
3001012
3001013
3001021
3001022
3001023
3001031
3001032
3001033
300311
300312
300313
300321
300322
300323
300331
300332
300333
32111
32112
32113
32121
32122
32123
32131
32132
32133
3001211
3001212
3001213
3001221
3001222
3001223
3001231
3001232
3001233
