0000
0100
020
030
0010
0020
0030
00010
00020
00030
0110
0120
0130
0101
0102
0103
021
022
023
031
032
033
0011
0012
0013
0021
0022
0023
0031
0032
0033
00011
00012
00013
00021
00022
00023
00031
00032
00033
0111
0112
0113
0121
0122
0123
0131
0132
0133
10000
11
120
130
10100
1020
1030
10010
10020
10030
10001
10002
10003
121
122
123
131
132
133
10110
10120
10130
10101
10102
10103
1021
1022
1023
1031
1032
1033
10011
10012
10013
10021
10022
10023
10031
10032
10033
10111
10112
10113
10121
10122
10123
10131
10132
10133
20000
210
220
230
2010
202
2030
200100
20020
20030
20001
20002
20003
211
212
213
221
222
223
231
232
233
2011
2012
2013
2031
2032
2033
200110
200120
200130
200101
200102
200103
20021
20022
20023
20031
20032
20033
200111
200112
200113
200121
200122
200123
200131
200132
200133
30000
310
320
330
3010
3020
303
300100
30020
30030
30001
30002
30003
311
312
313
321
322
323
331
332
333
3011
3012
3013
3021
3022
3023
300110
300120
300130
300101
300102
300103
30021
30022
30023
30031
30032
30033
300111
300112
300113
300121
300122
300123
300131
300132
300133
