0000000
010
02000
030
0010
0020
003000
00010
00020
00030000
000010
000020
000030
000001000
0000020
0000030
0000001
0000002
0000003
011
012
013
0210
02200
0230
02010
02020
02030
02001
02002
02003
031
032
033
0011
0012
0013
0021
0022
0023
00310
00320
00330
003010
003020
003030
003001
003002
003003
000110
000120
000130
00021
00022
00023
000310
000320
000330
0003010
0003020
0003030
00030010
00030020
00030030
00030001
00030002
00030003
000011
000012
000013
000021
000022
000023
000031
000032
000033
00000110
00000120
00000130
000001010
000001020
000001030
000001001
000001002
000001003
0000021
0000022
0000023
0000031
0000032
0000033
0211
0212
0213
02210
02220
02230
02201
02202
02203
0231
0232
0233
02011
02012
02013
02021
02022
02023
02031
02032
02033
00311
00312
00313
00321
00322
00323
00331
00332
00333
003011
003012
003013
003021
003022
003023
003031
003032
003033
000111
000112
000113
000121
000122
000123
000131
000132
000133
000311
000312
000313
000321
000322
000323
000331
000332
000333
0003011
0003012
0003013
0003021
0003022
0003023
0003031
0003032
0003033
00030011
00030012
00030013
00030021
00030022
00030023
00030031
00030032
00030033
00000111
00000112
00000113
00000121
00000122
00000123
00000131
00000132
00000133
000001011
000001012
000001013
000001021
000001022
000001023
000001031
000001032
000001033
02211
02212
02213
02221
02222
02223
02231
02232
02233
20000000
210
22
230000
2010
202000
2030
20010
20020
2003000
200010
200020
200030
2000010
2000020
2000030
2000001000
20000020
20000030
20000001
20000002
20000003
211
212
213
2310
23200
2330
23010
23020
23030
230010
230020
230030
230001
230002
230003
2011
2012
2013
20210
20220
20230
202010
202020
202030
202001
202002
202003
2031
2032
2033
20011
20012
20013
20021
20022
20023
200310
200320
200330
2003010
2003020
2003030
2003001
2003002
2003003
200011
200012
200013
200021
200022
200023
200031
200032
200033
2000011
2000012
2000013
2000021
2000022
2000023
2000031
2000032
2000033
200000110
200000120
200000130
2000001010
2000001020
2000001030
2000001001
2000001002
2000001003
20000021
20000022
20000023
20000031
20000032
20000033
2311
2312
2313
23210
23220
23230
23201
23202
23203
2331
2332
2333
23011
23012
23013
23021
23022
23023
23031
23032
23033
230011
230012
230013
230021
230022
230023
230031
230032
230033
20211
20212
20213
20221
20222
20223
20231
20232
20233
202011
202012
202013
202021
202022
202023
202031
202032
202033
200311
200312
200313
200321
200322
200323
200331
200332
200333
2003011
2003012
2003013
2003021
2003022
2003023
2003031
2003032
2003033
200000111
200000112
200000113
200000121
200000122
200000123
200000131
200000132
200000133
2000001011
2000001012
2000001013
2000001021
2000001022
2000001023
2000001031
2000001032
2000001033
23211
23212
23213
23221
23222
23223
23231
23232
23233
30000
31000000
3200
330
3010
3020000
3030
30010
300200
300300
30001
30002
30003
3110
3120
3130
310100
31020
31030
310010
310020
310030
3100010
3100020
3100030
31000010
31000020
31000030
31000001
31000002
31000003
3210
3220
3230
3201
3202
3203
331
332
333
3011
3012
3013
30210
30220
3023
302010
3020200
302030
3020010
3020020
3020030
3020001
3020002
3020003
3031
3032
3033
30011
30012
30013
300210
300220
300230
300201
300202
300203
300310
300320
300330
300301
300302
300303
3111
3112
3113
3121
3122
3123
3131
3132
3133
310110
310120
310130
310101
310102
310103
31021
31022
31023
31031
31032
31033
310011
310012
310013
310021
310022
310023
310031
310032
310033
3100011
3100012
3100013
3100021
3100022
3100023
3100031
3100032
3100033
31000011
31000012
31000013
31000021
31000022
31000023
31000031
31000032
31000033
3211
3212
3213
3221
3222
3223
3231
3232
3233
30211
30212
30213
30221
30222
30223
302011
302012
302013
3020210
3020220
3020230
3020201
3020202
3020203
302031
302032
302033
3020011
3020012
3020013
3020021
3020022
3020023
3020031
3020032
3020033
300211
300212
300213
300221
300222
300223
300231
300232
300233
300311
300312
300313
300321
300322
300323
300331
300332
300333
310111
310112
310113
310121
310122
310123
310131
310132
310133
3020211
3020212
3020213
3020221
3020222
3020223
3020231
3020232
3020233
10000
110000
120
1300
1010000
1020
1030000
10010
100200
10030
10001
10002
10003
1110
1120
1130
11010
11020
110300
110010
110020
110030
110001
110002
110003
121
122
123
1310
1320
1330
1301
1302
1303
1011
10120
10130
101010
1010200
101030
1010010
1010020
1010030
1010001
1010002
1010003
1021
1022
1023
10310
10320
10330
103010
103020
103030
1030010
1030020
1030030
1030001
1030002
1030003
10011
10012
10013
100210
100220
100230
100201
100202
100203
10031
10032
10033
1111
1112
1113
1121
1122
1123
1131
1132
1133
11011
11012
11013
11021
11022
11023
110310
110320
110330
110301
110302
110303
110011
110012
110013
110021
110022
110023
110031
110032
110033
1311
1312
1313
1321
1322
1323
1331
1332
1333
10121
10122
10123
10131
10132
10133
101011
101012
101013
1010210
1010220
1010230
1010201
1010202
1010203
101031
101032
101033
1010011
1010012
1010013
1010021
1010022
1010023
1010031
1010032
1010033
10311
10312
10313
10321
10322
10323
10331
10332
10333
103011
103012
103013
103021
103022
103023
103031
103032
103033
1030011
1030012
1030013
1030021
1030022
1030023
1030031
1030032
1030033
100211
100212
100213
100221
100222
100223
100231
100232
100233
110311
110312
110313
110321
110322
110323
110331
110332
110333
1010211
1010212
1010213
1010221
1010222
1010223
1010231
1010232
1010233
