000000000010102030100100200102010100102011002010
000000000010102030100100200102010100102011002011030200302021120201030112211112212121030220131203030203210
000000000010102030100100200102010100102011002011030200302021120201030112211112212121030220131203030203211311302311230321031320
0000000000101020301001002001020101001020110020110302003020211202010301122111122121210302201312030302032113113023112303210313212211
000000000010102030100100200102010100102011002011030200302021120201030112211112212121030220131203030203211311302311230321031321221223030
0000000000101020301001002001020101001020110020110302003020211202010301122111122121210302201312030302032113113023112303210313212212230311230
0000000000101020301001002001020101001020110020110302003020211202010301122111122121210302201312030302032113113023112303210313212212230311231311313223220
0000000000101020301001002001020101001020110020110302003020211202010301122111122121210302201312030302032113113023112303210313212212230311231311313223221
000000000010102030100100200102010100102011002011030200302021120201030112211112212121030220131203030203211311302311230321031321221223031123131131322322230
000000000010102030100100200102010100102011002011030200302021120201030112211112212121030220131203030203211311302311230321031321221223031123131131322322231
000000000010102030100100200102010100102011002011030200302021120201030112211112212121030220131203030203211311302311230321031321221223031123131131322322232
0000000000101020301001002001020101001020110020110302003020211202010301122111122121210302201312030302032113113023112303210313212212230311231311313223222333132331
00000000001010203010010020010201010010201100201103020030202112020103011221111221212103022013120303020321131130231123032103132122122303112313113132232223331323323
0000000000101020301001002001020101001020110020110302003020211202010301122111122121210302201312030302032113113023112303210313212212230311231311313223222333132333332
0000000000101020301001002001020101001020110020110302003020211202010301122111122121210302201312030302032113113023112303210313212212230311231311313223222333132333333
00000000001010203010010020010201010010201100201103020030202112020103011221111221212103022013120303020321131130231123032103132122122303112313113133
0000000000101020301001002001020101001020110020110302003020211202010301122111122121210302201312030302032113113023112303210313212212230311231312
0000000000101020301001002001020101001020110020110302003020211202010301122111122121210302201312030302032113113023112303210313212212230311231313
0000000000101020301001002001020101001020110020110302003020211202010301122111122121210302201312030302032113113023112303210313212212230311231321
0000000000101020301001002001020101001020110020110302003020211202010301122111122121210302201312030302032113113023112303210313212212230311231322
0000000000101020301001002001020101001020110020110302003020211202010301122111122121210302201312030302032113113023112303210313212212230311231323
0000000000101020301001002001020101001020110020110302003020211202010301122111122121210302201312030302032113113023112303210313212212230311231330
0000000000101020301001002001020101001020110020110302003020211202010301122111122121210302201312030302032113113023112303210313212212230311231331
0000000000101020301001002001020101001020110020110302003020211202010301122111122121210302201312030302032113113023112303210313212212230311231332
0000000000101020301001002001020101001020110020110302003020211202010301122111122121210302201312030302032113113023112303210313212212230311231333
00000000001010203010010020010201010010201100201103020030202112020103011221111221212103022013120303020321131130231123032103132122122303113
00000000001010203010010020010201010010201100201103020030202112020103011221111221212103022013120303020321131130231123032103132122122303122
00000000001010203010010020010201010010201100201103020030202112020103011221111221212103022013120303020321131130231123032103132122122303123
0000000000101020301001002001020101001020110020110302003020211202010301122111122121210302201312030302032113113023112303210313212212230313
0000000000101020301001002001020101001020110020110302003020211202010301122111122121210302201312030302032113113023112303210313212212230321
000000000010102030100100200102010100102011002011030200302021120201030112211112212121030220131203030203211311302311230321031321221223032231
000000000010102030100100200102010100102011002011030200302021120201030112211112212121030220131203030203211311302311230321031321221223032232
000000000010102030100100200102010100102011002011030200302021120201030112211112212121030220131203030203211311302311230321031321221223032233
000000000010102030100100200102010100102011002011030200302021120201030112211112212121030220131203030203211311302311230321031321221223033
00000000001010203010010020010201010010201100201103020030202112020103011221111221212103022013120303020321131130231123032103133
00000000001010203010010020010201010010201100201103020030202112020103011221111221212103022013120303020321131131
00000000001010203010010020010201010010201100201103020030202112020103011221111221212103022013120303020321131132
00000000001010203010010020010201010010201100201103020030202112020103011221111221212103022013120303020321131133
0000000000101020301001002001020101001020110020110302003020211202010301122111122121210302201312030303
00000000001010203010010020010201010010201100201103020030202112020103011221111221212103022013121
00000000001010203010010020010201010010201100201103020030202112020103011221111221212103022013122
00000000001010203010010020010201010010201100201103020030202112020103011221111221212103022013123
00000000001010203010010020010201010010201100201103020030202112020103011221111221213
0000000000101020301001002001020101001020110020110302003020211202010301122111122122
0000000000101020301001002001020101001020110020110302003020211202010301122111122123
0000000000101020301001002001020101001020110020110302003020211202010301122112
0000000000101020301001002001020101001020110020110302003020211202010301122113
00000000001010203010010020010201011
00000000001010203010010020010201012
00000000001010203010010020010201013
0000000000101020301001002001020102001
0000000000101020301001002001020102002
0000000000101020301001002001020102003
000000000010102030100100200102010201
00000000001010203010010020010201020210
00000000001010203010010020010201020211
00000000001010203010010020010201020212
00000000001010203010010020010201020213
00000000001010203010010020010201020220
00000000001010203010010020010201020221
00000000001010203010010020010201020222
00000000001010203010010020010201020223
00000000001010203010010020010201020230
00000000001010203010010020010201020231
00000000001010203010010020010201020232
000000000010102030100100200102010202330
000000000010102030100100200102010202331
000000000010102030100100200102010202332
000000000010102030100100200102010202333
000000000010102030100100200102010203
0000000000101020301001002001020103
0000000000101020301001002001021
0000000000101020301001002001022
0000000000101020301001002001023
000000000011
000000000012
000000000013
0001
0002
0003
200010000000001010203010002010100102010011002010
2000100000000010102030100020101001020100110020110203020211202010301122111122121210302201302302311031203030203211311303210312
200010000000001010203010002010100102010011002011020302021120201030112211112212121030220130230231103120303020321131130321031320
2000100000000010102030100020101001020100110020110203020211202010301122111122121210302201302302311031203030203211311303210313212211
200010000000001010203010002010100102010011002011020302021120201030112211112212121030220130230231103120303020321131130321031321221223030
2000100000000010102030100020101001020100110020110203020211202010301122111122121210302201302302311031203030203211311303210313212212230311230
2000100000000010102030100020101001020100110020110203020211202010301122111122121210302201302302311031203030203211311303210313212212230311231311313223220
2000100000000010102030100020101001020100110020110203020211202010301122111122121210302201302302311031203030203211311303210313212212230311231311313223221
200010000000001010203010002010100102010011002011020302021120201030112211112212121030220130230231103120303020321131130321031321221223031123131131322322230
200010000000001010203010002010100102010011002011020302021120201030112211112212121030220130230231103120303020321131130321031321221223031123131131322322231
200010000000001010203010002010100102010011002011020302021120201030112211112212121030220130230231103120303020321131130321031321221223031123131131322322232
2000100000000010102030100020101001020100110020110203020211202010301122111122121210302201302302311031203030203211311303210313212212230311231311313223222333132331
20001000000000101020301000201010010201001100201102030202112020103011221111221212103022013023023110312030302032113113032103132122122303112313113132232223331323323
2000100000000010102030100020101001020100110020110203020211202010301122111122121210302201302302311031203030203211311303210313212212230311231311313223222333132333332
2000100000000010102030100020101001020100110020110203020211202010301122111122121210302201302302311031203030203211311303210313212212230311231311313223222333132333333
20001000000000101020301000201010010201001100201102030202112020103011221111221212103022013023023110312030302032113113032103132122122303112313113133
2000100000000010102030100020101001020100110020110203020211202010301122111122121210302201302302311031203030203211311303210313212212230311231312
2000100000000010102030100020101001020100110020110203020211202010301122111122121210302201302302311031203030203211311303210313212212230311231313
2000100000000010102030100020101001020100110020110203020211202010301122111122121210302201302302311031203030203211311303210313212212230311231321
2000100000000010102030100020101001020100110020110203020211202010301122111122121210302201302302311031203030203211311303210313212212230311231322
2000100000000010102030100020101001020100110020110203020211202010301122111122121210302201302302311031203030203211311303210313212212230311231323
2000100000000010102030100020101001020100110020110203020211202010301122111122121210302201302302311031203030203211311303210313212212230311231330
2000100000000010102030100020101001020100110020110203020211202010301122111122121210302201302302311031203030203211311303210313212212230311231331
2000100000000010102030100020101001020100110020110203020211202010301122111122121210302201302302311031203030203211311303210313212212230311231332
2000100000000010102030100020101001020100110020110203020211202010301122111122121210302201302302311031203030203211311303210313212212230311231333
20001000000000101020301000201010010201001100201102030202112020103011221111221212103022013023023110312030302032113113032103132122122303113
20001000000000101020301000201010010201001100201102030202112020103011221111221212103022013023023110312030302032113113032103132122122303122
20001000000000101020301000201010010201001100201102030202112020103011221111221212103022013023023110312030302032113113032103132122122303123
2000100000000010102030100020101001020100110020110203020211202010301122111122121210302201302302311031203030203211311303210313212212230313
2000100000000010102030100020101001020100110020110203020211202010301122111122121210302201302302311031203030203211311303210313212212230321
200010000000001010203010002010100102010011002011020302021120201030112211112212121030220130230231103120303020321131130321031321221223032231
200010000000001010203010002010100102010011002011020302021120201030112211112212121030220130230231103120303020321131130321031321221223032232
200010000000001010203010002010100102010011002011020302021120201030112211112212121030220130230231103120303020321131130321031321221223032233
200010000000001010203010002010100102010011002011020302021120201030112211112212121030220130230231103120303020321131130321031321221223033
20001000000000101020301000201010010201001100201102030202112020103011221111221212103022013023023110312030302032113113032103133
200010000000001010203010002010100102010011002011020302021120201030112211112212121030220130230231103120303020321131131
200010000000001010203010002010100102010011002011020302021120201030112211112212121030220130230231103120303020321131132
200010000000001010203010002010100102010011002011020302021120201030112211112212121030220130230231103120303020321131133
20001000000000101020301000201010010201001100201102030202112020103011221111221212103022013023023110312030303
200010000000001010203010002010100102010011002011020302021120201030112211112212121030220130230231103121
200010000000001010203010002010100102010011002011020302021120201030112211112212121030220130230231103122
200010000000001010203010002010100102010011002011020302021120201030112211112212121030220130230231103123
20001000000000101020301000201010010201001100201102030202112020103011221111221213
2000100000000010102030100020101001020100110020110203020211202010301122111122122
2000100000000010102030100020101001020100110020110203020211202010301122111122123
2000100000000010102030100020101001020100110020110203020211202010301122112
2000100000000010102030100020101001020100110020110203020211202010301122113
20001000000000101020301000201011
20001000000000101020301000201012
20001000000000101020301000201013
2000100000000010102030100020102001
2000100000000010102030100020102002
2000100000000010102030100020102003
200010000000001010203010002010201
20001000000000101020301000201020210
20001000000000101020301000201020211
20001000000000101020301000201020212
20001000000000101020301000201020213
20001000000000101020301000201020220
20001000000000101020301000201020221
20001000000000101020301000201020222
20001000000000101020301000201020223
20001000000000101020301000201020230
20001000000000101020301000201020231
20001000000000101020301000201020232
200010000000001010203010002010202330
200010000000001010203010002010202331
200010000000001010203010002010202332
200010000000001010203010002010202333
200010000000001010203010002010203
2000100000000010102030100020103
2000100000000010102030100021
2000100000000010102030100022
2000100000000010102030100023
2000100000000011
2000100000000012
2000100000000013
20001001
20001002
20001003
100100000000010102030100020101001110011002010
1001000000000101020301000201010011100110020110202012020103012111130202122212120031120302103030203022013130231103211
100100000000010102030100020101001110011002011020201202010301211113020212221212003112030210303020302201313023110321230321031320
1001000000000101020301000201010011100110020110202012020103012111130202122212120031120302103030203022013130231103212303210313212211
100100000000010102030100020101001110011002011020201202010301211113020212221212003112030210303020302201313023110321230321031321221223030
1001000000000101020301000201010011100110020110202012020103012111130202122212120031120302103030203022013130231103212303210313212212230311230
1001000000000101020301000201010011100110020110202012020103012111130202122212120031120302103030203022013130231103212303210313212212230311231311313223220
1001000000000101020301000201010011100110020110202012020103012111130202122212120031120302103030203022013130231103212303210313212212230311231311313223221
100100000000010102030100020101001110011002011020201202010301211113020212221212003112030210303020302201313023110321230321031321221223031123131131322322230
100100000000010102030100020101001110011002011020201202010301211113020212221212003112030210303020302201313023110321230321031321221223031123131131322322231
100100000000010102030100020101001110011002011020201202010301211113020212221212003112030210303020302201313023110321230321031321221223031123131131322322232
1001000000000101020301000201010011100110020110202012020103012111130202122212120031120302103030203022013130231103212303210313212212230311231311313223222333132331
10010000000001010203010002010100111001100201102020120201030121111302021222121200311203021030302030220131302311032123032103132122122303112313113132232223331323323
1001000000000101020301000201010011100110020110202012020103012111130202122212120031120302103030203022013130231103212303210313212212230311231311313223222333132333332
1001000000000101020301000201010011100110020110202012020103012111130202122212120031120302103030203022013130231103212303210313212212230311231311313223222333132333333
10010000000001010203010002010100111001100201102020120201030121111302021222121200311203021030302030220131302311032123032103132122122303112313113133
1001000000000101020301000201010011100110020110202012020103012111130202122212120031120302103030203022013130231103212303210313212212230311231312
1001000000000101020301000201010011100110020110202012020103012111130202122212120031120302103030203022013130231103212303210313212212230311231313
1001000000000101020301000201010011100110020110202012020103012111130202122212120031120302103030203022013130231103212303210313212212230311231321
1001000000000101020301000201010011100110020110202012020103012111130202122212120031120302103030203022013130231103212303210313212212230311231322
1001000000000101020301000201010011100110020110202012020103012111130202122212120031120302103030203022013130231103212303210313212212230311231323
1001000000000101020301000201010011100110020110202012020103012111130202122212120031120302103030203022013130231103212303210313212212230311231330
1001000000000101020301000201010011100110020110202012020103012111130202122212120031120302103030203022013130231103212303210313212212230311231331
1001000000000101020301000201010011100110020110202012020103012111130202122212120031120302103030203022013130231103212303210313212212230311231332
1001000000000101020301000201010011100110020110202012020103012111130202122212120031120302103030203022013130231103212303210313212212230311231333
10010000000001010203010002010100111001100201102020120201030121111302021222121200311203021030302030220131302311032123032103132122122303113
10010000000001010203010002010100111001100201102020120201030121111302021222121200311203021030302030220131302311032123032103132122122303122
10010000000001010203010002010100111001100201102020120201030121111302021222121200311203021030302030220131302311032123032103132122122303123
1001000000000101020301000201010011100110020110202012020103012111130202122212120031120302103030203022013130231103212303210313212212230313
1001000000000101020301000201010011100110020110202012020103012111130202122212120031120302103030203022013130231103212303210313212212230321
100100000000010102030100020101001110011002011020201202010301211113020212221212003112030210303020302201313023110321230321031321221223032231
100100000000010102030100020101001110011002011020201202010301211113020212221212003112030210303020302201313023110321230321031321221223032232
100100000000010102030100020101001110011002011020201202010301211113020212221212003112030210303020302201313023110321230321031321221223032233
100100000000010102030100020101001110011002011020201202010301211113020212221212003112030210303020302201313023110321230321031321221223033
10010000000001010203010002010100111001100201102020120201030121111302021222121200311203021030302030220131302311032123032103133
1001000000000101020301000201010011100110020110202012020103012111130202122212120031120302103030203022013131
1001000000000101020301000201010011100110020110202012020103012111130202122212120031120302103030203022013132
1001000000000101020301000201010011100110020110202012020103012111130202122212120031120302103030203022013133
10010000000001010203010002010100111001100201102020120201030121111302021222121200311203021030303
1001000000000101020301000201010011100110020110202012020103012111130202122212120031121
1001000000000101020301000201010011100110020110202012020103012111130202122212120031122
1001000000000101020301000201010011100110020110202012020103012111130202122212120031123
100100000000010102030100020101001110011002011020201202010301211113020212221213
10010000000001010203010002010100111001100201102020120201030121111302021222122
10010000000001010203010002010100111001100201102020120201030121111302021222123
1001000000000101020301000201010011100110020110202012020103012112
1001000000000101020301000201010011100110020110202012020103012113
1001000000000101020301000201011
1001000000000101020301000201012
1001000000000101020301000201013
100100000000010102030100020102001
100100000000010102030100020102002
100100000000010102030100020102003
10010000000001010203010002010201
1001000000000101020301000201020210
1001000000000101020301000201020211
1001000000000101020301000201020212
1001000000000101020301000201020213
1001000000000101020301000201020220
1001000000000101020301000201020221
1001000000000101020301000201020222
1001000000000101020301000201020223
1001000000000101020301000201020230
1001000000000101020301000201020231
1001000000000101020301000201020232
10010000000001010203010002010202330
10010000000001010203010002010202331
10010000000001010203010002010202332
10010000000001010203010002010202333
10010000000001010203010002010203
100100000000010102030100020103
100100000000010102030100021
100100000000010102030100022
100100000000010102030100023
100100000000011
100100000000012
100100000000013
1001001
1001002
1001003
300000000001000101020302001001020101010
300000000001000101020302001001020101011010020201101020202112030112211112203020030212121030220131203031032113113023112303210320
3000000000010001010203020010010201010110100202011010202021120301122111122030200302121210302201312030310321131130231123032103212211
300000000001000101020302001001020101011010020201101020202112030112211112203020030212121030220131203031032113113023112303210321221223030
3000000000010001010203020010010201010110100202011010202021120301122111122030200302121210302201312030310321131130231123032103212212230311230
3000000000010001010203020010010201010110100202011010202021120301122111122030200302121210302201312030310321131130231123032103212212230311231311313223220
3000000000010001010203020010010201010110100202011010202021120301122111122030200302121210302201312030310321131130231123032103212212230311231311313223221
300000000001000101020302001001020101011010020201101020202112030112211112203020030212121030220131203031032113113023112303210321221223031123131131322322230
300000000001000101020302001001020101011010020201101020202112030112211112203020030212121030220131203031032113113023112303210321221223031123131131322322231
300000000001000101020302001001020101011010020201101020202112030112211112203020030212121030220131203031032113113023112303210321221223031123131131322322232
3000000000010001010203020010010201010110100202011010202021120301122111122030200302121210302201312030310321131130231123032103212212230311231311313223222333132331
30000000000100010102030200100102010101101002020110102020211203011221111220302003021212103022013120303103211311302311230321032122122303112313113132232223331323323
3000000000010001010203020010010201010110100202011010202021120301122111122030200302121210302201312030310321131130231123032103212212230311231311313223222333132333332
3000000000010001010203020010010201010110100202011010202021120301122111122030200302121210302201312030310321131130231123032103212212230311231311313223222333132333333
30000000000100010102030200100102010101101002020110102020211203011221111220302003021212103022013120303103211311302311230321032122122303112313113133
3000000000010001010203020010010201010110100202011010202021120301122111122030200302121210302201312030310321131130231123032103212212230311231312
3000000000010001010203020010010201010110100202011010202021120301122111122030200302121210302201312030310321131130231123032103212212230311231313
3000000000010001010203020010010201010110100202011010202021120301122111122030200302121210302201312030310321131130231123032103212212230311231321
3000000000010001010203020010010201010110100202011010202021120301122111122030200302121210302201312030310321131130231123032103212212230311231322
3000000000010001010203020010010201010110100202011010202021120301122111122030200302121210302201312030310321131130231123032103212212230311231323
3000000000010001010203020010010201010110100202011010202021120301122111122030200302121210302201312030310321131130231123032103212212230311231330
3000000000010001010203020010010201010110100202011010202021120301122111122030200302121210302201312030310321131130231123032103212212230311231331
3000000000010001010203020010010201010110100202011010202021120301122111122030200302121210302201312030310321131130231123032103212212230311231332
3000000000010001010203020010010201010110100202011010202021120301122111122030200302121210302201312030310321131130231123032103212212230311231333
30000000000100010102030200100102010101101002020110102020211203011221111220302003021212103022013120303103211311302311230321032122122303113
30000000000100010102030200100102010101101002020110102020211203011221111220302003021212103022013120303103211311302311230321032122122303122
30000000000100010102030200100102010101101002020110102020211203011221111220302003021212103022013120303103211311302311230321032122122303123
3000000000010001010203020010010201010110100202011010202021120301122111122030200302121210302201312030310321131130231123032103212212230313
3000000000010001010203020010010201010110100202011010202021120301122111122030200302121210302201312030310321131130231123032103212212230321
300000000001000101020302001001020101011010020201101020202112030112211112203020030212121030220131203031032113113023112303210321221223032231
300000000001000101020302001001020101011010020201101020202112030112211112203020030212121030220131203031032113113023112303210321221223032232
300000000001000101020302001001020101011010020201101020202112030112211112203020030212121030220131203031032113113023112303210321221223032233
300000000001000101020302001001020101011010020201101020202112030112211112203020030212121030220131203031032113113023112303210321221223033
30000000000100010102030200100102010101101002020110102020211203011221111220302003021212103022013120303103211311302311230321033
300000000001000101020302001001020101011010020201101020202112030112211112203020030212121030220131203031032113113023113
3000000000010001010203020010010201010110100202011010202021120301122111122030200302121210302201312030310321131131
3000000000010001010203020010010201010110100202011010202021120301122111122030200302121210302201312030310321131132
3000000000010001010203020010010201010110100202011010202021120301122111122030200302121210302201312030310321131133
30000000000100010102030200100102010101101002020110102020211203011221111220302003021212103022013121
30000000000100010102030200100102010101101002020110102020211203011221111220302003021212103022013122
30000000000100010102030200100102010101101002020110102020211203011221111220302003021212103022013123
30000000000100010102030200100102010101101002020110102020211203011221111220302003021213
3000000000010001010203020010010201010110100202011010202021120301122111122030200302122
3000000000010001010203020010010201010110100202011010202021120301122111122030200302123
3000000000010001010203020010010201010110100202011010202021120301122112
3000000000010001010203020010010201010110100202011010202021120301122113
3000000000010001010203020010010201010110100202011010203
3000000000010001010203020010010201011
3000000000010001010203020010010201012
3000000000010001010203020010010201013
300000000001000101020302001001020102001
300000000001000101020302001001020102002
300000000001000101020302001001020102003
30000000000100010102030200100102010201
3000000000010001010203020010010201020210
3000000000010001010203020010010201020211
3000000000010001010203020010010201020212
3000000000010001010203020010010201020213
3000000000010001010203020010010201020220
3000000000010001010203020010010201020221
3000000000010001010203020010010201020222
3000000000010001010203020010010201020223
3000000000010001010203020010010201020230
3000000000010001010203020010010201020231
3000000000010001010203020010010201020232
30000000000100010102030200100102010202330
30000000000100010102030200100102010202331
30000000000100010102030200100102010202332
30000000000100010102030200100102010202333
30000000000100010102030200100102010203
300000000001000101020302001001020103
300000000001000101020302001001021
300000000001000101020302001001022
300000000001000101020302001001023
30000000000100011
30000000000100012
30000000000100013
30000001
30000002
30000003
