10000000
11
120000
130
1010
1020
1030
10010
10020
10030
1000100
1000200
100030
1000010
1000020
1000030
10000010
10000020
10000030
10000001
10000002
10000003
1210
1220
1230
12010
12020
12030
120010
120020
120030
120001
120002
120003
131
132
133
1011
1012
1013
1021
1022
1023
1031
1032
1033
10011
10012
10013
10021
10022
10023
10031
10032
10033
1000110
1000120
10001300
1000101
1000102
1000103
1000210
1000220
1000230
1000201
1000202
1000203
100031
100032
100033
1000011
1000012
1000013
1000021
1000022
1000023
1000031
1000032
1000033
10000011
10000012
10000013
10000021
10000022
10000023
10000031
10000032
10000033
1211
1212
1213
1221
1222
1223
1231
1232
1233
12011
12012
12013
12021
12022
12023
12031
12032
12033
120011
120012
120013
120021
120022
120023
120031
120032
120033
1000111
1000112
1000113
1000121
1000122
1000123
10001310
10001320
10001330
10001301
10001302
10001303
1000211
1000212
1000213
1000221
1000222
1000223
1000231
1000232
1000233
10001311
10001312
10001313
10001321
10001322
10001323
10001331
10001332
10001333
0000000
01000
020
0300
0010
0020
0030
000100
000200
00030
000010
000020
000030
0000010
0000020
0000030
0000001
0000002
0000003
0110
0120
0130
01010
01020
01030
01001
01002
01003
021
022
023
0310
0320
0330
0301
0302
0303
0011
0012
0013
0021
0022
0023
0031
0032
0033
000110
000120
0001300
000101
000102
000103
000210
000220
000230
000201
000202
000203
00031
00032
00033
000011
000012
000013
000021
000022
000023
000031
000032
000033
0000011
0000012
0000013
0000021
0000022
0000023
0000031
0000032
0000033
01110
01120
01130
0121
0122
0123
0131
0132
0133
01011
01012
01013
01021
01022
01023
01031
01032
01033
0311
0312
0313
0321
0322
0323
0331
0332
0333
000111
000112
000113
000121
000122
000123
0001310
0001320
0001330
0001301
0001302
0001303
000211
000212
000213
000221
000222
000223
000231
000232
000233
01111
01112
01113
01121
01122
01123
01131
01132
01133
0001311
0001312
0001313
0001321
0001322
0001323
0001331
0001332
0001333
30000000
3100
320
330
3010000
3020
3030
30010
30020
30030
300010
3000200
300030
3000010
3000020
3000030
30000010
30000020
30000030
30000001
30000002
30000003
3110
3120
31300
3101
3102
3103
321
322
323
331
332
333
30110
30120
3013
301010
301020
301030
3010010
3010020
3010030
3010001
3010002
3010003
3021
3022
3023
3031
3032
3033
30011
30012
30013
30021
30022
30023
30031
30032
30033
300011
300012
300013
3000210
3000220
3000230
3000201
3000202
3000203
300031
300032
300033
3000011
3000012
3000013
3000021
3000022
3000023
3000031
3000032
3000033
30000011
30000012
30000013
30000021
30000022
30000023
30000031
30000032
30000033
3111
3112
3113
3121
3122
3123
31310
31320
31330
31301
31302
31303
30111
30112
30113
30121
30122
30123
301011
301012
301013
301021
301022
301023
301031
301032
301033
3010011
3010012
3010013
3010021
3010022
3010023
3010031
3010032
3010033
3000211
3000212
3000213
3000221
3000222
3000223
3000231
3000232
3000233
31311
31312
31313
31321
31322
31323
31331
31332
31333
20000000
2100
220
230
2010000
2020
2030
20010
20020
20030
200010
2000200
200030
2000010
2000020
2000030
20000010
20000020
20000030
20000001
20000002
20000003
2110
2120
21300
2101
2102
2103
221
222
223
231
232
233
20110
2012
20130
201010
201020
201030
2010010
2010020
2010030
2010001
2010002
2010003
2021
2022
2023
2031
2032
2033
20011
20012
20013
20021
20022
20023
20031
20032
20033
200011
200012
200013
2000210
2000220
2000230
2000201
2000202
2000203
200031
200032
200033
2000011
2000012
2000013
2000021
2000022
2000023
2000031
2000032
2000033
20000011
20000012
20000013
20000021
20000022
20000023
20000031
20000032
20000033
2111
2112
2113
2121
2122
2123
21310
21320
21330
21301
21302
21303
20111
20112
20113
20131
20132
20133
201011
201012
201013
201021
201022
201023
201031
201032
201033
2010011
2010012
2010013
2010021
2010022
2010023
2010031
2010032
2010033
2000211
2000212
2000213
2000221
2000222
2000223
2000231
2000232
2000233
21311
21312
21313
21321
21322
21323
21331
21332
21333
