100000001020001001100102020301011201010
100000001020001001100102020301011201011112020111021211203030
1000000010200010011001020203010112010111120201110212112030312122130302130
1000000010200010011001020203010112010111120201110212112030312122130302131300
1000000010200010011001020203010112010111120201110212112030312122130302131301
100000001020001001100102020301011201011112020111021211203031212213030213130231
1000000010200010011001020203010112010111120201110212112030312122130302131302322
10000000102000100110010202030101120101111202011102121120303121221303021313023231031320
10000000102000100110010202030101120101111202011102121120303121221303021313023231031321
1000000010200010011001020203010112010111120201110212112030312122130302131302323103132211
100000001020001001100102020301011201011112020111021211203031212213030213130232310313221221
100000001020001001100102020301011201011112020111021211203031212213030213130232310313221222003210122310
100000001020001001100102020301011201011112020111021211203031212213030213130232310313221222003210122311
100000001020001001100102020301011201011112020111021211203031212213030213130232310313221222003210122312
1000000010200010011001020203010112010111120201110212112030312122130302131302323103132212220032101223133
100000001020001001100102020301011201011112020111021211203031212213030213130232310313221222003210122320
100000001020001001100102020301011201011112020111021211203031212213030213130232310313221222003210122321
10000000102000100110010202030101120101111202011102121120303121221303021313023231031322122200321012232220
10000000102000100110010202030101120101111202011102121120303121221303021313023231031322122200321012232221
10000000102000100110010202030101120101111202011102121120303121221303021313023231031322122200321012232222
10000000102000100110010202030101120101111202011102121120303121221303021313023231031322122200321012232223
10000000102000100110010202030101120101111202011102121120303121221303021313023231031322122200321012232230
100000001020001001100102020301011201011112020111021211203031212213030213130232310313221222003210122322313301
100000001020001001100102020301011201011112020111021211203031212213030213130232310313221222003210122322313302312
1000000010200010011001020203010112010111120201110212112030312122130302131302323103132212220032101223223133023131
10000000102000100110010202030101120101111202011102121120303121221303021313023231031322122200321012232231330231322
1000000010200010011001020203010112010111120201110212112030312122130302131302323103132212220032101223223133023132332
100000001020001001100102020301011201011112020111021211203031212213030213130232310313221222003210122322313302313233320
1000000010200010011001020203010112010111120201110212112030312122130302131302323103132212220032101223223133023132333213302
1000000010200010011001020203010112010111120201110212112030312122130302131302323103132212220032101223223133023132333213303
10000000102000100110010202030101120101111202011102121120303121221303021313023231031322122200321012232231330231323332133112
100000001020001001100102020301011201011112020111021211203031212213030213130232310313221222003210122322313302313233321331132
100000001020001001100102020301011201011112020111021211203031212213030213130232310313221222003210122322313302313233321331133
100000001020001001100102020301011201011112020111021211203031212213030213130232310313221222003210122322313302313233321332
100000001020001001100102020301011201011112020111021211203031212213030213130232310313221222003210122322313302313233321333
1000000010200010011001020203010112010111120201110212112030312122130302131302323103132212220032101223223133023132333223
100000001020001001100102020301011201011112020111021211203031212213030213130232310313221222003210122322313302313233323
100000001020001001100102020301011201011112020111021211203031212213030213130232310313221222003210122322313302313233330
100000001020001001100102020301011201011112020111021211203031212213030213130232310313221222003210122322313302313233331
100000001020001001100102020301011201011112020111021211203031212213030213130232310313221222003210122322313302313233332
100000001020001001100102020301011201011112020111021211203031212213030213130232310313221222003210122322313302313233333
1000000010200010011001020203010112010111120201110212112030312122130302131302323103132212220032101223223133030
1000000010200010011001020203010112010111120201110212112030312122130302131302323103132212220032101223223133031
1000000010200010011001020203010112010111120201110212112030312122130302131302323103132212220032101223223133032
1000000010200010011001020203010112010111120201110212112030312122130302131302323103132212220032101223223133033
10000000102000100110010202030101120101111202011102121120303121221303021313023231031322122200321012233
100000001020001001100102020301011201011112020111021211203031212213030213130232310313221223
1000000010200010011001020203010112010111120201110212112030312122130302131302323103132213
10000000102000100110010202030101120101111202011102121120303121221303021313023231031323
100000001020001001100102020301011201011112020111021211203031212213030213130232311
100000001020001001100102020301011201011112020111021211203031212213030213130232312
100000001020001001100102020301011201011112020111021211203031212213030213130232313
1000000010200010011001020203010112010111120201110212112030312122130302131303
1000000010200010011001020203010112010111120201110212112030312122130302132
1000000010200010011001020203010112010111120201110212112030312122130302133
10000000102000100110010202030101120101111202011102122
10000000102000100110010202030101120101111202011102123
1000000010200010011001020203010112010111120202
1000000010200010011001020203010112010111120203
100000001020001001100102020301011201011113
10000000102000100110010202030101120102
10000000102000100110010202030101120103
100000001020001001100102020302
100000001020001001100102020303
00000001020001001100102020301011201010
0000000102000100110010202030101120101110203030
000000010200010011001020203010112010111020303111021202012112031300
00000001020001001100102020301011201011102030311102120201211203130130302130
00000001020001001100102020301011201011102030311102120201211203130130302131221
0000000102000100110010202030101120101110203031110212020121120313013030213122231310
0000000102000100110010202030101120101110203031110212020121120313013030213122231311320
0000000102000100110010202030101120101110203031110212020121120313013030213122231311321
000000010200010011001020203010112010111020303111021202012112031301303021312223131132211
00000001020001001100102020301011201011102030311102120201211203130130302131222313113221221
00000001020001001100102020301011201011102030311102120201211203130130302131222313113221222003210122310
00000001020001001100102020301011201011102030311102120201211203130130302131222313113221222003210122311
0000000102000100110010202030101120101110203031110212020121120313013030213122231311322122200321012231233022
00000001020001001100102020301011201011102030311102120201211203130130302131222313113221222003210122312330231330132
00000001020001001100102020301011201011102030311102120201211203130130302131222313113221222003210122312330231330133
0000000102000100110010202030101120101110203031110212020121120313013030213122231311322122200321012231233023133020
0000000102000100110010202030101120101110203031110212020121120313013030213122231311322122200321012231233023133021
000000010200010011001020203010112010111020303111021202012112031301303021312223131132212220032101223123302313302220
000000010200010011001020203010112010111020303111021202012112031301303021312223131132212220032101223123302313302221
000000010200010011001020203010112010111020303111021202012112031301303021312223131132212220032101223123302313302222
000000010200010011001020203010112010111020303111021202012112031301303021312223131132212220032101223123302313302223
000000010200010011001020203010112010111020303111021202012112031301303021312223131132212220032101223123302313302230
000000010200010011001020203010112010111020303111021202012112031301303021312223131132212220032101223123302313302231
000000010200010011001020203010112010111020303111021202012112031301303021312223131132212220032101223123302313302232
0000000102000100110010202030101120101110203031110212020121120313013030213122231311322122200321012231233023133022332
000000010200010011001020203010112010111020303111021202012112031301303021312223131132212220032101223123302313302233312
0000000102000100110010202030101120101110203031110212020121120313013030213122231311322122200321012231233023133022333132
0000000102000100110010202030101120101110203031110212020121120313013030213122231311322122200321012231233023133022333133
000000010200010011001020203010112010111020303111021202012112031301303021312223131132212220032101223123302313302233321
0000000102000100110010202030101120101110203031110212020121120313013030213122231311322122200321012231233023133022333223
000000010200010011001020203010112010111020303111021202012112031301303021312223131132212220032101223123302313302233323
000000010200010011001020203010112010111020303111021202012112031301303021312223131132212220032101223123302313302233330
000000010200010011001020203010112010111020303111021202012112031301303021312223131132212220032101223123302313302233331
000000010200010011001020203010112010111020303111021202012112031301303021312223131132212220032101223123302313302233332
000000010200010011001020203010112010111020303111021202012112031301303021312223131132212220032101223123302313302233333
0000000102000100110010202030101120101110203031110212020121120313013030213122231311322122200321012231233023133023
0000000102000100110010202030101120101110203031110212020121120313013030213122231311322122200321012231233023133030
0000000102000100110010202030101120101110203031110212020121120313013030213122231311322122200321012231233023133031
0000000102000100110010202030101120101110203031110212020121120313013030213122231311322122200321012231233023133032
0000000102000100110010202030101120101110203031110212020121120313013030213122231311322122200321012231233023133033
000000010200010011001020203010112010111020303111021202012112031301303021312223131132212220032101223123303
0000000102000100110010202030101120101110203031110212020121120313013030213122231311322122200321012231233112
0000000102000100110010202030101120101110203031110212020121120313013030213122231311322122200321012231233113
00000001020001001100102020301011201011102030311102120201211203130130302131222313113221222003210122312332
00000001020001001100102020301011201011102030311102120201211203130130302131222313113221222003210122312333
0000000102000100110010202030101120101110203031110212020121120313013030213122231311322122200321012232
0000000102000100110010202030101120101110203031110212020121120313013030213122231311322122200321012233
00000001020001001100102020301011201011102030311102120201211203130130302131222313113221223
000000010200010011001020203010112010111020303111021202012112031301303021312223131132213
0000000102000100110010202030101120101110203031110212020121120313013030213122231311323
0000000102000100110010202030101120101110203031110212020121120313013030213122231312
0000000102000100110010202030101120101110203031110212020121120313013030213122231313
00000001020001001100102020301011201011102030311102120201211203130130302132
00000001020001001100102020301011201011102030311102120201211203130130302133
000000010200010011001020203010112010111020303111021202012112031302
000000010200010011001020203010112010111020303111021202012112031303
00000001020001001100102020301011201011102030311102120202
00000001020001001100102020301011201011102030311102120203
00000001020001001100102020301011201011102030311102121
00000001020001001100102020301011201011102030311102122
00000001020001001100102020301011201011102030311102123
00000001020001001100102020301011201011103
00000001020001001100102020301011201011112
00000001020001001100102020301011201011113
00000001020001001100102020302
00000001020001001100102020303
3000000010201020100110100002030101120201110211010
3000000010201020100110100002030101120201110211011203021311203030
30000000102010201001101000020301011202011102110112030213112030312122130
30000000102010201001101000020301011202011102110112030213112030312122131300
30000000102010201001101000020301011202011102110112030213112030312122131301
30000000102010201001101000020301011202011102110112030213112030312122131302322
300000001020102010011010000203010112020111021101120302131120303121221313023231031320
300000001020102010011010000203010112020111021101120302131120303121221313023231031321
30000000102010201001101000020301011202011102110112030213112030312122131302323103132211
3000000010201020100110100002030101120201110211011203021311203031212213130232310313221221
3000000010201020100110100002030101120201110211011203021311203031212213130232310313221222003210122310
3000000010201020100110100002030101120201110211011203021311203031212213130232310313221222003210122311
3000000010201020100110100002030101120201110211011203021311203031212213130232310313221222003210122312
30000000102010201001101000020301011202011102110112030213112030312122131302323103132212220032101223133
3000000010201020100110100002030101120201110211011203021311203031212213130232310313221222003210122320
3000000010201020100110100002030101120201110211011203021311203031212213130232310313221222003210122321
300000001020102010011010000203010112020111021101120302131120303121221313023231031322122200321012232220
300000001020102010011010000203010112020111021101120302131120303121221313023231031322122200321012232221
300000001020102010011010000203010112020111021101120302131120303121221313023231031322122200321012232222
300000001020102010011010000203010112020111021101120302131120303121221313023231031322122200321012232223
300000001020102010011010000203010112020111021101120302131120303121221313023231031322122200321012232230
3000000010201020100110100002030101120201110211011203021311203031212213130232310313221222003210122322313301
3000000010201020100110100002030101120201110211011203021311203031212213130232310313221222003210122322313302312
30000000102010201001101000020301011202011102110112030213112030312122131302323103132212220032101223223133023131
300000001020102010011010000203010112020111021101120302131120303121221313023231031322122200321012232231330231322
30000000102010201001101000020301011202011102110112030213112030312122131302323103132212220032101223223133023132332
3000000010201020100110100002030101120201110211011203021311203031212213130232310313221222003210122322313302313233320
30000000102010201001101000020301011202011102110112030213112030312122131302323103132212220032101223223133023132333213302
30000000102010201001101000020301011202011102110112030213112030312122131302323103132212220032101223223133023132333213303
300000001020102010011010000203010112020111021101120302131120303121221313023231031322122200321012232231330231323332133112
3000000010201020100110100002030101120201110211011203021311203031212213130232310313221222003210122322313302313233321331132
3000000010201020100110100002030101120201110211011203021311203031212213130232310313221222003210122322313302313233321331133
3000000010201020100110100002030101120201110211011203021311203031212213130232310313221222003210122322313302313233321332
3000000010201020100110100002030101120201110211011203021311203031212213130232310313221222003210122322313302313233321333
30000000102010201001101000020301011202011102110112030213112030312122131302323103132212220032101223223133023132333223
3000000010201020100110100002030101120201110211011203021311203031212213130232310313221222003210122322313302313233323
3000000010201020100110100002030101120201110211011203021311203031212213130232310313221222003210122322313302313233330
3000000010201020100110100002030101120201110211011203021311203031212213130232310313221222003210122322313302313233331
3000000010201020100110100002030101120201110211011203021311203031212213130232310313221222003210122322313302313233332
3000000010201020100110100002030101120201110211011203021311203031212213130232310313221222003210122322313302313233333
30000000102010201001101000020301011202011102110112030213112030312122131302323103132212220032101223223133030
30000000102010201001101000020301011202011102110112030213112030312122131302323103132212220032101223223133031
30000000102010201001101000020301011202011102110112030213112030312122131302323103132212220032101223223133032
30000000102010201001101000020301011202011102110112030213112030312122131302323103132212220032101223223133033
300000001020102010011010000203010112020111021101120302131120303121221313023231031322122200321012233
3000000010201020100110100002030101120201110211011203021311203031212213130232310313221223
30000000102010201001101000020301011202011102110112030213112030312122131302323103132213
300000001020102010011010000203010112020111021101120302131120303121221313023231031323
3000000010201020100110100002030101120201110211011203021311203031212213130232311
3000000010201020100110100002030101120201110211011203021311203031212213130232312
3000000010201020100110100002030101120201110211011203021311203031212213130232313
30000000102010201001101000020301011202011102110112030213112030312122131303
300000001020102010011010000203010112020111021101120302132
300000001020102010011010000203010112020111021101120302133
300000001020102010011010000203010112020111021101121
300000001020102010011010000203010112020111021101122
300000001020102010011010000203010112020111021101123
300000001020102010011010000203010112020111021102
300000001020102010011010000203010112020111021103
300000001020102010011010000203010112020111021112
300000001020102010011010000203010112020111021113
3000000010201020100110100002030101120202
3000000010201020100110100002030101120203
30000000102010201001101000020302
30000000102010201001101000020303
2000000010201020100110100002030101120201110211010
2000000010201020100110100002030101120201110211011211203030
20000000102010201001101000020301011202011102110112112030312122130302130
20000000102010201001101000020301011202011102110112112030312122130302131300
20000000102010201001101000020301011202011102110112112030312122130302131301
2000000010201020100110100002030101120201110211011211203031212213030213130231
20000000102010201001101000020301011202011102110112112030312122130302131302322
200000001020102010011010000203010112020111021101121120303121221303021313023231031320
200000001020102010011010000203010112020111021101121120303121221303021313023231031321
20000000102010201001101000020301011202011102110112112030312122130302131302323103132211
2000000010201020100110100002030101120201110211011211203031212213030213130232310313221221
2000000010201020100110100002030101120201110211011211203031212213030213130232310313221222003210122310
2000000010201020100110100002030101120201110211011211203031212213030213130232310313221222003210122311
2000000010201020100110100002030101120201110211011211203031212213030213130232310313221222003210122312
20000000102010201001101000020301011202011102110112112030312122130302131302323103132212220032101223133
2000000010201020100110100002030101120201110211011211203031212213030213130232310313221222003210122320
2000000010201020100110100002030101120201110211011211203031212213030213130232310313221222003210122321
200000001020102010011010000203010112020111021101121120303121221303021313023231031322122200321012232220
200000001020102010011010000203010112020111021101121120303121221303021313023231031322122200321012232221
200000001020102010011010000203010112020111021101121120303121221303021313023231031322122200321012232222
200000001020102010011010000203010112020111021101121120303121221303021313023231031322122200321012232223
200000001020102010011010000203010112020111021101121120303121221303021313023231031322122200321012232230
2000000010201020100110100002030101120201110211011211203031212213030213130232310313221222003210122322313301
2000000010201020100110100002030101120201110211011211203031212213030213130232310313221222003210122322313302312
20000000102010201001101000020301011202011102110112112030312122130302131302323103132212220032101223223133023131
200000001020102010011010000203010112020111021101121120303121221303021313023231031322122200321012232231330231322
20000000102010201001101000020301011202011102110112112030312122130302131302323103132212220032101223223133023132332
2000000010201020100110100002030101120201110211011211203031212213030213130232310313221222003210122322313302313233320
20000000102010201001101000020301011202011102110112112030312122130302131302323103132212220032101223223133023132333213302
20000000102010201001101000020301011202011102110112112030312122130302131302323103132212220032101223223133023132333213303
200000001020102010011010000203010112020111021101121120303121221303021313023231031322122200321012232231330231323332133112
2000000010201020100110100002030101120201110211011211203031212213030213130232310313221222003210122322313302313233321331132
2000000010201020100110100002030101120201110211011211203031212213030213130232310313221222003210122322313302313233321331133
2000000010201020100110100002030101120201110211011211203031212213030213130232310313221222003210122322313302313233321332
2000000010201020100110100002030101120201110211011211203031212213030213130232310313221222003210122322313302313233321333
20000000102010201001101000020301011202011102110112112030312122130302131302323103132212220032101223223133023132333223
2000000010201020100110100002030101120201110211011211203031212213030213130232310313221222003210122322313302313233323
2000000010201020100110100002030101120201110211011211203031212213030213130232310313221222003210122322313302313233330
2000000010201020100110100002030101120201110211011211203031212213030213130232310313221222003210122322313302313233331
2000000010201020100110100002030101120201110211011211203031212213030213130232310313221222003210122322313302313233332
2000000010201020100110100002030101120201110211011211203031212213030213130232310313221222003210122322313302313233333
20000000102010201001101000020301011202011102110112112030312122130302131302323103132212220032101223223133030
20000000102010201001101000020301011202011102110112112030312122130302131302323103132212220032101223223133031
20000000102010201001101000020301011202011102110112112030312122130302131302323103132212220032101223223133032
20000000102010201001101000020301011202011102110112112030312122130302131302323103132212220032101223223133033
200000001020102010011010000203010112020111021101121120303121221303021313023231031322122200321012233
2000000010201020100110100002030101120201110211011211203031212213030213130232310313221223
20000000102010201001101000020301011202011102110112112030312122130302131302323103132213
200000001020102010011010000203010112020111021101121120303121221303021313023231031323
2000000010201020100110100002030101120201110211011211203031212213030213130232311
2000000010201020100110100002030101120201110211011211203031212213030213130232312
2000000010201020100110100002030101120201110211011211203031212213030213130232313
20000000102010201001101000020301011202011102110112112030312122130302131303
20000000102010201001101000020301011202011102110112112030312122130302132
20000000102010201001101000020301011202011102110112112030312122130302133
200000001020102010011010000203010112020111021101122
200000001020102010011010000203010112020111021101123
200000001020102010011010000203010112020111021102
200000001020102010011010000203010112020111021103
200000001020102010011010000203010112020111021112
200000001020102010011010000203010112020111021113
2000000010201020100110100002030101120202
2000000010201020100110100002030101120203
20000000102010201001101000020302
20000000102010201001101000020303
