20000001001020100112002102030
200000010010201001120021020311003012030
200000010010201001120021020311003012031300
200000010010201001120021020311003012031301321
200000010010201001120021020311003012031301322311010
20000001001020100112002102031100301203130132231101110
20000001001020100112002102031100301203130132231101111
2000000100102010011200210203110030120313013223110111220230121332102
2000000100102010011200210203110030120313013223110111220230121332103310
2000000100102010011200210203110030120313013223110111220230121332103311
2000000100102010011200210203110030120313013223110111220230121332103312
2000000100102010011200210203110030120313013223110111220230121332103313
20000001001020100112002102031100301203130132231101112202301213321033201
20000001001020100112002102031100301203130132231101112202301213321033202
20000001001020100112002102031100301203130132231101112202301213321033203
2000000100102010011200210203110030120313013223110111220230121332103321202
2000000100102010011200210203110030120313013223110111220230121332103321203
200000010010201001120021020311003012031301322311011122023012133210332121130221
20000001001020100112002102031100301203130132231101112202301213321033212113022232
20000001001020100112002102031100301203130132231101112202301213321033212113022233
20000001001020100112002102031100301203130132231101112202301213321033212113022303
200000010010201001120021020311003012031301322311011122023012133210332121130223112
20000001001020100112002102031100301203130132231101112202301213321033212113022311320
20000001001020100112002102031100301203130132231101112202301213321033212113022311321330
200000010010201001120021020311003012031301322311011122023012133210332121130223113213312
200000010010201001120021020311003012031301322311011122023012133210332121130223113213313
20000001001020100112002102031100301203130132231101112202301213321033212113022311321332
20000001001020100112002102031100301203130132231101112202301213321033212113022311321333
200000010010201001120021020311003012031301322311011122023012133210332121130223113220
200000010010201001120021020311003012031301322311011122023012133210332121130223113221
200000010010201001120021020311003012031301322311011122023012133210332121130223113222230
200000010010201001120021020311003012031301322311011122023012133210332121130223113222231
200000010010201001120021020311003012031301322311011122023012133210332121130223113222232330
200000010010201001120021020311003012031301322311011122023012133210332121130223113222232331
200000010010201001120021020311003012031301322311011122023012133210332121130223113222232332
200000010010201001120021020311003012031301322311011122023012133210332121130223113222232333
200000010010201001120021020311003012031301322311011122023012133210332121130223113222233
2000000100102010011200210203110030120313013223110111220230121332103321211302231132223
20000001001020100112002102031100301203130132231101112202301213321033212113022312
20000001001020100112002102031100301203130132231101112202301213321033212113022313
2000000100102010011200210203110030120313013223110111220230121332103321211303
200000010010201001120021020311003012031301322311011122023012133210332121131
2000000100102010011200210203110030120313013223110111220230121332103321211322
2000000100102010011200210203110030120313013223110111220230121332103321211323
200000010010201001120021020311003012031301322311011122023012133210332121133
20000001001020100112002102031100301203130132231101112202301223
20000001001020100112002102031100301203130132231102
20000001001020100112002102031100301203130132231103
20000001001020100112002102031100301203131
20000001001020100112002102031100301203132
20000001001020100112002102031100301203133
2000000100102010011200210203110030121
2000000100102010011200210203110030122
2000000100102010011200210203110030123
2000000100102010011200210203111
2000000100102010011200210203112
2000000100102010011200210203113
20000001001020101
20000001001020102
20000001001020103
3000000101001020201120021030110100030
30000001010010202011200210301101000312030
30000001010010202011200210301101000312031300
30000001010010202011200210301101000312031301321
3000000101001020201120021030110100031203130132231110
3000000101001020201120021030110100031203130132231111
300000010100102020112002103011010003120313013223111220230202
30000001010010202011200210301101000312031301322311122023020332102
30000001010010202011200210301101000312031301322311122023020332103310
30000001010010202011200210301101000312031301322311122023020332103311
30000001010010202011200210301101000312031301322311122023020332103312
30000001010010202011200210301101000312031301322311122023020332103313
300000010100102020112002103011010003120313013223111220230203321033201
300000010100102020112002103011010003120313013223111220230203321033202
300000010100102020112002103011010003120313013223111220230203321033203
300000010100102020112002103011010003120313013223111220230203321033210
30000001010010202011200210301101000312031301322311122023020332103321120121131
3000000101001020201120021030110100031203130132231112202302033210332112012113220
3000000101001020201120021030110100031203130132231112202302033210332112012113221221
300000010100102020112002103011010003120313013223111220230203321033211201211322122232
300000010100102020112002103011010003120313013223111220230203321033211201211322122233
300000010100102020112002103011010003120313013223111220230203321033211201211322122303
300000010100102020112002103011010003120313013223111220230203321033211201211322122311320
300000010100102020112002103011010003120313013223111220230203321033211201211322122311321330
3000000101001020201120021030110100031203130132231112202302033210332112012113221223113213312
3000000101001020201120021030110100031203130132231112202302033210332112012113221223113213313
300000010100102020112002103011010003120313013223111220230203321033211201211322122311321332
300000010100102020112002103011010003120313013223111220230203321033211201211322122311321333
3000000101001020201120021030110100031203130132231112202302033210332112012113221223113222230
3000000101001020201120021030110100031203130132231112202302033210332112012113221223113222231
3000000101001020201120021030110100031203130132231112202302033210332112012113221223113222232330
3000000101001020201120021030110100031203130132231112202302033210332112012113221223113222232331
3000000101001020201120021030110100031203130132231112202302033210332112012113221223113222232332
3000000101001020201120021030110100031203130132231112202302033210332112012113221223113222232333
3000000101001020201120021030110100031203130132231112202302033210332112012113221223113222233
30000001010010202011200210301101000312031301322311122023020332103321120121132212231132223
300000010100102020112002103011010003120313013223111220230203321033211201211322122312
300000010100102020112002103011010003120313013223111220230203321033211201211322122313
300000010100102020112002103011010003120313013223111220230203321033211201211323
30000001010010202011200210301101000312031301322311122023020332103321120121133
300000010100102020112002103011010003120313013223111220230203321033211202
300000010100102020112002103011010003120313013223111220230203321033211203
300000010100102020112002103011010003120313013223111220230203321033211213
300000010100102020112002103011010003120313013223111220230203321033211223
3000000101001020201120021030110100031203130132231112202303
3000000101001020201120021030110100031203131
3000000101001020201120021030110100031203132
3000000101001020201120021030110100031203133
300000010100102020112002103011010003121
300000010100102020112002103011010003122
300000010100102020112002103011010003123
3000000101001020201120021030111
3000000101001020201120021030112
3000000101001020201120021030113
300000010101
300000010102
300000010103
0000001001020100112002102030
00000010010201001120021020311003012030
00000010010201001120021020311003012031300
00000010010201001120021020311003012031301321
00000010010201001120021020311003012031301322311010
0000001001020100112002102031100301203130132231101110
0000001001020100112002102031100301203130132231101111
000000100102010011200210203110030120313013223110111220230120202
000000100102010011200210203110030120313013223110111220230120203210
000000100102010011200210203110030120313013223110111220230120203211202
0000001001020100112002102031100301203130132231101112202301202032112033310
0000001001020100112002102031100301203130132231101112202301202032112033311
0000001001020100112002102031100301203130132231101112202301202032112033312
0000001001020100112002102031100301203130132231101112202301202032112033313
00000010010201001120021020311003012031301322311011122023012020321120333201
00000010010201001120021020311003012031301322311011122023012020321120333202
00000010010201001120021020311003012031301322311011122023012020321120333203
000000100102010011200210203110030120313013223110111220230120203211203332121130221
00000010010201001120021020311003012031301322311011122023012020321120333212113022232
00000010010201001120021020311003012031301322311011122023012020321120333212113022233
00000010010201001120021020311003012031301322311011122023012020321120333212113022303
0000001001020100112002102031100301203130132231101112202301202032112033321211302231220
00000010010201001120021020311003012031301322311011122023012020321120333212113022312213221330
000000100102010011200210203110030120313013223110111220230120203211203332121130223122132213312
000000100102010011200210203110030120313013223110111220230120203211203332121130223122132213313
00000010010201001120021020311003012031301322311011122023012020321120333212113022312213221332
00000010010201001120021020311003012031301322311011122023012020321120333212113022312213221333
000000100102010011200210203110030120313013223110111220230120203211203332121130223122132223
0000001001020100112002102031100301203130132231101112202301202032112033321211302231221322330
0000001001020100112002102031100301203130132231101112202301202032112033321211302231221322331
0000001001020100112002102031100301203130132231101112202301202032112033321211302231221322332
0000001001020100112002102031100301203130132231101112202301202032112033321211302231221322333
00000010010201001120021020311003012031301322311011122023012020321120333212113022312213230
00000010010201001120021020311003012031301322311011122023012020321120333212113022312213231
00000010010201001120021020311003012031301322311011122023012020321120333212113022312213232
00000010010201001120021020311003012031301322311011122023012020321120333212113022312213233
00000010010201001120021020311003012031301322311011122023012020321120333212113022313
0000001001020100112002102031100301203130132231101112202301202032112033321211303
000000100102010011200210203110030120313013223110111220230120203211203332121131
0000001001020100112002102031100301203130132231101112202301202032112033321211322
0000001001020100112002102031100301203130132231101112202301202032112033321211323
000000100102010011200210203110030120313013223110111220230120203211203332121133
0000001001020100112002102031100301203130132231101112202301203
0000001001020100112002102031100301203130132231101112202301213
0000001001020100112002102031100301203130132231101112202301223
0000001001020100112002102031100301203131
0000001001020100112002102031100301203132
0000001001020100112002102031100301203133
000000100102010011200210203110030121
000000100102010011200210203110030122
000000100102010011200210203110030123
000000100102010011200210203111
000000100102010011200210203112
000000100102010011200210203113
0000001001020101
0000001001020102
0000001001020103
10001000201001030112002102030
1000100020100103011200210203110030120
1000100020100103011200210203110030121321300
1000100020100103011200210203110030121321301
1000100020100103011200210203110030121321302203311000
1000100020100103011200210203110030121321302203311001
1000100020100103011200210203110030121321302203311002232102
100010002010010301120021020311003012132130220331100223210330111
100010002010010301120021020311003012132130220331100223210330112310
100010002010010301120021020311003012132130220331100223210330112311
100010002010010301120021020311003012132130220331100223210330112312
100010002010010301120021020311003012132130220331100223210330112313
1000100020100103011200210203110030121321302203311002232103301123203
1000100020100103011200210203110030121321302203311002232103301123210
1000100020100103011200210203110030121321302203311002232103301123211201202
1000100020100103011200210203110030121321302203311002232103301123211201203
100010002010010301120021020311003012132130220331100223210330112321120121130221
10001000201001030112002102031100301213213022033110022321033011232112012113022231
10001000201001030112002102031100301213213022033110022321033011232112012113022232
10001000201001030112002102031100301213213022033110022321033011232112012113022233
1000100020100103011200210203110030121321302203311002232103301123211201211302230
100010002010010301120021020311003012132130220331100223210330112321120121130223112
10001000201001030112002102031100301213213022033110022321033011232112012113022311320
10001000201001030112002102031100301213213022033110022321033011232112012113022311321330
100010002010010301120021020311003012132130220331100223210330112321120121130223113213312
100010002010010301120021020311003012132130220331100223210330112321120121130223113213313
10001000201001030112002102031100301213213022033110022321033011232112012113022311321332
10001000201001030112002102031100301213213022033110022321033011232112012113022311321333
100010002010010301120021020311003012132130220331100223210330112321120121130223113220
100010002010010301120021020311003012132130220331100223210330112321120121130223113221
100010002010010301120021020311003012132130220331100223210330112321120121130223113222230
100010002010010301120021020311003012132130220331100223210330112321120121130223113222231
100010002010010301120021020311003012132130220331100223210330112321120121130223113222232330
100010002010010301120021020311003012132130220331100223210330112321120121130223113222232331
100010002010010301120021020311003012132130220331100223210330112321120121130223113222232332
100010002010010301120021020311003012132130220331100223210330112321120121130223113222232333
100010002010010301120021020311003012132130220331100223210330112321120121130223113222233
1000100020100103011200210203110030121321302203311002232103301123211201211302231132223
10001000201001030112002102031100301213213022033110022321033011232112012113022312
10001000201001030112002102031100301213213022033110022321033011232112012113022313
1000100020100103011200210203110030121321302203311002232103301123211201211303
100010002010010301120021020311003012132130220331100223210330112321120121131
1000100020100103011200210203110030121321302203311002232103301123211201211322
1000100020100103011200210203110030121321302203311002232103301123211201211323
100010002010010301120021020311003012132130220331100223210330112321120121133
1000100020100103011200210203110030121321302203311002232103301123211202
1000100020100103011200210203110030121321302203311002232103301123211203
1000100020100103011200210203110030121321302203311002232103301123211213
1000100020100103011200210203110030121321302203311002232103301123211223
100010002010010301120021020311003012132131
100010002010010301120021020311003012132132
100010002010010301120021020311003012132133
1000100020100103011200210203110030122
1000100020100103011200210203110030123
1000100020100103011200210203111
1000100020100103011200210203112
1000100020100103011200210203113
1000100020101
1000100020102
1000100020103
