000100100110200010001120202001020021210010302001030303011030
00010010011020001000112020200102002121001030200103030301103120111021030210112113130220311120120
000100100110200010001120202001020021210010302001030303011031201110210302101121131302203111201211223021130
000100100110200010001120202001020021210010302001030303011031201110210302101121131302203111201211223021131
00010010011020001000112020200102002121001030200103030301103120111021030210112113130220311120121122302113220
00010010011020001000112020200102002121001030200103030301103120111021030210112113130220311120121122302113221
000100100110200010001120202001020021210010302001030303011031201110210302101121131302203111201211223021132223022212320
000100100110200010001120202001020021210010302001030303011031201110210302101121131302203111201211223021132223022212321
0001001001102000100011202020010200212100103020010303030110312011102103021011211313022031112012112230211322230222123223330
0001001001102000100011202020010200212100103020010303030110312011102103021011211313022031112012112230211322230222123223331312231
0001001001102000100011202020010200212100103020010303030110312011102103021011211313022031112012112230211322230222123223331312232
0001001001102000100011202020010200212100103020010303030110312011102103021011211313022031112012112230211322230222123223331312233
00010010011020001000112020200102002121001030200103030301103120111021030210112113130220311120121122302113222302221232233313123232
00010010011020001000112020200102002121001030200103030301103120111021030210112113130220311120121122302113222302221232233313123233
000100100110200010001120202001020021210010302001030303011031201110210302101121131302203111201211223021132223022212322333131233
000100100110200010001120202001020021210010302001030303011031201110210302101121131302203111201211223021132223022212322333131312
0001001001102000100011202020010200212100103020010303030110312011102103021011211313022031112012112230211322230222123223331313132
00010010011020001000112020200102002121001030200103030301103120111021030210112113130220311120121122302113222302221232233313131331131322
00010010011020001000112020200102002121001030200103030301103120111021030210112113130220311120121122302113222302221232233313131331131323
0001001001102000100011202020010200212100103020010303030110312011102103021011211313022031112012112230211322230222123223331313133113133
00010010011020001000112020200102002121001030200103030301103120111021030210112113130220311120121122302113222302221232233313131331132
00010010011020001000112020200102002121001030200103030301103120111021030210112113130220311120121122302113222302221232233313131331133
00010010011020001000112020200102002121001030200103030301103120111021030210112113130220311120121122302113222302221232233313131331230
00010010011020001000112020200102002121001030200103030301103120111021030210112113130220311120121122302113222302221232233313131331231
00010010011020001000112020200102002121001030200103030301103120111021030210112113130220311120121122302113222302221232233313131331232
00010010011020001000112020200102002121001030200103030301103120111021030210112113130220311120121122302113222302221232233313131331233
000100100110200010001120202001020021210010302001030303011031201110210302101121131302203111201211223021132223022212322333131313313
000100100110200010001120202001020021210010302001030303011031201110210302101121131302203111201211223021132223022212322333131313321
000100100110200010001120202001020021210010302001030303011031201110210302101121131302203111201211223021132223022212322333131313322
000100100110200010001120202001020021210010302001030303011031201110210302101121131302203111201211223021132223022212322333131313323
0001001001102000100011202020010200212100103020010303030110312011102103021011211313022031112012112230211322230222123223331313133313
000100100110200010001120202001020021210010302001030303011031201110210302101121131302203111201211223021132223022212322333131313332232
000100100110200010001120202001020021210010302001030303011031201110210302101121131302203111201211223021132223022212322333131313332233
000100100110200010001120202001020021210010302001030303011031201110210302101121131302203111201211223021132223022212322333131313333
000100100110200010001120202001020021210010302001030303011031201110210302101121131302203111201211223021132223022213
00010010011020001000112020200102002121001030200103030301103120111021030210112113130220311120121122302113222303
00010010011020001000112020200102002121001030200103030301103120111021030210112113130220311120121122303
00010010011020001000112020200102002121001030200103030301103120111021030210112113130221
00010010011020001000112020200102002121001030200103030301103120111021030210112113130222
00010010011020001000112020200102002121001030200103030301103120111021030210112113130223
000100100110200010001120202001020021210010302001030303011031201110210302101121131303
0001001001102000100011202020010200212100103020010303030110312011102103021011212
0001001001102000100011202020010200212100103020010303030110312011102103021011213
000100100110200010001120202001020021210010302001030303011031201110210303
000100100110200010001120202001020021210010302002
000100100110200010001120202001020021210010302003
1000001101020001000201020200102003011200103030211112121003011030
1000001101020001000201020200102003011200103030211112121003011031201110210302101311203111201213021130
100000110102000100020102020010200301120010303021111212100301103120111021030210131120311120121302113130220
100000110102000100020102020010200301120010303021111212100301103120111021030210131120311120121302113130221
100000110102000100020102020010200301120010303021111212100301103120111021030210131120311120121302113130222231220
10000011010200010002010202001020030112001030302111121210030110312011102103021013112031112012130211313022223122131
1000001101020001000201020200102003011200103030211112121003011031201110210302101311203111201213021131302222312213220
1000001101020001000201020200102003011200103030211112121003011031201110210302101311203111201213021131302222312213221
1000001101020001000201020200102003011200103030211112121003011031201110210302101311203111201213021131302222312213222301
1000001101020001000201020200102003011200103030211112121003011031201110210302101311203111201213021131302222312213222302221232232
100000110102000100020102020010200301120010303021111212100301103120111021030210131120311120121302113130222231221322230222123223330
10000011010200010002010202001020030112001030302111121210030110312011102103021013112031112012130211313022223122132223022212322333132231
10000011010200010002010202001020030112001030302111121210030110312011102103021013112031112012130211313022223122132223022212322333132232
10000011010200010002010202001020030112001030302111121210030110312011102103021013112031112012130211313022223122132223022212322333132233
100000110102000100020102020010200301120010303021111212100301103120111021030210131120311120121302113130222231221322230222123223331323232
100000110102000100020102020010200301120010303021111212100301103120111021030210131120311120121302113130222231221322230222123223331323233
1000001101020001000201020200102003011200103030211112121003011031201110210302101311203111201213021131302222312213222302221232233313233
10000011010200010002010202001020030112001030302111121210030110312011102103021013112031112012130211313022223122132223022212322333133
100000110102000100020102020010200301120010303021111212100301103120111021030210131120311120121302113130222231221322230222131230
100000110102000100020102020010200301120010303021111212100301103120111021030210131120311120121302113130222231221322230222131231
100000110102000100020102020010200301120010303021111212100301103120111021030210131120311120121302113130222231221322230222131232
1000001101020001000201020200102003011200103030211112121003011031201110210302101311203111201213021131302222312213222302221312332
1000001101020001000201020200102003011200103030211112121003011031201110210302101311203111201213021131302222312213222302221312333
1000001101020001000201020200102003011200103030211112121003011031201110210302101311203111201213021131302222312213222302221313
1000001101020001000201020200102003011200103030211112121003011031201110210302101311203111201213021131302222312213222302221321
1000001101020001000201020200102003011200103030211112121003011031201110210302101311203111201213021131302222312213222302221322
1000001101020001000201020200102003011200103030211112121003011031201110210302101311203111201213021131302222312213222302221323
10000011010200010002010202001020030112001030302111121210030110312011102103021013112031112012130211313022223122132223022213313
1000001101020001000201020200102003011200103030211112121003011031201110210302101311203111201213021131302222312213222302221332233
1000001101020001000201020200102003011200103030211112121003011031201110210302101311203111201213021131302222312213222302221333
1000001101020001000201020200102003011200103030211112121003011031201110210302101311203111201213021131302222312213222303
10000011010200010002010202001020030112001030302111121210030110312011102103021013112031112012130211313022223123
100000110102000100020102020010200301120010303021111212100301103120111021030210131120311120121302113130222231312
1000001101020001000201020200102003011200103030211112121003011031201110210302101311203111201213021131302222313132
1000001101020001000201020200102003011200103030211112121003011031201110210302101311203111201213021131302222313133
100000110102000100020102020010200301120010303021111212100301103120111021030210131120311120121302113130223
1000001101020001000201020200102003011200103030211112121003011031201110210302101311203111201213021131303
100000110102000100020102020010200301120010303021111212100301103120111021030210131120311120121303
1000001101020001000201020200102003011200103030211112121003011031201110210303
1000001101020001000201020200102003011200103030212
1000001101020001000201020200102003011200103030213
10000011010200010002010202001020030112002
10000011010200010002010202001020030112003
200010000000101021001020102020010200302001030303011030
20001000000010102100102010202001020030200103030301103120111021030210112111121212031112013021130
2000100000001010210010201020200102003020010303030110312011102103021011211112121203111201302113130220
200010000000101021001020102020010200302001030303011031201110210302101121111212120311120130211313022112131220
20001000000010102100102010202001020030200103030301103120111021030210112111121212031112013021131302211213122131
2000100000001010210010201020200102003020010303030110312011102103021011211112121203111201302113130221121312213220
2000100000001010210010201020200102003020010303030110312011102103021011211112121203111201302113130221121312213221
2000100000001010210010201020200102003020010303030110312011102103021011211112121203111201302113130221121312213222301
2000100000001010210010201020200102003020010303030110312011102103021011211112121203111201302113130221121312213222302221232232
200010000000101021001020102020010200302001030303011031201110210302101121111212120311120130211313022112131221322230222123223330
200010000000101021001020102020010200302001030303011031201110210302101121111212120311120130211313022112131221322230222123223331
20001000000010102100102010202001020030200103030301103120111021030210112111121212031112013021131302211213122132223022212322333232
20001000000010102100102010202001020030200103030301103120111021030210112111121212031112013021131302211213122132223022212322333233
200010000000101021001020102020010200302001030303011031201110210302101121111212120311120130211313022112131221322230222123223333
200010000000101021001020102020010200302001030303011031201110210302101121111212120311120130211313022112131221322230222123231
200010000000101021001020102020010200302001030303011031201110210302101121111212120311120130211313022112131221322230222123232
200010000000101021001020102020010200302001030303011031201110210302101121111212120311120130211313022112131221322230222123233
200010000000101021001020102020010200302001030303011031201110210302101121111212120311120130211313022112131221322230222131131
2000100000001010210010201020200102003020010303030110312011102103021011211112121203111201302113130221121312213222302221311322322
2000100000001010210010201020200102003020010303030110312011102103021011211112121203111201302113130221121312213222302221311322323
200010000000101021001020102020010200302001030303011031201110210302101121111212120311120130211313022112131221322230222131132233
200010000000101021001020102020010200302001030303011031201110210302101121111212120311120130211313022112131221322230222131133
200010000000101021001020102020010200302001030303011031201110210302101121111212120311120130211313022112131221322230222131230
200010000000101021001020102020010200302001030303011031201110210302101121111212120311120130211313022112131221322230222131231
200010000000101021001020102020010200302001030303011031201110210302101121111212120311120130211313022112131221322230222131232
200010000000101021001020102020010200302001030303011031201110210302101121111212120311120130211313022112131221322230222131233
2000100000001010210010201020200102003020010303030110312011102103021011211112121203111201302113130221121312213222302221313
2000100000001010210010201020200102003020010303030110312011102103021011211112121203111201302113130221121312213222302221322
2000100000001010210010201020200102003020010303030110312011102103021011211112121203111201302113130221121312213222302221323
20001000000010102100102010202001020030200103030301103120111021030210112111121212031112013021131302211213122132223022213313
2000100000001010210010201020200102003020010303030110312011102103021011211112121203111201302113130221121312213222302221332233
2000100000001010210010201020200102003020010303030110312011102103021011211112121203111201302113130221121312213222302221333
2000100000001010210010201020200102003020010303030110312011102103021011211112121203111201302113130221121312213222303
20001000000010102100102010202001020030200103030301103120111021030210112111121212031112013021131302211213123
200010000000101021001020102020010200302001030303011031201110210302101121111212120311120130211313022112131312
2000100000001010210010201020200102003020010303030110312011102103021011211112121203111201302113130221121313132
2000100000001010210010201020200102003020010303030110312011102103021011211112121203111201302113130221121313133
2000100000001010210010201020200102003020010303030110312011102103021011211112121203111201302113130222
2000100000001010210010201020200102003020010303030110312011102103021011211112121203111201302113130223
20001000000010102100102010202001020030200103030301103120111021030210112111121212031112013021131303
2000100000001010210010201020200102003020010303030110312011102103021011211112121203111201303
2000100000001010210010201020200102003020010303030110312011102103021011212
2000100000001010210010201020200102003020010303030110312011102103021011213
200010000000101021001020102020010200302001030303011031201110210303
200010000000101021001020102020010200302002
200010000000101021001020102020010200302003
3000010010200010001020200102002030103020010311121003011030
30000100102000100010202001020020301030200103111210030110312011102103021011211213130220311120120
300001001020001000102020010200203010302001031112100301103120111021030210112112131302203111201211223021130
300001001020001000102020010200203010302001031112100301103120111021030210112112131302203111201211223021131
30000100102000100010202001020020301030200103111210030110312011102103021011211213130220311120121122302113220
30000100102000100010202001020020301030200103111210030110312011102103021011211213130220311120121122302113221
3000010010200010001020200102002030103020010311121003011031201110210302101121121313022031112012112230211322230131
3000010010200010001020200102002030103020010311121003011031201110210302101121121313022031112012112230211322230132
300001001020001000102020010200203010302001031112100301103120111021030210112112131302203111201211223021132223013320
300001001020001000102020010200203010302001031112100301103120111021030210112112131302203111201211223021132223013321
3000010010200010001020200102002030103020010311121003011031201110210302101121121313022031112012112230211322230133222212330
3000010010200010001020200102002030103020010311121003011031201110210302101121121313022031112012112230211322230133222212331312232
3000010010200010001020200102002030103020010311121003011031201110210302101121121313022031112012112230211322230133222212331312233
30000100102000100010202001020020301030200103111210030110312011102103021011211213130220311120121122302113222301332222123313123232
30000100102000100010202001020020301030200103111210030110312011102103021011211213130220311120121122302113222301332222123313123233
3000010010200010001020200102002030103020010311121003011031201110210302101121121313022031112012112230211322230133222212331312333
300001001020001000102020010200203010302001031112100301103120111021030210112112131302203111201211223021132223013322221233131312
3000010010200010001020200102002030103020010311121003011031201110210302101121121313022031112012112230211322230133222212331313132
30000100102000100010202001020020301030200103111210030110312011102103021011211213130220311120121122302113222301332222123313131331131322
30000100102000100010202001020020301030200103111210030110312011102103021011211213130220311120121122302113222301332222123313131331131323
3000010010200010001020200102002030103020010311121003011031201110210302101121121313022031112012112230211322230133222212331313133113133
30000100102000100010202001020020301030200103111210030110312011102103021011211213130220311120121122302113222301332222123313131331132
30000100102000100010202001020020301030200103111210030110312011102103021011211213130220311120121122302113222301332222123313131331133
30000100102000100010202001020020301030200103111210030110312011102103021011211213130220311120121122302113222301332222123313131331230
30000100102000100010202001020020301030200103111210030110312011102103021011211213130220311120121122302113222301332222123313131331231
30000100102000100010202001020020301030200103111210030110312011102103021011211213130220311120121122302113222301332222123313131331232
30000100102000100010202001020020301030200103111210030110312011102103021011211213130220311120121122302113222301332222123313131331233
300001001020001000102020010200203010302001031112100301103120111021030210112112131302203111201211223021132223013322221233131313313
300001001020001000102020010200203010302001031112100301103120111021030210112112131302203111201211223021132223013322221233131313321
300001001020001000102020010200203010302001031112100301103120111021030210112112131302203111201211223021132223013322221233131313322
300001001020001000102020010200203010302001031112100301103120111021030210112112131302203111201211223021132223013322221233131313323
30000100102000100010202001020020301030200103111210030110312011102103021011211213130220311120121122302113222301332222123313131333223
300001001020001000102020010200203010302001031112100301103120111021030210112112131302203111201211223021132223013322221233131313333
3000010010200010001020200102002030103020010311121003011031201110210302101121121313022031112012112230211322230133222213
3000010010200010001020200102002030103020010311121003011031201110210302101121121313022031112012112230211322230133223
30000100102000100010202001020020301030200103111210030110312011102103021011211213130220311120121122302113222302
30000100102000100010202001020020301030200103111210030110312011102103021011211213130220311120121122302113222303
30000100102000100010202001020020301030200103111210030110312011102103021011211213130220311120121122303
30000100102000100010202001020020301030200103111210030110312011102103021011211213130221
30000100102000100010202001020020301030200103111210030110312011102103021011211213130222
30000100102000100010202001020020301030200103111210030110312011102103021011211213130223
300001001020001000102020010200203010302001031112100301103120111021030210112112131303
30000100102000100010202001020020301030200103111210030110312011102103021011212
30000100102000100010202001020020301030200103111210030110312011102103021011213
3000010010200010001020200102002030103020010311121003011031201110210303
300001001020001000102020010200203010302002
300001001020001000102020010200203010302003
