000
010
0200
03000
001000000
00200
0030
011
012
013
0210
0220
0230
0201
0202
0203
0310
0320
033000
03010
03020
03030
03001
03002
03003
00110
00120
00130
001010
001020
001030
0010010
00100200
0010030
00100010
00100020
00100030
001000010
001000020
001000030
001000001
001000002
001000003
00210
00220
00230
00201
00202
00203
0031
0032
0033
0211
0212
0213
0221
0222
0223
0231
0232
0233
0311
0312
0313
0321
0322
0323
03310
03320
03330
033010
033020
033030
033001
033002
033003
03011
03012
03013
03021
03022
03023
03031
03032
03033
00111
00112
00113
00121
00122
00123
00131
00132
00133
001011
001012
001013
001021
001022
001023
001031
001032
001033
0010011
0010012
0010013
00100210
00100220
00100230
00100201
00100202
00100203
0010031
0010032
0010033
00100011
00100012
00100013
00100021
00100022
00100023
00100031
00100032
00100033
001000011
001000012
001000013
001000021
001000022
001000023
001000031
001000032
001000033
00211
00212
00213
00221
00222
00223
00231
00232
00233
03311
03312
03313
03321
03322
03323
03331
03332
03333
033011
033012
033013
033021
033022
033023
033031
033032
033033
00100211
00100212
00100213
00100221
00100222
00100223
00100231
00100232
00100233
20000000
2100000
220
2300
20100
20200
2030
20010
20020
20030
200010
200020
200030
2000010
2000020
2000030
20000010
20000020
20000030
20000001
20000002
20000003
2110
2120
21300
21010
21020
21030
210010
21002
210030
2100010
2100020
2100030
2100001
2100002
2100003
221
222
223
2310
2320
2330
2301
2302
2303
20110
20120
20130
20101
20102
20103
20210
20220
20230
20201
20202
20203
2031
2032
2033
20011
20012
20013
20021
20022
20023
20031
20032
20033
200011
200012
200013
200021
200022
200023
200031
200032
200033
2000011
2000012
2000013
2000021
2000022
2000023
2000031
2000032
2000033
20000011
20000012
20000013
20000021
20000022
20000023
20000031
20000032
20000033
2111
2112
2113
2121
2122
2123
21310
21320
21330
21301
21302
21303
21011
21012
21013
21021
21022
21023
21031
21032
21033
210011
210012
210013
210031
210032
210033
2100011
2100012
2100013
2100021
2100022
2100023
2100031
2100032
2100033
2311
2312
2313
2321
2322
2323
2331
2332
2333
20111
20112
20113
20121
20122
20123
20131
20132
20133
20211
20212
20213
20221
20222
20223
20231
20232
20233
21311
21312
21313
21321
21322
21323
21331
21332
21333
1000000
110000
1200
130
1010
1020
1030
10010
100200
10030
100010
10002000
100030
1000010
1000020
1000030
1000001
1000002
1000003
1110
1120
1130
1101
110200
11030
110010
110020
110030
110001
110002
110003
1210
1220
12300
1201
1202
1203
131
132
133
1011
1012
1013
1021
1022
1023
1031
1032
1033
10011
10012
10013
100210
100220
100230
100201
100202
100203
10031
10032
10033
100011
100012
100013
1000210
1000220
1000230
10002010
10002020
10002030
10002001
10002002
10002003
100031
100032
100033
1000011
1000012
1000013
1000021
1000022
1000023
1000031
1000032
1000033
1111
1112
1113
1121
1122
1123
1131
1132
1133
110210
110220
110230
110201
110202
110203
11031
11032
11033
110011
110012
110013
110021
110022
110023
110031
110032
110033
1211
1212
1213
1221
1222
1223
12310
12320
12330
12301
12302
12303
100211
100212
100213
100221
100222
100223
100231
100232
100233
1000211
1000212
1000213
1000221
1000222
1000223
1000231
1000232
1000233
10002011
10002012
10002013
10002021
10002022
10002023
10002031
10002032
10002033
110211
110212
110213
110221
110222
110223
110231
110232
110233
12311
12312
12313
12321
12322
12323
12331
12332
12333
30000
3100
3200000
330
3010
3020
3030
30010
30020
30030
30001
30002
30003
3110
3120
31300
3101
3102
3103
3210
322000
323000
320100
32020
32030
320010
320020
32003
3200010
3200020
3200030
3200001
3200002
3200003
331
332
333
3011
3012
3013
3021
3022
3023
3031
3032
3033
30011
30012
30013
30021
30022
30023
30031
30032
30033
3111
3112
3113
3121
3122
3123
31310
31320
31330
31301
31302
31303
3211
3212
3213
32210
32220
32230
322010
322020
322030
322001
322002
322003
32310
32320
32330
323010
323020
323030
323001
323002
323003
320110
320120
320130
320101
320102
320103
32021
32022
32023
32031
32032
32033
320011
320012
320013
320021
320022
320023
3200011
3200012
3200013
3200021
3200022
3200023
3200031
3200032
3200033
31311
31312
31313
31321
31322
31323
31331
31332
31333
32211
32212
32213
32221
32222
32223
32231
32232
32233
322011
322012
322013
322021
322022
322023
322031
322032
322033
32311
32312
32313
32321
32322
32323
32331
32332
32333
323011
323012
323013
323021
323022
323023
323031
323032
323033
320111
320112
320113
320121
320122
320123
320131
320132
320133
