00010100020203011213031100
00010100020203011213031101
000101000202030112130311022321202
000101000202030112130311022321203310
00010100020203011213031102232120331120
00010100020203011213031102232120331121
00010100020203011213031102232120331122
00010100020203011213031102232120331123
000101000202030112130311022321203311303
0001010002020301121303110223212033113100
0001010002020301121303110223212033113101
0001010002020301121303110223212033113102
0001010002020301121303110223212033113103
0001010002020301121303110223212033113110
000101000202030112130311022321203311311120
000101000202030112130311022321203311311121220
00010100020203011213031102232120331131112122130
0001010002020301121303110223212033113111212213132230
0001010002020301121303110223212033113111212213132231
0001010002020301121303110223212033113111212213132232
0001010002020301121303110223212033113111212213132233233
00010100020203011213031102232120331131112122131322333
00010100020203011213031102232120332
00010100020203011213031102232120333
00010100020203011213031102232121
00010100020203011213031102232122
00010100020203011213031102232123
00010100020203011213031102232130
00010100020203011213031102232131
00010100020203011213031102232132
00010100020203011213031102232133
0001010002020301121303110223223
0001010002020301121303111
0001010002020301121303112
0001010002020301121303113
00010101
00010102
00010103
10000011002010301120
10000011002010301121302231202
1000001100201030112130223120321300
1000001100201030112130223120321301
1000001100201030112130223120321302
1000001100201030112130223120321303310
100000110020103011213022312032130331120
100000110020103011213022312032130331121
100000110020103011213022312032130331122
100000110020103011213022312032130331123
1000001100201030112130223120321303311301
1000001100201030112130223120321303311302
1000001100201030112130223120321303311303
1000001100201030112130223120321303311310
10000011002010301121302231203213033113110
1000001100201030112130223120321303311311120
1000001100201030112130223120321303311311121220
100000110020103011213022312032130331131112122130
10000011002010301121302231203213033113111212213132230
10000011002010301121302231203213033113111212213132231
10000011002010301121302231203213033113111212213132232
10000011002010301121302231203213033113111212213132233233
100000110020103011213022312032130331131112122131322333
100000110020103011213022312032130332
100000110020103011213022312032130333
100000110020103011213022312032131
100000110020103011213022312032132
100000110020103011213022312032133
10000011002010301121302231203223
1000001100201030112130223121
1000001100201030112130223122
1000001100201030112130223123
10000011002010301121303
100000111
100000112
100000113
101
102
103
200010100021100301120
200010100021100301121302231202
20001010002110030112130223120322310
2000101000211003011213022312032231120
2000101000211003011213022312032231121
2000101000211003011213022312032231122
200010100021100301121302231203223112332
20001010002110030112130223120322311233301
20001010002110030112130223120322311233302
20001010002110030112130223120322311233303
200010100021100301121302231203223112333100
200010100021100301121302231203223112333101
200010100021100301121302231203223112333102
200010100021100301121302231203223112333103
200010100021100301121302231203223112333110
20001010002110030112130223120322311233311120
20001010002110030112130223120322311233311121220
2000101000211003011213022312032231123331112122130
200010100021100301121302231203223112333111212213132230
20001010002110030112130223120322311233311121221313223132332
200010100021100301121302231203223112333111212213132231323333
20001010002110030112130223121
20001010002110030112130223122
20001010002110030112130223123
20001010002110030112130223130
20001010002110030112130223131
20001010002110030112130223132
20001010002110030112130223133
200010100021100301121303
20001010002111
20001010002112
20001010002113
200010101
200010102
200010103
300001001020112031021302231100
300001001020112031021302231101
300001001020112031021302231102
30000100102011203102130223110321203320
30000100102011203102130223110321203321
30000100102011203102130223110321203322
30000100102011203102130223110321203323
30000100102011203102130223110321203330
3000010010201120310213022311032120333100
3000010010201120310213022311032120333101
3000010010201120310213022311032120333102
3000010010201120310213022311032120333103
3000010010201120310213022311032120333110
300001001020112031021302231103212033311120
300001001020112031021302231103212033311121220
30000100102011203102130223110321203331112122130
3000010010201120310213022311032120333111212213132230
300001001020112031021302231103212033311121221313223112
3000010010201120310213022311032120333111212213132231132332
30000100102011203102130223110321203331112122131322311323333
3000010010201120310213022311032121
3000010010201120310213022311032122
3000010010201120310213022311032123
3000010010201120310213022311032130
3000010010201120310213022311032131
3000010010201120310213022311032132
3000010010201120310213022311032133
300001001020112031021302231103223
30000100102011203102130223111
30000100102011203102130223112
30000100102011203102130223113
300001001020112031021303
30000101
30000102
30000103
