30000
310000
32000
330
30100
3020
3030
30010
300200
30030
30001
30002
30003
3110
3120
3130
31010
31020
31030
310010
310020
310030
310001
310002
310003
3210
3220
3230
32010
32020
32030
32001
32002
32003
331
332
333
30110
30120
3013
30101
30102
30103
3021
3022
3023
3031
3032
3033
30011
30012
30013
300210
300220
300230
300201
300202
300203
30031
30032
30033
3111
3112
3113
3121
3122
3123
3131
3132
3133
31011
31012
31013
31021
31022
31023
31031
31032
31033
310011
310012
310013
310021
310022
310023
310031
310032
310033
3211
3212
3213
3221
3222
3223
3231
3232
3233
32011
32012
32013
32021
32022
32023
32031
32032
32033
30111
30112
30113
30121
30122
30123
300211
300212
300213
300221
300222
300223
300231
300232
300233
00000
010000
02000
030
0010
0020
0030
00010
000200
00030
00001
00002
00003
0110
0120
0130
01010
01020
01030
010010
010020
010030
010001
010002
010003
0210
0220
0230
02010
02020
02030
02001
02002
02003
031
032
033
00110
00120
00130
0021
0022
0023
0031
0032
0033
00011
00012
00013
000210
000220
000230
000201
000202
000203
00031
00032
00033
0111
0112
0113
0121
0122
0123
0131
0132
0133
01011
01012
01013
01021
01022
01023
01031
01032
01033
010011
010012
010013
010021
010022
010023
010031
010032
010033
0211
0212
0213
0221
0222
0223
0231
0232
0233
02011
02012
02013
02021
02022
02023
02031
02032
02033
00111
00112
00113
00121
00122
00123
00131
00132
00133
000211
000212
000213
000221
000222
000223
000231
000232
000233
1000000000
110
120
130
10100
1020
10300
10010
10020
10030
100010
100020
100030
1000010
1000020
1000030
10000010
10000020
10000030
100000010
100000020
100000030
1000000010
1000000020
1000000030
1000000001
1000000002
1000000003
111
112
113
121
122
123
131
132
133
10110
10120
10130
10101
10102
10103
1021
1022
1023
1031
10320
10330
10301
10302
10303
10011
10012
10013
10021
10022
10023
10031
10032
10033
100011
100012
100013
100021
100022
100023
100031
100032
100033
1000011
1000012
1000013
1000021
1000022
1000023
1000031
1000032
1000033
10000011
10000012
10000013
10000021
10000022
10000023
10000031
10000032
10000033
100000011
100000012
100000013
100000021
100000022
100000023
100000031
100000032
100000033
1000000011
1000000012
1000000013
1000000021
1000000022
1000000023
1000000031
1000000032
1000000033
10111
10112
10113
10121
10122
10123
10131
10132
10133
10321
10322
10323
10331
10332
10333
20000000
2100
220
230
2010
2020
2030
200100
20020
20030
200010
200020
200030
2000010
20000200
2000030
20000010
200000200
20000030
20000001
20000002
20000003
2110
2120
2130
2101
2102
2103
221
222
223
231
232
233
2011
2012
2013
2021
2022
2023
2031
2032
2033
200110
20012
200130
200101
200102
200103
20021
20022
20023
20031
20032
20033
200011
200012
200013
200021
200022
200023
200031
200032
200033
2000011
2000012
2000013
20000210
20000220
20000230
20000201
20000202
20000203
2000031
2000032
2000033
20000011
20000012
20000013
200000210
200000220
200000230
200000201
200000202
200000203
20000031
20000032
20000033
2111
2112
2113
2121
2122
2123
2131
2132
2133
200111
200112
200113
200131
200132
200133
20000211
20000212
20000213
20000221
20000222
20000223
20000231
20000232
20000233
200000211
200000212
200000213
200000221
200000222
200000223
200000231
200000232
200000233
