1000102000100102000102010203030
1000102000100102000102010203031112101121122030
1000102000100102000102010203031112101121122031321330
1000102000100102000102010203031112101121122031321331
10001020001001020001020102030311121011211220313213323033
100010200010010200010201020303111210112112203132133231223
1000102000100102000102010203031112101121122031321332313
1000102000100102000102010203031112101121122031321332321
1000102000100102000102010203031112101121122031321332322
1000102000100102000102010203031112101121122031321332323
1000102000100102000102010203031112101121122031321332331
1000102000100102000102010203031112101121122031321332332
1000102000100102000102010203031112101121122031321332333
1000102000100102000102010203031112101121122032
1000102000100102000102010203031112101121122033
100010200010010200010201020303111210112112213
100010200010010200010201020303111210112112222
100010200010010200010201020303111210112112223
10001020001001020001020102030311121011211223
1000102000100102000102010203031112102
1000102000100102000102010203031112103
1000102000100102000102010203031112110
1000102000100102000102010203031112111200
1000102000100102000102010203031112111201
1000102000100102000102010203031112111202
1000102000100102000102010203031112111203
100010200010010200010201020303111211121130
100010200010010200010201020303111211121131
100010200010010200010201020303111211121132
100010200010010200010201020303111211121133
100010200010010200010201020303111211121220
100010200010010200010201020303111211121221
100010200010010200010201020303111211121222
100010200010010200010201020303111211121223
100010200010010200010201020303111211121230
1000102000100102000102010203031112111212313
100010200010010200010201020303111211121232
100010200010010200010201020303111211121233
100010200010010200010201020303111212
100010200010010200010201020303111213
100010200010010200011
100010200010010200012
100010200010010200013
100010200010010200020
100010200010010200021
100010200010010200022
100010200010010200023
100010200010010200030
100010200010010200031
100010200010010200032
100010200010010200033
100010200010010201
100010200010010202
100010200010010203
300010200010001030102030
300010200010001030102031121000102020
30001020001000103010203112100010202113122030
30001020001000103010203112100010202113122031
300010200010001030102031121000102021131220323030
300010200010001030102031121000102021131220323031
300010200010001030102031121000102021131220323032
300010200010001030102031121000102021131220323033223
3000102000100010301020311210001020211312203230333
300010200010001030102031121000102021131220323113
30001020001000103010203112100010202113122032312
30001020001000103010203112100010202113122032313
30001020001000103010203112100010202113122032321
30001020001000103010203112100010202113122032322
30001020001000103010203112100010202113122032323
30001020001000103010203112100010202113122032332
30001020001000103010203112100010202113122032333
30001020001000103010203112100010202113122033
300010200010001030102031121000102021131221121
300010200010001030102031121000102021131221122
300010200010001030102031121000102021131221123
30001020001000103010203112100010202113122113
300010200010001030102031121000102021131222
300010200010001030102031121000102021131223
30001020001000103010203112101
30001020001000103010203112102
30001020001000103010203112103
30001020001000103010203112110
30001020001000103010203112111201
30001020001000103010203112111202
30001020001000103010203112111203
30001020001000103010203112111210
3000102000100010301020311211121130
3000102000100010301020311211121131
3000102000100010301020311211121132
3000102000100010301020311211121133
3000102000100010301020311211121220
3000102000100010301020311211121221
3000102000100010301020311211121222
3000102000100010301020311211121223
30001020001000103010203112111212313
3000102000100010301020311211121232
3000102000100010301020311211121233
3000102000100010301020311212
3000102000100010301020311213
300010200011
300010200012
300010200013
300010200020
300010200021
300010200022
300010200023
300010200030
300010200031
300010200032
300010200033
300010201
300010202
300010203
00010200010001030102030
00010200010001030102031121000102020
0001020001000103010203112100010202113122030
0001020001000103010203112100010202113122031
00010200010001030102031121000102021131220323030
00010200010001030102031121000102021131220323031
00010200010001030102031121000102021131220323032
00010200010001030102031121000102021131220323033223
000102000100010301020311210001020211312203230333
00010200010001030102031121000102021131220323113
0001020001000103010203112100010202113122032312
0001020001000103010203112100010202113122032313
0001020001000103010203112100010202113122032321
0001020001000103010203112100010202113122032322
0001020001000103010203112100010202113122032323
0001020001000103010203112100010202113122032332
0001020001000103010203112100010202113122032333
0001020001000103010203112100010202113122033
00010200010001030102031121000102021131221121
00010200010001030102031121000102021131221122
00010200010001030102031121000102021131221123
0001020001000103010203112100010202113122113
00010200010001030102031121000102021131222
00010200010001030102031121000102021131223
0001020001000103010203112101
0001020001000103010203112102
0001020001000103010203112103
0001020001000103010203112110
0001020001000103010203112111201
0001020001000103010203112111202
0001020001000103010203112111203
0001020001000103010203112111210
000102000100010301020311211121130
000102000100010301020311211121131
000102000100010301020311211121132
000102000100010301020311211121133
000102000100010301020311211121220
000102000100010301020311211121221
000102000100010301020311211121222
000102000100010301020311211121223
000102000100010301020311211121230
0001020001000103010203112111212313
000102000100010301020311211121232
000102000100010301020311211121233
000102000100010301020311212
000102000100010301020311213
00010200011
00010200012
00010200013
00010200020
00010200021
00010200022
00010200023
00010200030
00010200031
00010200032
00010200033
00010201
00010202
00010203
2000100102000102010203030
20001001020001020102030311121000102030
2000100102000102010203031112100010203132122030
2000100102000102010203031112100010203132122031
200010010200010201020303111210001020313212203230
2000100102000102010203031112100010203132122032311332
2000100102000102010203031112100010203132122032311333
200010010200010201020303111210001020313212203231223
2000100102000102010203031112100010203132122032313
2000100102000102010203031112100010203132122032321
2000100102000102010203031112100010203132122032322
2000100102000102010203031112100010203132122032323
2000100102000102010203031112100010203132122032331
2000100102000102010203031112100010203132122032332
2000100102000102010203031112100010203132122032333
2000100102000102010203031112100010203132122033
20001001020001020102030311121000102031321221121
20001001020001020102030311121000102031321221122
20001001020001020102030311121000102031321221123
2000100102000102010203031112100010203132122113
20001001020001020102030311121000102031321222
20001001020001020102030311121000102031321223
2000100102000102010203031112101
2000100102000102010203031112102
2000100102000102010203031112103
2000100102000102010203031112110
2000100102000102010203031112111200
2000100102000102010203031112111201
2000100102000102010203031112111202
2000100102000102010203031112111203
2000100102000102010203031112111210
200010010200010201020303111211121130
200010010200010201020303111211121131
200010010200010201020303111211121132
200010010200010201020303111211121133
200010010200010201020303111211121221
200010010200010201020303111211121222
200010010200010201020303111211121223
200010010200010201020303111211121230
2000100102000102010203031112111212313
200010010200010201020303111211121232
200010010200010201020303111211121233
200010010200010201020303111212
200010010200010201020303111213
200010010200011
200010010200012
200010010200013
200010010200020
200010010200021
200010010200022
200010010200023
200010010200030
200010010200031
200010010200032
200010010200033
200010010201
200010010202
200010010203
