10000
1100
120
1300
1010
1020
1030
10010
10020
10030
10001
10002
10003
111
1120
1130
1101
1102
1103
121
122
123
1310
13200
1330
1301
1302
1303
1011
1012
1013
1021
1022
1023
1031
1032
1033
10011
10012
10013
10021
10022
10023
10031
10032
10033
1121
1122
1123
1131
1132
1133
1311
1312
1313
13210
13220
13230
13201
13202
13203
1331
1332
1333
13211
13212
13213
13221
13222
13223
13231
13232
13233
00
010000
020
0300
0110
0120
0130
01010
01020
01030
010010
010020
010030
010001
010002
010003
021
022
023
0310
03200
0330
0301
0302
0303
0111
0112
0113
0121
0122
0123
0131
0132
0133
01011
01012
01013
01021
01022
01023
01031
01032
01033
010011
010012
010013
010021
010022
010023
010031
010032
010033
0311
0312
0313
03210
03220
03230
03201
03202
03203
0331
0332
0333
03211
03212
03213
03221
03222
03223
03231
03232
03233
2000
2100
220
230
20100
2020
2030
2001
2002
2003
21100
2120
2130
2101
2102
2103
221
222
223
231
232
233
20110
201200
20130
20101
20102
20103
2021
2022
2023
2031
2032
2033
21110
2112
21130
21101
21102
21103
2121
2122
2123
2131
2132
2133
20111
20112
20113
201210
201220
201230
201201
201202
201203
20131
20132
20133
21111
21112
21113
21131
21132
21133
201211
201212
201213
201221
201222
201223
201231
201232
201233
30000
310
3200
330
30100
3020
3030
30010
30020
30030
30001
30002
30003
311
312
313
32100
3220
3230
3201
3202
3203
331
332
333
30110
30120
30130
30101
30102
30103
3021
3022
3023
3031
3032
3033
30011
30012
30013
30021
30022
30023
30031
30032
30033
32110
32120
3213
32101
32102
32103
3221
3222
3223
3231
3232
3233
30111
30112
30113
30121
30122
30123
30131
30132
30133
32111
32112
32113
32121
32122
32123
