0000010000100010200101020100102020030
0000010000100010200101020100102020031010202011030
000001000010001020010102010010202003101020201103111212103020030
00000100001000102001010201001020200310102020110311121210302003111121020
000001000010001020010102010010202003101020201103111212103020031111210213001
0000010000100010200101020100102020031010202011031112121030200311112102130020
00000100001000102001010201001020200310102020110311121210302003111121021300213220132230223330
0000010000100010200101020100102020031010202011031112121030200311112102130021322013223022333123
000001000010001020010102010010202003101020201103111212103020031111210213002132201322302233313211
000001000010001020010102010010202003101020201103111212103020031111210213002132201322302233313212
000001000010001020010102010010202003101020201103111212103020031111210213002132201322302233313213
00000100001000102001010201001020200310102020110311121210302003111121021300213220132230223331322103
0000010000100010200101020100102020031010202011031112121030200311112102130021322013223022333132211123021
0000010000100010200101020100102020031010202011031112121030200311112102130021322013223022333132211123022
000001000010001020010102010010202003101020201103111212103020031111210213002132201322302233313221112302331120
000001000010001020010102010010202003101020201103111212103020031111210213002132201322302233313221112302331121220
000001000010001020010102010010202003101020201103111212103020031111210213002132201322302233313221112302331121221
000001000010001020010102010010202003101020201103111212103020031111210213002132201322302233313221112302331121222
000001000010001020010102010010202003101020201103111212103020031111210213002132201322302233313221112302331121223
00000100001000102001010201001020200310102020110311121210302003111121021300213220132230223331322111230233112123030
0000010000100010200101020100102020031010202011031112121030200311112102130021322013223022333132211123023311212303131011
0000010000100010200101020100102020031010202011031112121030200311112102130021322013223022333132211123023311212303131012
0000010000100010200101020100102020031010202011031112121030200311112102130021322013223022333132211123023311212303131013
0000010000100010200101020100102020031010202011031112121030200311112102130021322013223022333132211123023311212303131022
00000100001000102001010201001020200310102020110311121210302003111121021300213220132230223331322111230233112123031310231303
0000010000100010200101020100102020031010202011031112121030200311112102130021322013223022333132211123023311212303131023131
0000010000100010200101020100102020031010202011031112121030200311112102130021322013223022333132211123023311212303131023132
0000010000100010200101020100102020031010202011031112121030200311112102130021322013223022333132211123023311212303131023133
00000100001000102001010201001020200310102020110311121210302003111121021300213220132230223331322111230233112123031310232
000001000010001020010102010010202003101020201103111212103020031111210213002132201322302233313221112302331121230313102332
000001000010001020010102010010202003101020201103111212103020031111210213002132201322302233313221112302331121230313102333
000001000010001020010102010010202003101020201103111212103020031111210213002132201322302233313221112302331121230313103
000001000010001020010102010010202003101020201103111212103020031111210213002132201322302233313221112302331121230313112030321322
000001000010001020010102010010202003101020201103111212103020031111210213002132201322302233313221112302331121230313112030321323
0000010000100010200101020100102020031010202011031112121030200311112102130021322013223022333132211123023311212303131120303213312
0000010000100010200101020100102020031010202011031112121030200311112102130021322013223022333132211123023311212303131120303213313
000001000010001020010102010010202003101020201103111212103020031111210213002132201322302233313221112302331121230313112030321332
000001000010001020010102010010202003101020201103111212103020031111210213002132201322302233313221112302331121230313112030321333
000001000010001020010102010010202003101020201103111212103020031111210213002132201322302233313221112302331121230313112030322
00000100001000102001010201001020200310102020110311121210302003111121021300213220132230223331322111230233112123031311203032330
00000100001000102001010201001020200310102020110311121210302003111121021300213220132230223331322111230233112123031311203032331
00000100001000102001010201001020200310102020110311121210302003111121021300213220132230223331322111230233112123031311203032332
00000100001000102001010201001020200310102020110311121210302003111121021300213220132230223331322111230233112123031311203032333
000001000010001020010102010010202003101020201103111212103020031111210213002132201322302233313221112302331121230313113
00000100001000102001010201001020200310102020110311121210302003111121021300213220132230223331322111230233112123032
00000100001000102001010201001020200310102020110311121210302003111121021300213220132230223331322111230233112123033
000001000010001020010102010010202003101020201103111212103020031111210213002132201322302233313221112303
000001000010001020010102010010202003101020201103111212103020031111210213002132201322302233313221112312
000001000010001020010102010010202003101020201103111212103020031111210213002132201322302233313221112313
000001000010001020010102010010202003101020201103111212103020031111210213002132201322302233313221112320
000001000010001020010102010010202003101020201103111212103020031111210213002132201322302233313221112321
000001000010001020010102010010202003101020201103111212103020031111210213002132201322302233313221112322
000001000010001020010102010010202003101020201103111212103020031111210213002132201322302233313221112323
000001000010001020010102010010202003101020201103111212103020031111210213002132201322302233313221112330
000001000010001020010102010010202003101020201103111212103020031111210213002132201322302233313221112331
000001000010001020010102010010202003101020201103111212103020031111210213002132201322302233313221112332
000001000010001020010102010010202003101020201103111212103020031111210213002132201322302233313221112333
000001000010001020010102010010202003101020201103111212103020031111210213002132201322302233313222
000001000010001020010102010010202003101020201103111212103020031111210213002132201322302233313223
00000100001000102001010201001020200310102020110311121210302003111121021300213220132231
00000100001000102001010201001020200310102020110311121210302003111121021300213220132232
00000100001000102001010201001020200310102020110311121210302003111121021300213220132233
00000100001000102001010201001020200310102020110311121210302003111121021300213221
00000100001000102001010201001020200310102020110311121210302003111121021300213222
00000100001000102001010201001020200310102020110311121210302003111121021300213223
00000100001000102001010201001020200310102020110311121211
00000100001000102001010201001020200310102020110311121212
00000100001000102001010201001020200310102020110311121213
0000010000100010200101020100102020031010203
000001000010001020010102010010202003101021
000001000010001020010102010010202003101022
000001000010001020010102010010202003101023
00000100001000102001010201001020201
00000100001000102001010201001020202
00000100001000102001010201001020203
000001000011
000001000012
000001000013
0001
0002
0003
200000000010101010001010102001010202020030
20000000001010101000101010200101020202003111120030
20000000001010101000101010200101020202003111120031301030
2000000000101010100010101020010102020200311112003130103111212103021020
2000000000101010100010101020010102020200311112003130103111212103021021
20000000001010101000101010200101020202003111120031301031112121030210220
200000000010101010001010102001010202020031111200313010311121210302102213220132230223330
20000000001010101000101010200101020202003111120031301031112121030210221322013223022333123
2000000000101010100010101020010102020200311112003130103111212103021022132201322302233313211
2000000000101010100010101020010102020200311112003130103111212103021022132201322302233313212
2000000000101010100010101020010102020200311112003130103111212103021022132201322302233313213
20000000001010101000101010200101020202003111120031301031112121030210221322013223022333132200202103
20000000001010101000101010200101020202003111120031301031112121030210221322013223022333132200202111230111
20000000001010101000101010200101020202003111120031301031112121030210221322013223022333132200202111230112
20000000001010101000101010200101020202003111120031301031112121030210221322013223022333132200202111230113
20000000001010101000101010200101020202003111120031301031112121030210221322013223022333132200202111230120
20000000001010101000101010200101020202003111120031301031112121030210221322013223022333132200202111230121220
20000000001010101000101010200101020202003111120031301031112121030210221322013223022333132200202111230121221
20000000001010101000101010200101020202003111120031301031112121030210221322013223022333132200202111230121222
20000000001010101000101010200101020202003111120031301031112121030210221322013223022333132200202111230121223311302
20000000001010101000101010200101020202003111120031301031112121030210221322013223022333132200202111230121223311303
2000000000101010100010101020010102020200311112003130103111212103021022132201322302233313220020211123012122331131
20000000001010101000101010200101020202003111120031301031112121030210221322013223022333132200202111230121223311322
20000000001010101000101010200101020202003111120031301031112121030210221322013223022333132200202111230121223311323030
200000000010101010001010102001010202020031111200313010311121210302102213220132230223331322002021112301212233113230313102
2000000000101010100010101020010102020200311112003130103111212103021022132201322302233313220020211123012122331132303131033
200000000010101010001010102001010202020031111200313010311121210302102213220132230223331322002021112301212233113230313112030321323
20000000001010101000101010200101020202003111120031301031112121030210221322013223022333132200202111230121223311323031311203032133121
20000000001010101000101010200101020202003111120031301031112121030210221322013223022333132200202111230121223311323031311203032133122
20000000001010101000101010200101020202003111120031301031112121030210221322013223022333132200202111230121223311323031311203032133123
20000000001010101000101010200101020202003111120031301031112121030210221322013223022333132200202111230121223311323031311203032133132
20000000001010101000101010200101020202003111120031301031112121030210221322013223022333132200202111230121223311323031311203032133133
200000000010101010001010102001010202020031111200313010311121210302102213220132230223331322002021112301212233113230313112030321332
200000000010101010001010102001010202020031111200313010311121210302102213220132230223331322002021112301212233113230313112030321333
20000000001010101000101010200101020202003111120031301031112121030210221322013223022333132200202111230121223311323031311203032231
20000000001010101000101010200101020202003111120031301031112121030210221322013223022333132200202111230121223311323031311203032232
20000000001010101000101010200101020202003111120031301031112121030210221322013223022333132200202111230121223311323031311203032233
20000000001010101000101010200101020202003111120031301031112121030210221322013223022333132200202111230121223311323031311203032330
20000000001010101000101010200101020202003111120031301031112121030210221322013223022333132200202111230121223311323031311203032331
20000000001010101000101010200101020202003111120031301031112121030210221322013223022333132200202111230121223311323031311203032332
20000000001010101000101010200101020202003111120031301031112121030210221322013223022333132200202111230121223311323031311203032333
200000000010101010001010102001010202020031111200313010311121210302102213220132230223331322002021112301212233113230313113
20000000001010101000101010200101020202003111120031301031112121030210221322013223022333132200202111230121223311323032
20000000001010101000101010200101020202003111120031301031112121030210221322013223022333132200202111230121223311323033
200000000010101010001010102001010202020031111200313010311121210302102213220132230223331322002021112302
200000000010101010001010102001010202020031111200313010311121210302102213220132230223331322002021112303
200000000010101010001010102001010202020031111200313010311121210302102213220132230223331322002021112312
200000000010101010001010102001010202020031111200313010311121210302102213220132230223331322002021112313
200000000010101010001010102001010202020031111200313010311121210302102213220132230223331322002021112321
200000000010101010001010102001010202020031111200313010311121210302102213220132230223331322002021112322
200000000010101010001010102001010202020031111200313010311121210302102213220132230223331322002021112323
200000000010101010001010102001010202020031111200313010311121210302102213220132230223331322002021112330
200000000010101010001010102001010202020031111200313010311121210302102213220132230223331322002021112331
200000000010101010001010102001010202020031111200313010311121210302102213220132230223331322002021112332
200000000010101010001010102001010202020031111200313010311121210302102213220132230223331322002021112333
200000000010101010001010102001010202020031111200313010311121210302102213220132230223331322002022
200000000010101010001010102001010202020031111200313010311121210302102213220132230223331322002023
20000000001010101000101010200101020202003111120031301031112121030210221322013223022333132200203
2000000000101010100010101020010102020200311112003130103111212103021022132201322302233313220021
2000000000101010100010101020010102020200311112003130103111212103021022132201322302233313220022
2000000000101010100010101020010102020200311112003130103111212103021022132201322302233313220023
200000000010101010001010102001010202020031111200313010311121210302102213220132231
200000000010101010001010102001010202020031111200313010311121210302102213220132232
200000000010101010001010102001010202020031111200313010311121210302102213220132233
200000000010101010001010102001010202020031111200313010311121210302102213221
200000000010101010001010102001010202020031111200313010311121210302102213222
200000000010101010001010102001010202020031111200313010311121210302102213223
200000000010101010001010102001010202020031111200313010311121211
200000000010101010001010102001010202020031111200313010311121212
200000000010101010001010102001010202020031111200313010311121213
2000000000101010100010101020010102020201
2000000000101010100010101020010102020202
2000000000101010100010101020010102020203
200000000010101010001011
200000000010101010001012
200000000010101010001013
200000001
200000002
200000003
10000001000100102020030
1000000100010010202003100010101020010102030
1000000100010010202003100010101020010102031111201112103021020
10000001000100102020031000101010200101020311112011121030210213001
10000001000100102020031000101010200101020311112011121030210213002030
10000001000100102020031000101010200101020311112011121030210213002031213213220223330
1000000100010010202003100010101020010102031111201112103021021300203121321322022333122303
1000000100010010202003100010101020010102031111201112103021021300203121321322022333122311211
1000000100010010202003100010101020010102031111201112103021021300203121321322022333122311212
1000000100010010202003100010101020010102031111201112103021021300203121321322022333122311213
1000000100010010202003100010101020010102031111201112103021021300203121321322022333122311220020211220
1000000100010010202003100010101020010102031111201112103021021300203121321322022333122311220020211221
10000001000100102020031000101010200101020311112011121030210213002031213213220223331223112200202112223
1000000100010010202003100010101020010102031111201112103021021300203121321322022333122311220020211223230110
1000000100010010202003100010101020010102031111201112103021021300203121321322022333122311220020211223230111
1000000100010010202003100010101020010102031111201112103021021300203121321322022333122311220020211223230112
1000000100010010202003100010101020010102031111201112103021021300203121321322022333122311220020211223230113
1000000100010010202003100010101020010102031111201112103021021300203121321322022333122311220020211223230120
10000001000100102020031000101010200101020311112011121030210213002031213213220223331223112200202112232301213101
100000010001001020200310001010102001010203111120111210302102130020312132132202233312231122002021122323012131022
100000010001001020200310001010102001010203111120111210302102130020312132132202233312231122002021122323012131023030
100000010001001020200310001010102001010203111120111210302102130020312132132202233312231122002021122323012131023031
100000010001001020200310001010102001010203111120111210302102130020312132132202233312231122002021122323012131023032
1000000100010010202003100010101020010102031111201112103021021300203121321322022333122311220020211223230121310230331303311
10000001000100102020031000101010200101020311112011121030210213002031213213220223331223112200202112232301213102303313033121
10000001000100102020031000101010200101020311112011121030210213002031213213220223331223112200202112232301213102303313033122
10000001000100102020031000101010200101020311112011121030210213002031213213220223331223112200202112232301213102303313033123
10000001000100102020031000101010200101020311112011121030210213002031213213220223331223112200202112232301213102303313033132
10000001000100102020031000101010200101020311112011121030210213002031213213220223331223112200202112232301213102303313033133
1000000100010010202003100010101020010102031111201112103021021300203121321322022333122311220020211223230121310230331303322
1000000100010010202003100010101020010102031111201112103021021300203121321322022333122311220020211223230121310230331303323
100000010001001020200310001010102001010203111120111210302102130020312132132202233312231122002021122323012131023033130333032031
100000010001001020200310001010102001010203111120111210302102130020312132132202233312231122002021122323012131023033130333032032
100000010001001020200310001010102001010203111120111210302102130020312132132202233312231122002021122323012131023033130333032033
10000001000100102020031000101010200101020311112011121030210213002031213213220223331223112200202112232301213102303313033303213
100000010001001020200310001010102001010203111120111210302102130020312132132202233312231122002021122323012131023033130333032232
100000010001001020200310001010102001010203111120111210302102130020312132132202233312231122002021122323012131023033130333032233
100000010001001020200310001010102001010203111120111210302102130020312132132202233312231122002021122323012131023033130333032330
1000000100010010202003100010101020010102031111201112103021021300203121321322022333122311220020211223230121310230331303330323313
100000010001001020200310001010102001010203111120111210302102130020312132132202233312231122002021122323012131023033130333032332
100000010001001020200310001010102001010203111120111210302102130020312132132202233312231122002021122323012131023033130333032333
100000010001001020200310001010102001010203111120111210302102130020312132132202233312231122002021122323012131023033131
100000010001001020200310001010102001010203111120111210302102130020312132132202233312231122002021122323012131023033132
100000010001001020200310001010102001010203111120111210302102130020312132132202233312231122002021122323012131023033133
10000001000100102020031000101010200101020311112011121030210213002031213213220223331223112200202112232301213103
10000001000100102020031000101010200101020311112011121030210213002031213213220223331223112200202112232301213112
10000001000100102020031000101010200101020311112011121030210213002031213213220223331223112200202112232301213113
10000001000100102020031000101010200101020311112011121030210213002031213213220223331223112200202112232302
10000001000100102020031000101010200101020311112011121030210213002031213213220223331223112200202112232303
10000001000100102020031000101010200101020311112011121030210213002031213213220223331223112200202112232312
10000001000100102020031000101010200101020311112011121030210213002031213213220223331223112200202112232313
10000001000100102020031000101010200101020311112011121030210213002031213213220223331223112200202112232320
10000001000100102020031000101010200101020311112011121030210213002031213213220223331223112200202112232321
10000001000100102020031000101010200101020311112011121030210213002031213213220223331223112200202112232322
10000001000100102020031000101010200101020311112011121030210213002031213213220223331223112200202112232323
10000001000100102020031000101010200101020311112011121030210213002031213213220223331223112200202112232330
10000001000100102020031000101010200101020311112011121030210213002031213213220223331223112200202112232331
10000001000100102020031000101010200101020311112011121030210213002031213213220223331223112200202112232332
10000001000100102020031000101010200101020311112011121030210213002031213213220223331223112200202112232333
100000010001001020200310001010102001010203111120111210302102130020312132132202233312231122002022
100000010001001020200310001010102001010203111120111210302102130020312132132202233312231122002023
10000001000100102020031000101010200101020311112011121030210213002031213213220223331223112200203
1000000100010010202003100010101020010102031111201112103021021300203121321322022333122311220021
1000000100010010202003100010101020010102031111201112103021021300203121321322022333122311220022
1000000100010010202003100010101020010102031111201112103021021300203121321322022333122311220023
100000010001001020200310001010102001010203111120111210302102130020312132132202233312232
100000010001001020200310001010102001010203111120111210302102130020312132132202233312233
10000001000100102020031000101010200101020311112011121030210213002031213213221
10000001000100102020031000101010200101020311112011121030210213002031213213222
10000001000100102020031000101010200101020311112011121030210213002031213213223
100000010001001020200310001010102001010203111120111211
100000010001001020200310001010102001010203111120111212
100000010001001020200310001010102001010203111120111213
100000010001001020200310001011
100000010001001020200310001012
100000010001001020200310001013
100000010001001020201
100000010001001020202
100000010001001020203
100001
100002
100003
3001000000200101020100102020030
30010000002001010201001020200310001010103020030
3001000000200101020100102020031000101010302003111121020
30010000002001010201001020200310001010103020031111210213001
30010000002001010201001020200310001010103020031111210213002030
300100000020010102010010202003100010101030200311112102130020311121210
300100000020010102010010202003100010101030200311112102130020311121211213220132230223330
3001000000200101020100102020031000101010302003111121021300203111212112132201322302233313211
3001000000200101020100102020031000101010302003111121021300203111212112132201322302233313212
3001000000200101020100102020031000101010302003111121021300203111212112132201322302233313213
30010000002001010201001020200310001010103020031111210213002031112121121322013223022333132200202103
30010000002001010201001020200310001010103020031111210213002031112121121322013223022333132200202111230110
30010000002001010201001020200310001010103020031111210213002031112121121322013223022333132200202111230111
30010000002001010201001020200310001010103020031111210213002031112121121322013223022333132200202111230112
30010000002001010201001020200310001010103020031111210213002031112121121322013223022333132200202111230113
30010000002001010201001020200310001010103020031111210213002031112121121322013223022333132200202111230120
30010000002001010201001020200310001010103020031111210213002031112121121322013223022333132200202111230121220
30010000002001010201001020200310001010103020031111210213002031112121121322013223022333132200202111230121221
300100000020010102010010202003100010101030200311112102130020311121211213220132230223331322002021112301212223
30010000002001010201001020200310001010103020031111210213002031112121121322013223022333132200202111230121223311303
3001000000200101020100102020031000101010302003111121021300203111212112132201322302233313220020211123012122331131
30010000002001010201001020200310001010103020031111210213002031112121121322013223022333132200202111230121223311322
30010000002001010201001020200310001010103020031111210213002031112121121322013223022333132200202111230121223311323030
300100000020010102010010202003100010101030200311112102130020311121211213220132230223331322002021112301212233113230313101
300100000020010102010010202003100010101030200311112102130020311121211213220132230223331322002021112301212233113230313102
3001000000200101020100102020031000101010302003111121021300203111212112132201322302233313220020211123012122331132303131033
300100000020010102010010202003100010101030200311112102130020311121211213220132230223331322002021112301212233113230313112030321322
300100000020010102010010202003100010101030200311112102130020311121211213220132230223331322002021112301212233113230313112030321323
30010000002001010201001020200310001010103020031111210213002031112121121322013223022333132200202111230121223311323031311203032133121
30010000002001010201001020200310001010103020031111210213002031112121121322013223022333132200202111230121223311323031311203032133122
30010000002001010201001020200310001010103020031111210213002031112121121322013223022333132200202111230121223311323031311203032133123
30010000002001010201001020200310001010103020031111210213002031112121121322013223022333132200202111230121223311323031311203032133132
30010000002001010201001020200310001010103020031111210213002031112121121322013223022333132200202111230121223311323031311203032133133
300100000020010102010010202003100010101030200311112102130020311121211213220132230223331322002021112301212233113230313112030321332
300100000020010102010010202003100010101030200311112102130020311121211213220132230223331322002021112301212233113230313112030321333
30010000002001010201001020200310001010103020031111210213002031112121121322013223022333132200202111230121223311323031311203032231
30010000002001010201001020200310001010103020031111210213002031112121121322013223022333132200202111230121223311323031311203032232
30010000002001010201001020200310001010103020031111210213002031112121121322013223022333132200202111230121223311323031311203032233
30010000002001010201001020200310001010103020031111210213002031112121121322013223022333132200202111230121223311323031311203032330
30010000002001010201001020200310001010103020031111210213002031112121121322013223022333132200202111230121223311323031311203032331
30010000002001010201001020200310001010103020031111210213002031112121121322013223022333132200202111230121223311323031311203032332
30010000002001010201001020200310001010103020031111210213002031112121121322013223022333132200202111230121223311323031311203032333
300100000020010102010010202003100010101030200311112102130020311121211213220132230223331322002021112301212233113230313113
30010000002001010201001020200310001010103020031111210213002031112121121322013223022333132200202111230121223311323032
30010000002001010201001020200310001010103020031111210213002031112121121322013223022333132200202111230121223311323033
300100000020010102010010202003100010101030200311112102130020311121211213220132230223331322002021112302
300100000020010102010010202003100010101030200311112102130020311121211213220132230223331322002021112303
300100000020010102010010202003100010101030200311112102130020311121211213220132230223331322002021112312
300100000020010102010010202003100010101030200311112102130020311121211213220132230223331322002021112313
300100000020010102010010202003100010101030200311112102130020311121211213220132230223331322002021112320
300100000020010102010010202003100010101030200311112102130020311121211213220132230223331322002021112321
300100000020010102010010202003100010101030200311112102130020311121211213220132230223331322002021112322
300100000020010102010010202003100010101030200311112102130020311121211213220132230223331322002021112323
300100000020010102010010202003100010101030200311112102130020311121211213220132230223331322002021112331
300100000020010102010010202003100010101030200311112102130020311121211213220132230223331322002021112332
300100000020010102010010202003100010101030200311112102130020311121211213220132230223331322002021112333
300100000020010102010010202003100010101030200311112102130020311121211213220132230223331322002022
300100000020010102010010202003100010101030200311112102130020311121211213220132230223331322002023
30010000002001010201001020200310001010103020031111210213002031112121121322013223022333132200203
3001000000200101020100102020031000101010302003111121021300203111212112132201322302233313220021
3001000000200101020100102020031000101010302003111121021300203111212112132201322302233313220022
3001000000200101020100102020031000101010302003111121021300203111212112132201322302233313220023
300100000020010102010010202003100010101030200311112102130020311121211213220132231
300100000020010102010010202003100010101030200311112102130020311121211213220132232
300100000020010102010010202003100010101030200311112102130020311121211213220132233
300100000020010102010010202003100010101030200311112102130020311121211213221
300100000020010102010010202003100010101030200311112102130020311121211213222
300100000020010102010010202003100010101030200311112102130020311121211213223
300100000020010102010010202003100010101030200311112102130020311121212
300100000020010102010010202003100010101030200311112102130020311121213
30010000002001010201001020200310001011
30010000002001010201001020200310001012
30010000002001010201001020200310001013
30010000002001010201001020201
30010000002001010201001020202
30010000002001010201001020203
3001000001
3001000002
3001000003
