0000
010
0200
030
0010
0020
0030
00010
00020
00030
011
012
013
0210
0220
0230
0201
0202
0203
031
032
033
0011
0012
0013
0021
0022
0023
0031
0032
0033
00011
00012
00013
00021
00022
00023
00031
00032
00033
0211
0212
0213
0221
0222
0223
0231
0232
0233
10000
110
1200
130
1010
1020
1030
1001
10020
10030
10001
10002
10003
111
112
113
1210
1220
1230
1201
1202
1203
131
132
133
1011
1012
1013
1021
1022
1023
1031
1032
1033
10021
10022
10023
10031
10032
10033
1211
1212
1213
1221
1222
1223
1231
1232
1233
20000
210
22
230
2010
20200
2030
20010
20020
20030
20001
20002
20003
211
212
213
231
232
233
2011
2012
2013
20210
20220
20230
20201
20202
20203
2031
2032
2033
20011
20012
20013
20021
20022
20023
20031
20032
20033
20211
20212
20213
20221
20222
20223
20231
20232
20233
30000
310
3200
330
3010
3020
3030
30010
30020
3003
30001
30002
30003
311
312
313
3210
3220
3230
3201
3202
3203
331
332
333
3011
3012
3013
3021
3022
3023
3031
3032
3033
30011
30012
30013
30021
30022
30023
3211
3212
3213
3221
3222
3223
3231
3232
3233
