0 2 10 5 5 4 3 8 7 10 12 6 7 8 11 4 10 10 0 9 10
0 2 10 5 5 4 3 8 7 10 12 6 7 8 11 4 10 10 0 9 1 10
0 2 10 5 5 4 3 8 7 10 12 6 7 8 11 4 10 10 0 9 1 9 5 0 12 9 4 9
0 2 10 5 5 4 3 8 7 10 12 6 7 8 11 4 10 10 0 9 1 9 5 0 12 8 0 3 13 11 8 5 1 4
0 2 10 5 5 4 3 8 7 10 12 6 7 8 11 4 10 10 0 9 1 9 5 0 12 8 0 3 13 11 8 5 1 7 10
0 2 10 5 5 4 3 8 7 10 12 6 7 8 11 4 10 10 0 9 1 9 5 0 12 8 0 3 13 11 8 5 1 7 3 4
0 2 10 5 5 4 3 8 7 10 12 6 7 8 11 4 10 10 0 9 1 9 5 0 12 8 0 3 13 11 8 5 1 7 3 6 2 2 8
0 2 10 5 5 4 3 8 7 10 12 6 7 8 11 4 10 10 0 9 1 9 5 0 12 8 0 3 13 11 8 5 1 7 3 6 2 2 5
0 2 10 5 5 4 3 8 7 10 12 6 7 8 11 4 10 10 0 9 1 9 5 0 12 8 0 3 13 11 8 5 1 7 3 6 9
0 2 10 5 5 4 3 8 7 10 12 6 7 8 11 4 10 10 0 9 1 9 5 0 12 8 0 3 13 11 8 5 1 7 3 6 12 4
0 2 10 5 5 4 3 8 7 10 12 6 7 8 11 4 10 10 0 9 1 9 5 0 12 8 0 3 13 11 1
0 2 10 5 5 4 3 8 7 10 12 6 7 8 11 4 10 10 0 9 1 9 5 0 12 8 0 3 13 11 3
0 2 10 5 5 4 3 8 7 10 12 6 7 8 11 4 10 10 0 9 1 9 5 0 12 8 0 3 13 9
0 2 10 5 5 4 3 8 7 10 12 6 7 8 11 4 10 10 0 9 1 9 5 0 12 8 0 3 13 12
0 2 10 5 5 4 3 8 7 10 12 6 7 8 11 4 10 10 0 9 1 9 5 0 12 8 0 3 13 2
