000000100020100001000201001000010102010100011020030103020120
000000100020100001000201001000010102010100011020030103020121110202010103011121013020120
000000100020100001000201001000010102010100011020030103020121110202010103011121013020121
00000010002010000100020100100001010201010001102003010302012111020201010301112101302012230110302030
00000010002010000100020100100001010201010001102003010302012111020201010301112101302012230110302031
00000010002010000100020100100001010201010001102003010302012111020201010301112101302012230110302032
000000100020100001000201001000010102010100011020030103020121110202010103011121013020122301103020331102112030020
000000100020100001000201001000010102010100011020030103020121110202010103011121013020122301103020331102112030021120211211303110
000000100020100001000201001000010102010100011020030103020121110202010103011121013020122301103020331102112030021120211211303111
000000100020100001000201001000010102010100011020030103020121110202010103011121013020122301103020331102112030021120211211303112
000000100020100001000201001000010102010100011020030103020121110202010103011121013020122301103020331102112030021120211211303113220302
000000100020100001000201001000010102010100011020030103020121110202010103011121013020122301103020331102112030021120211211303113220303311203030
0000001000201000010002010010000101020101000110200301030201211102020101030111210130201223011030203311021120300211202112113031132203033112030313022130122120
0000001000201000010002010010000101020101000110200301030201211102020101030111210130201223011030203311021120300211202112113031132203033112030313022130122121
000000100020100001000201001000010102010100011020030103020121110202010103011121013020122301103020331102112030021120211211303113220303311203031302213012212230
000000100020100001000201001000010102010100011020030103020121110202010103011121013020122301103020331102112030021120211211303113220303311203031302213012212231
00000010002010000100020100100001010201010001102003010302012111020201010301112101302012230110302033110211203002112021121130311322030331120303130221301221223231122
00000010002010000100020100100001010201010001102003010302012111020201010301112101302012230110302033110211203002112021121130311322030331120303130221301221223231123
00000010002010000100020100100001010201010001102003010302012111020201010301112101302012230110302033110211203002112021121130311322030331120303130221301221223231131022
0000001000201000010002010010000101020101000110200301030201211102020101030111210130201223011030203311021120300211202112113031132203033112030313022130122122323113102313110
0000001000201000010002010010000101020101000110200301030201211102020101030111210130201223011030203311021120300211202112113031132203033112030313022130122122323113102313111
0000001000201000010002010010000101020101000110200301030201211102020101030111210130201223011030203311021120300211202112113031132203033112030313022130122122323113102313112132113
00000010002010000100020100100001010201010001102003010302012111020201010301112101302012230110302033110211203002112021121130311322030331120303130221301221223231131023131121321221
00000010002010000100020100100001010201010001102003010302012111020201010301112101302012230110302033110211203002112021121130311322030331120303130221301221223231131023131121321222
00000010002010000100020100100001010201010001102003010302012111020201010301112101302012230110302033110211203002112021121130311322030331120303130221301221223231131023131121321223322
000000100020100001000201001000010102010100011020030103020121110202010103011121013020122301103020331102112030021120211211303113220303311203031302213012212232311310231311213212233232
00000010002010000100020100100001010201010001102003010302012111020201010301112101302012230110302033110211203002112021121130311322030331120303130221301221223231131023131121321223323320330
00000010002010000100020100100001010201010001102003010302012111020201010301112101302012230110302033110211203002112021121130311322030331120303130221301221223231131023131121321223323320331
00000010002010000100020100100001010201010001102003010302012111020201010301112101302012230110302033110211203002112021121130311322030331120303130221301221223231131023131121321223323320332
00000010002010000100020100100001010201010001102003010302012111020201010301112101302012230110302033110211203002112021121130311322030331120303130221301221223231131023131121321223323320333
000000100020100001000201001000010102010100011020030103020121110202010103011121013020122301103020331102112030021120211211303113220303311203031302213012212232311310231311213212233233212
000000100020100001000201001000010102010100011020030103020121110202010103011121013020122301103020331102112030021120211211303113220303311203031302213012212232311310231311213212233233213
00000010002010000100020100100001010201010001102003010302012111020201010301112101302012230110302033110211203002112021121130311322030331120303130221301221223231131023131121321223323322
0000001000201000010002010010000101020101000110200301030201211102020101030111210130201223011030203311021120300211202112113031132203033112030313022130122122323113102313112132122332332313
0000001000201000010002010010000101020101000110200301030201211102020101030111210130201223011030203311021120300211202112113031132203033112030313022130122122323113102313112132122332332322132231
0000001000201000010002010010000101020101000110200301030201211102020101030111210130201223011030203311021120300211202112113031132203033112030313022130122122323113102313112132122332332322132232233
000000100020100001000201001000010102010100011020030103020121110202010103011121013020122301103020331102112030021120211211303113220303311203031302213012212232311310231311213212233233232213230
000000100020100001000201001000010102010100011020030103020121110202010103011121013020122301103020331102112030021120211211303113220303311203031302213012212232311310231311213212233233232213231
000000100020100001000201001000010102010100011020030103020121110202010103011121013020122301103020331102112030021120211211303113220303311203031302213012212232311310231311213212233233232213232
000000100020100001000201001000010102010100011020030103020121110202010103011121013020122301103020331102112030021120211211303113220303311203031302213012212232311310231311213212233233232213233
00000010002010000100020100100001010201010001102003010302012111020201010301112101302012230110302033110211203002112021121130311322030331120303130221301221223231131023131121321223323323221331
00000010002010000100020100100001010201010001102003010302012111020201010301112101302012230110302033110211203002112021121130311322030331120303130221301221223231131023131121321223323323221332
000000100020100001000201001000010102010100011020030103020121110202010103011121013020122301103020331102112030021120211211303113220303311203031302213012212232311310231311213212233233232213333
00000010002010000100020100100001010201010001102003010302012111020201010301112101302012230110302033110211203002112021121130311322030331120303130221301221223231131023131121321223323330
00000010002010000100020100100001010201010001102003010302012111020201010301112101302012230110302033110211203002112021121130311322030331120303130221301221223231131023131121321223323331
00000010002010000100020100100001010201010001102003010302012111020201010301112101302012230110302033110211203002112021121130311322030331120303130221301221223231131023131121321223323332
00000010002010000100020100100001010201010001102003010302012111020201010301112101302012230110302033110211203002112021121130311322030331120303130221301221223231131023131121321223323333
0000001000201000010002010010000101020101000110200301030201211102020101030111210130201223011030203311021120300211202112113031132203033112030313022130122122323113102313112132123
0000001000201000010002010010000101020101000110200301030201211102020101030111210130201223011030203311021120300211202112113031132203033112030313022130122122323113102313112133
0000001000201000010002010010000101020101000110200301030201211102020101030111210130201223011030203311021120300211202112113031132203033112030313022130122122323113102313113
00000010002010000100020100100001010201010001102003010302012111020201010301112101302012230110302033110211203002112021121130311322030331120303130221301221223231131023131203
000000100020100001000201001000010102010100011020030103020121110202010103011121013020122301103020331102112030021120211211303113220303311203031302213012212232311310231312112
000000100020100001000201001000010102010100011020030103020121110202010103011121013020122301103020331102112030021120211211303113220303311203031302213012212232311310231312113
0000001000201000010002010010000101020101000110200301030201211102020101030111210130201223011030203311021120300211202112113031132203033112030313022130122122323113102313122
0000001000201000010002010010000101020101000110200301030201211102020101030111210130201223011030203311021120300211202112113031132203033112030313022130122122323113102313123
0000001000201000010002010010000101020101000110200301030201211102020101030111210130201223011030203311021120300211202112113031132203033112030313022130122122323113102313130221
0000001000201000010002010010000101020101000110200301030201211102020101030111210130201223011030203311021120300211202112113031132203033112030313022130122122323113102313130222
0000001000201000010002010010000101020101000110200301030201211102020101030111210130201223011030203311021120300211202112113031132203033112030313022130122122323113102313130223
000000100020100001000201001000010102010100011020030103020121110202010103011121013020122301103020331102112030021120211211303113220303311203031302213012212232311310231313023
0000001000201000010002010010000101020101000110200301030201211102020101030111210130201223011030203311021120300211202112113031132203033112030313022130122122323113102313130320
0000001000201000010002010010000101020101000110200301030201211102020101030111210130201223011030203311021120300211202112113031132203033112030313022130122122323113102313130321
0000001000201000010002010010000101020101000110200301030201211102020101030111210130201223011030203311021120300211202112113031132203033112030313022130122122323113102313130322
0000001000201000010002010010000101020101000110200301030201211102020101030111210130201223011030203311021120300211202112113031132203033112030313022130122122323113102313130323
0000001000201000010002010010000101020101000110200301030201211102020101030111210130201223011030203311021120300211202112113031132203033112030313022130122122323113102313130330
0000001000201000010002010010000101020101000110200301030201211102020101030111210130201223011030203311021120300211202112113031132203033112030313022130122122323113102313130331
00000010002010000100020100100001010201010001102003010302012111020201010301112101302012230110302033110211203002112021121130311322030331120303130221301221223231131023131303323
0000001000201000010002010010000101020101000110200301030201211102020101030111210130201223011030203311021120300211202112113031132203033112030313022130122122323113102313130333
00000010002010000100020100100001010201010001102003010302012111020201010301112101302012230110302033110211203002112021121130311322030331120303130221301221223231131023131312
00000010002010000100020100100001010201010001102003010302012111020201010301112101302012230110302033110211203002112021121130311322030331120303130221301221223231131023131313
00000010002010000100020100100001010201010001102003010302012111020201010301112101302012230110302033110211203002112021121130311322030331120303130221301221223231131023131323
00000010002010000100020100100001010201010001102003010302012111020201010301112101302012230110302033110211203002112021121130311322030331120303130221301221223231131023131332
00000010002010000100020100100001010201010001102003010302012111020201010301112101302012230110302033110211203002112021121130311322030331120303130221301221223231131023131333
000000100020100001000201001000010102010100011020030103020121110202010103011121013020122301103020331102112030021120211212
000000100020100001000201001000010102010100011020030103020121110202010103011121013020122301103020331102112030021120211213
00000010002010000100020100100001010201010001102003010302012111020201010301112101302012230110302033110211203002113
000000100020100001000201001000010102010100011020030103020121110202010103011121013020122301103020331102112031
000000100020100001000201001000010102010100011020030103020121110202010103011121013020122301103020331102112032
000000100020100001000201001000010102010100011020030103020121110202010103011121013020122301103020331102112033
000000100020100001000201001000010102010100011020030103020121110202010103011121013020122301103020331103
000000100020100001000201001000010102010100011020030103020121110202010103012
000000100020100001000201001000010102010100011020030103020121110202010103013
000000100020100001000201001000010102010100011020030103020121110202010103021
000000100020100001000201001000010102010100011020030103020121110202010103022
000000100020100001000201001000010102010100011020030103020121110202010103023
00000010002010000100020100100001010201010001102003010302012111020201010303
0000001000201000010002010010000101020101000110200301030201211102020101031
0000001000201000010002010010000101020101000110200301030201211102020101032
0000001000201000010002010010000101020101000110200301030201211102020101033
00000010002010000100020100100001010201010001102003010302012111021
00000010002010000100020100100001010201010001102003010302012111022
00000010002010000100020100100001010201010001102003010302012111023
00000010002010000100020100100001010201010001102003010303
000000100020100001000201001000011
000000100020100001000201001000012
000000100020100001000201001000013
000000100020100001000201001001
000000100020100001000201001002
000000100020100001000201001003
000000100020100001000201002
000000100020100001000201003
000000100020100001000202
000000100020100001000203
2000000100020100001000201001000010102010100011020030103020120
2000000100020100001000201001000010102010100011020030103020121110202010103011121013020120
2000000100020100001000201001000010102010100011020030103020121110202010103011121013020121
200000010002010000100020100100001010201010001102003010302012111020201010301112101302012230110302030
200000010002010000100020100100001010201010001102003010302012111020201010301112101302012230110302031
200000010002010000100020100100001010201010001102003010302012111020201010301112101302012230110302032
2000000100020100001000201001000010102010100011020030103020121110202010103011121013020122301103020331102112030020
2000000100020100001000201001000010102010100011020030103020121110202010103011121013020122301103020331102112030021120211211303110
2000000100020100001000201001000010102010100011020030103020121110202010103011121013020122301103020331102112030021120211211303111
2000000100020100001000201001000010102010100011020030103020121110202010103011121013020122301103020331102112030021120211211303112
2000000100020100001000201001000010102010100011020030103020121110202010103011121013020122301103020331102112030021120211211303113220302
2000000100020100001000201001000010102010100011020030103020121110202010103011121013020122301103020331102112030021120211211303113220303311203030
20000001000201000010002010010000101020101000110200301030201211102020101030111210130201223011030203311021120300211202112113031132203033112030313022130122121
2000000100020100001000201001000010102010100011020030103020121110202010103011121013020122301103020331102112030021120211211303113220303311203031302213012212230
2000000100020100001000201001000010102010100011020030103020121110202010103011121013020122301103020331102112030021120211211303113220303311203031302213012212231
200000010002010000100020100100001010201010001102003010302012111020201010301112101302012230110302033110211203002112021121130311322030331120303130221301221223231122
200000010002010000100020100100001010201010001102003010302012111020201010301112101302012230110302033110211203002112021121130311322030331120303130221301221223231123
200000010002010000100020100100001010201010001102003010302012111020201010301112101302012230110302033110211203002112021121130311322030331120303130221301221223231131022
20000001000201000010002010010000101020101000110200301030201211102020101030111210130201223011030203311021120300211202112113031132203033112030313022130122122323113102313110
20000001000201000010002010010000101020101000110200301030201211102020101030111210130201223011030203311021120300211202112113031132203033112030313022130122122323113102313111
20000001000201000010002010010000101020101000110200301030201211102020101030111210130201223011030203311021120300211202112113031132203033112030313022130122122323113102313112132113
200000010002010000100020100100001010201010001102003010302012111020201010301112101302012230110302033110211203002112021121130311322030331120303130221301221223231131023131121321221
200000010002010000100020100100001010201010001102003010302012111020201010301112101302012230110302033110211203002112021121130311322030331120303130221301221223231131023131121321222
200000010002010000100020100100001010201010001102003010302012111020201010301112101302012230110302033110211203002112021121130311322030331120303130221301221223231131023131121321223322
2000000100020100001000201001000010102010100011020030103020121110202010103011121013020122301103020331102112030021120211211303113220303311203031302213012212232311310231311213212233232
200000010002010000100020100100001010201010001102003010302012111020201010301112101302012230110302033110211203002112021121130311322030331120303130221301221223231131023131121321223323320330
200000010002010000100020100100001010201010001102003010302012111020201010301112101302012230110302033110211203002112021121130311322030331120303130221301221223231131023131121321223323320331
200000010002010000100020100100001010201010001102003010302012111020201010301112101302012230110302033110211203002112021121130311322030331120303130221301221223231131023131121321223323320332
200000010002010000100020100100001010201010001102003010302012111020201010301112101302012230110302033110211203002112021121130311322030331120303130221301221223231131023131121321223323320333
2000000100020100001000201001000010102010100011020030103020121110202010103011121013020122301103020331102112030021120211211303113220303311203031302213012212232311310231311213212233233212
2000000100020100001000201001000010102010100011020030103020121110202010103011121013020122301103020331102112030021120211211303113220303311203031302213012212232311310231311213212233233213
200000010002010000100020100100001010201010001102003010302012111020201010301112101302012230110302033110211203002112021121130311322030331120303130221301221223231131023131121321223323322
20000001000201000010002010010000101020101000110200301030201211102020101030111210130201223011030203311021120300211202112113031132203033112030313022130122122323113102313112132122332332313
20000001000201000010002010010000101020101000110200301030201211102020101030111210130201223011030203311021120300211202112113031132203033112030313022130122122323113102313112132122332332322132231
20000001000201000010002010010000101020101000110200301030201211102020101030111210130201223011030203311021120300211202112113031132203033112030313022130122122323113102313112132122332332322132232233
2000000100020100001000201001000010102010100011020030103020121110202010103011121013020122301103020331102112030021120211211303113220303311203031302213012212232311310231311213212233233232213230
2000000100020100001000201001000010102010100011020030103020121110202010103011121013020122301103020331102112030021120211211303113220303311203031302213012212232311310231311213212233233232213231
2000000100020100001000201001000010102010100011020030103020121110202010103011121013020122301103020331102112030021120211211303113220303311203031302213012212232311310231311213212233233232213232
2000000100020100001000201001000010102010100011020030103020121110202010103011121013020122301103020331102112030021120211211303113220303311203031302213012212232311310231311213212233233232213233
200000010002010000100020100100001010201010001102003010302012111020201010301112101302012230110302033110211203002112021121130311322030331120303130221301221223231131023131121321223323323221331
200000010002010000100020100100001010201010001102003010302012111020201010301112101302012230110302033110211203002112021121130311322030331120303130221301221223231131023131121321223323323221332
2000000100020100001000201001000010102010100011020030103020121110202010103011121013020122301103020331102112030021120211211303113220303311203031302213012212232311310231311213212233233232213333
200000010002010000100020100100001010201010001102003010302012111020201010301112101302012230110302033110211203002112021121130311322030331120303130221301221223231131023131121321223323330
200000010002010000100020100100001010201010001102003010302012111020201010301112101302012230110302033110211203002112021121130311322030331120303130221301221223231131023131121321223323331
200000010002010000100020100100001010201010001102003010302012111020201010301112101302012230110302033110211203002112021121130311322030331120303130221301221223231131023131121321223323332
200000010002010000100020100100001010201010001102003010302012111020201010301112101302012230110302033110211203002112021121130311322030331120303130221301221223231131023131121321223323333
20000001000201000010002010010000101020101000110200301030201211102020101030111210130201223011030203311021120300211202112113031132203033112030313022130122122323113102313112132123
20000001000201000010002010010000101020101000110200301030201211102020101030111210130201223011030203311021120300211202112113031132203033112030313022130122122323113102313112133
20000001000201000010002010010000101020101000110200301030201211102020101030111210130201223011030203311021120300211202112113031132203033112030313022130122122323113102313113
200000010002010000100020100100001010201010001102003010302012111020201010301112101302012230110302033110211203002112021121130311322030331120303130221301221223231131023131203
2000000100020100001000201001000010102010100011020030103020121110202010103011121013020122301103020331102112030021120211211303113220303311203031302213012212232311310231312112
2000000100020100001000201001000010102010100011020030103020121110202010103011121013020122301103020331102112030021120211211303113220303311203031302213012212232311310231312113
20000001000201000010002010010000101020101000110200301030201211102020101030111210130201223011030203311021120300211202112113031132203033112030313022130122122323113102313122
20000001000201000010002010010000101020101000110200301030201211102020101030111210130201223011030203311021120300211202112113031132203033112030313022130122122323113102313123
20000001000201000010002010010000101020101000110200301030201211102020101030111210130201223011030203311021120300211202112113031132203033112030313022130122122323113102313130221
20000001000201000010002010010000101020101000110200301030201211102020101030111210130201223011030203311021120300211202112113031132203033112030313022130122122323113102313130222
20000001000201000010002010010000101020101000110200301030201211102020101030111210130201223011030203311021120300211202112113031132203033112030313022130122122323113102313130223
2000000100020100001000201001000010102010100011020030103020121110202010103011121013020122301103020331102112030021120211211303113220303311203031302213012212232311310231313023
20000001000201000010002010010000101020101000110200301030201211102020101030111210130201223011030203311021120300211202112113031132203033112030313022130122122323113102313130320
20000001000201000010002010010000101020101000110200301030201211102020101030111210130201223011030203311021120300211202112113031132203033112030313022130122122323113102313130321
20000001000201000010002010010000101020101000110200301030201211102020101030111210130201223011030203311021120300211202112113031132203033112030313022130122122323113102313130322
20000001000201000010002010010000101020101000110200301030201211102020101030111210130201223011030203311021120300211202112113031132203033112030313022130122122323113102313130323
20000001000201000010002010010000101020101000110200301030201211102020101030111210130201223011030203311021120300211202112113031132203033112030313022130122122323113102313130330
20000001000201000010002010010000101020101000110200301030201211102020101030111210130201223011030203311021120300211202112113031132203033112030313022130122122323113102313130331
200000010002010000100020100100001010201010001102003010302012111020201010301112101302012230110302033110211203002112021121130311322030331120303130221301221223231131023131303323
20000001000201000010002010010000101020101000110200301030201211102020101030111210130201223011030203311021120300211202112113031132203033112030313022130122122323113102313130333
200000010002010000100020100100001010201010001102003010302012111020201010301112101302012230110302033110211203002112021121130311322030331120303130221301221223231131023131312
200000010002010000100020100100001010201010001102003010302012111020201010301112101302012230110302033110211203002112021121130311322030331120303130221301221223231131023131313
200000010002010000100020100100001010201010001102003010302012111020201010301112101302012230110302033110211203002112021121130311322030331120303130221301221223231131023131323
200000010002010000100020100100001010201010001102003010302012111020201010301112101302012230110302033110211203002112021121130311322030331120303130221301221223231131023131332
200000010002010000100020100100001010201010001102003010302012111020201010301112101302012230110302033110211203002112021121130311322030331120303130221301221223231131023131333
2000000100020100001000201001000010102010100011020030103020121110202010103011121013020122301103020331102112030021120211212
2000000100020100001000201001000010102010100011020030103020121110202010103011121013020122301103020331102112030021120211213
200000010002010000100020100100001010201010001102003010302012111020201010301112101302012230110302033110211203002113
2000000100020100001000201001000010102010100011020030103020121110202010103011121013020122301103020331102112031
2000000100020100001000201001000010102010100011020030103020121110202010103011121013020122301103020331102112032
2000000100020100001000201001000010102010100011020030103020121110202010103011121013020122301103020331102112033
2000000100020100001000201001000010102010100011020030103020121110202010103011121013020122301103020331103
2000000100020100001000201001000010102010100011020030103020121110202010103012
2000000100020100001000201001000010102010100011020030103020121110202010103013
2000000100020100001000201001000010102010100011020030103020121110202010103021
2000000100020100001000201001000010102010100011020030103020121110202010103022
2000000100020100001000201001000010102010100011020030103020121110202010103023
200000010002010000100020100100001010201010001102003010302012111020201010303
20000001000201000010002010010000101020101000110200301030201211102020101031
20000001000201000010002010010000101020101000110200301030201211102020101032
20000001000201000010002010010000101020101000110200301030201211102020101033
200000010002010000100020100100001010201010001102003010302012111021
200000010002010000100020100100001010201010001102003010302012111022
200000010002010000100020100100001010201010001102003010302012111023
200000010002010000100020100100001010201010001102003010303
2000000100020100001000201001000011
2000000100020100001000201001000012
2000000100020100001000201001000013
2000000100020100001000201001001
2000000100020100001000201001002
2000000100020100001000201001003
2000000100020100001000201002
2000000100020100001000201003
2000000100020100001000202
2000000100020100001000203
1000001000000101000201001000010102002030103020101000110200
100000100000010100020100100001010200203010302010100011020111020120
10000010000001010002010010000101020020301030201010001102011102012121020
10000010000001010002010010000101020020301030201010001102011102012121021302011
100000100000010100020100100001010200203010302010100011020111020121210213020122301102010103011311021120300202030
100000100000010100020100100001010200203010302010100011020111020121210213020122301102010103011311021120300202031
100000100000010100020100100001010200203010302010100011020111020121210213020122301102010103011311021120300202032
10000010000001010002010010000101020020301030201010001102011102012121021302012230110201010301131102112030020203321120211211303111
10000010000001010002010010000101020020301030201010001102011102012121021302012230110201010301131102112030020203321120211211303112
10000010000001010002010010000101020020301030201010001102011102012121021302012230110201010301131102112030020203321120211211303113303
10000010000001010002010010000101020020301030201010001102011102012121021302012230110201010301131102112030020203321120211211303113311203030
10000010000001010002010010000101020020301030201010001102011102012121021302012230110201010301131102112030020203321120211211303113311203031302213012212030
100000100000010100020100100001010200203010302010100011020111020121210213020122301102010103011311021120300202033211202112113031133112030313022130122120313110
100000100000010100020100100001010200203010302010100011020111020121210213020122301102010103011311021120300202033211202112113031133112030313022130122120313111
100000100000010100020100100001010200203010302010100011020111020121210213020122301102010103011311021120300202033211202112113031133112030313022130122120313112032211
10000010000001010002010010000101020020301030201010001102011102012121021302012230110201010301131102112030020203321120211211303113311203031302213012212031311203221221
100000100000010100020100100001010200203010302010100011020111020121210213020122301102010103011311021120300202033211202112113031133112030313022130122120313112032212221
10000010000001010002010010000101020020301030201010001102011102012121021302012230110201010301131102112030020203321120211211303113311203031302213012212031311203221222230
10000010000001010002010010000101020020301030201010001102011102012121021302012230110201010301131102112030020203321120211211303113311203031302213012212031311203221222231
1000001000000101000201001000010102002030103020101000110201110201212102130201223011020101030113110211203002020332112021121130311331120303130221301221203131120322122223231122
1000001000000101000201001000010102002030103020101000110201110201212102130201223011020101030113110211203002020332112021121130311331120303130221301221203131120322122223231123
1000001000000101000201001000010102002030103020101000110201110201212102130201223011020101030113110211203002020332112021121130311331120303130221301221203131120322122223231131022
10000010000001010002010010000101020020301030201010001102011102012121021302012230110201010301131102112030020203321120211211303113311203031302213012212031311203221222232311310232132213230
10000010000001010002010010000101020020301030201010001102011102012121021302012230110201010301131102112030020203321120211211303113311203031302213012212031311203221222232311310232132213231
100000100000010100020100100001010200203010302010100011020111020121210213020122301102010103011311021120300202033211202112113031133112030313022130122120313112032212222323113102321322132322
1000001000000101000201001000010102002030103020101000110201110201212102130201223011020101030113110211203002020332112021121130311331120303130221301221203131120322122223231131023213221323232
100000100000010100020100100001010200203010302010100011020111020121210213020122301102010103011311021120300202033211202112113031133112030313022130122120313112032212222323113102321322132323320330
100000100000010100020100100001010200203010302010100011020111020121210213020122301102010103011311021120300202033211202112113031133112030313022130122120313112032212222323113102321322132323320331
100000100000010100020100100001010200203010302010100011020111020121210213020122301102010103011311021120300202033211202112113031133112030313022130122120313112032212222323113102321322132323320332
100000100000010100020100100001010200203010302010100011020111020121210213020122301102010103011311021120300202033211202112113031133112030313022130122120313112032212222323113102321322132323320333
1000001000000101000201001000010102002030103020101000110201110201212102130201223011020101030113110211203002020332112021121130311331120303130221301221203131120322122223231131023213221323233212
1000001000000101000201001000010102002030103020101000110201110201212102130201223011020101030113110211203002020332112021121130311331120303130221301221203131120322122223231131023213221323233213
10000010000001010002010010000101020020301030201010001102011102012121021302012230110201010301131102112030020203321120211211303113311203031302213012212031311203221222232311310232132213232332233
10000010000001010002010010000101020020301030201010001102011102012121021302012230110201010301131102112030020203321120211211303113311203031302213012212031311203221222232311310232132213232332313
100000100000010100020100100001010200203010302010100011020111020121210213020122301102010103011311021120300202033211202112113031133112030313022130122120313112032212222323113102321322132323323231
100000100000010100020100100001010200203010302010100011020111020121210213020122301102010103011311021120300202033211202112113031133112030313022130122120313112032212222323113102321322132323323232233
10000010000001010002010010000101020020301030201010001102011102012121021302012230110201010301131102112030020203321120211211303113311203031302213012212031311203221222232311310232132213232332333
100000100000010100020100100001010200203010302010100011020111020121210213020122301102010103011311021120300202033211202112113031133112030313022130122120313112032212222323113102321322132323330
100000100000010100020100100001010200203010302010100011020111020121210213020122301102010103011311021120300202033211202112113031133112030313022130122120313112032212222323113102321322132323331
100000100000010100020100100001010200203010302010100011020111020121210213020122301102010103011311021120300202033211202112113031133112030313022130122120313112032212222323113102321322132323332
100000100000010100020100100001010200203010302010100011020111020121210213020122301102010103011311021120300202033211202112113031133112030313022130122120313112032212222323113102321322132323333
1000001000000101000201001000010102002030103020101000110201110201212102130201223011020101030113110211203002020332112021121130311331120303130221301221203131120322122223231131023213221331
1000001000000101000201001000010102002030103020101000110201110201212102130201223011020101030113110211203002020332112021121130311331120303130221301221203131120322122223231131023213221332
1000001000000101000201001000010102002030103020101000110201110201212102130201223011020101030113110211203002020332112021121130311331120303130221301221203131120322122223231131023213221333
10000010000001010002010010000101020020301030201010001102011102012121021302012230110201010301131102112030020203321120211211303113311203031302213012212031311203221222232311310232133
100000100000010100020100100001010200203010302010100011020111020121210213020122301102010103011311021120300202033211202112113031133112030313022130122120313112032212222323113103
100000100000010100020100100001010200203010302010100011020111020121210213020122301102010103011311021120300202033211202112113031133112030313022130122120313112032212222323113112
100000100000010100020100100001010200203010302010100011020111020121210213020122301102010103011311021120300202033211202112113031133112030313022130122120313112032212222323113113
1000001000000101000201001000010102002030103020101000110201110201212102130201223011020101030113110211203002020332112021121130311331120303130221301221203131120322123
100000100000010100020100100001010200203010302010100011020111020121210213020122301102010103011311021120300202033211202112113031133112030313022130122120313112033
100000100000010100020100100001010200203010302010100011020111020121210213020122301102010103011311021120300202033211202112113031133112030313022130122120313113
100000100000010100020100100001010200203010302010100011020111020121210213020122301102010103011311021120300202033211202112113031133112030313022130122120313120
100000100000010100020100100001010200203010302010100011020111020121210213020122301102010103011311021120300202033211202112113031133112030313022130122120313121
100000100000010100020100100001010200203010302010100011020111020121210213020122301102010103011311021120300202033211202112113031133112030313022130122120313122
100000100000010100020100100001010200203010302010100011020111020121210213020122301102010103011311021120300202033211202112113031133112030313022130122120313123
100000100000010100020100100001010200203010302010100011020111020121210213020122301102010103011311021120300202033211202112113031133112030313022130122120313130221
100000100000010100020100100001010200203010302010100011020111020121210213020122301102010103011311021120300202033211202112113031133112030313022130122120313130222
100000100000010100020100100001010200203010302010100011020111020121210213020122301102010103011311021120300202033211202112113031133112030313022130122120313130223
10000010000001010002010010000101020020301030201010001102011102012121021302012230110201010301131102112030020203321120211211303113311203031302213012212031313023
100000100000010100020100100001010200203010302010100011020111020121210213020122301102010103011311021120300202033211202112113031133112030313022130122120313130320
100000100000010100020100100001010200203010302010100011020111020121210213020122301102010103011311021120300202033211202112113031133112030313022130122120313130321
100000100000010100020100100001010200203010302010100011020111020121210213020122301102010103011311021120300202033211202112113031133112030313022130122120313130322
100000100000010100020100100001010200203010302010100011020111020121210213020122301102010103011311021120300202033211202112113031133112030313022130122120313130323
100000100000010100020100100001010200203010302010100011020111020121210213020122301102010103011311021120300202033211202112113031133112030313022130122120313130330
100000100000010100020100100001010200203010302010100011020111020121210213020122301102010103011311021120300202033211202112113031133112030313022130122120313130331
1000001000000101000201001000010102002030103020101000110201110201212102130201223011020101030113110211203002020332112021121130311331120303130221301221203131303323
100000100000010100020100100001010200203010302010100011020111020121210213020122301102010103011311021120300202033211202112113031133112030313022130122120313130333
1000001000000101000201001000010102002030103020101000110201110201212102130201223011020101030113110211203002020332112021121130311331120303130221301221203131312
1000001000000101000201001000010102002030103020101000110201110201212102130201223011020101030113110211203002020332112021121130311331120303130221301221203131313
1000001000000101000201001000010102002030103020101000110201110201212102130201223011020101030113110211203002020332112021121130311331120303130221301221203131322
1000001000000101000201001000010102002030103020101000110201110201212102130201223011020101030113110211203002020332112021121130311331120303130221301221203131323
100000100000010100020100100001010200203010302010100011020111020121210213020122301102010103011311021120300202033211202112113031133112030313022130122120313133
10000010000001010002010010000101020020301030201010001102011102012121021302012230110201010301131102112030020203321120211212
10000010000001010002010010000101020020301030201010001102011102012121021302012230110201010301131102112030020203321120211213
1000001000000101000201001000010102002030103020101000110201110201212102130201223011020101030113110211203002020332113
10000010000001010002010010000101020020301030201010001102011102012121021302012230110201010301131102112031
10000010000001010002010010000101020020301030201010001102011102012121021302012230110201010301131102112032
10000010000001010002010010000101020020301030201010001102011102012121021302012230110201010301131102112033
10000010000001010002010010000101020020301030201010001102011102012121021302012230110201010301131103
100000100000010100020100100001010200203010302010100011020111020121210213020122301102010103012
100000100000010100020100100001010200203010302010100011020111020121210213020122301102010103013
100000100000010100020100100001010200203010302010100011020111020121210213020122301102010103021
100000100000010100020100100001010200203010302010100011020111020121210213020122301102010103022
100000100000010100020100100001010200203010302010100011020111020121210213020122301102010103023
10000010000001010002010010000101020020301030201010001102011102012121021302012230110201010303
1000001000000101000201001000010102002030103020101000110201110201212102130201223011020101031
1000001000000101000201001000010102002030103020101000110201110201212102130201223011020101032
1000001000000101000201001000010102002030103020101000110201110201212102130201223011020101033
100000100000010100020100100001010200203010302010100011020111021
100000100000010100020100100001010200203010302010100011020111022
100000100000010100020100100001010200203010302010100011020111023
100000100000010100020100100001010200203010303
1000001000000101000201001000011
1000001000000101000201001000012
1000001000000101000201001000013
1000001000000101000201001001
1000001000000101000201001002
1000001000000101000201001003
1000001000000101000201002
1000001000000101000201003
1000001000000101000202
1000001000000101000203
3000001000201000010002010010000101020030000101010102011020030103020120
30000010002010000100020100100001010200300001010101020110200301030201211103011121013020120
30000010002010000100020100100001010200300001010101020110200301030201211103011121013020121
300000100020100001000201001000010102003000010101010201102003010302012111030111210130201223011020202030
300000100020100001000201001000010102003000010101010201102003010302012111030111210130201223011020202031
300000100020100001000201001000010102003000010101010201102003010302012111030111210130201223011020202032
30000010002010000100020100100001010200300001010101020110200301030201211103011121013020122301102020203311021120
3000001000201000010002010010000101020030000101010102011020030103020121110301112101302012230110202020331102112130122030211120302
300000100020100001000201001000010102003000010101010201102003010302012111030111210130201223011020202033110211213012203021112030321211303110
300000100020100001000201001000010102003000010101010201102003010302012111030111210130201223011020202033110211213012203021112030321211303111
300000100020100001000201001000010102003000010101010201102003010302012111030111210130201223011020202033110211213012203021112030321211303112
30000010002010000100020100100001010200300001010101020110200301030201211103011121013020122301102020203311021121301220302111203032121130311330
300000100020100001000201001000010102003000010101010201102003010302012111030111210130201223011020202033110211213012203021112030321211303113311212030
3000001000201000010002010010000101020030000101010102011020030103020121110301112101302012230110202020331102112130122030211120303212113031133112120313110
3000001000201000010002010010000101020030000101010102011020030103020121110301112101302012230110202020331102112130122030211120303212113031133112120313111
30000010002010000100020100100001010200300001010101020110200301030201211103011121013020122301102020203311021121301220302111203032121130311331121203131120322113
300000100020100001000201001000010102003000010101010201102003010302012111030111210130201223011020202033110211213012203021112030321211303113311212031311203221221
3000001000201000010002010010000101020030000101010102011020030103020121110301112101302012230110202020331102112130122030211120303212113031133112120313112032212221
300000100020100001000201001000010102003000010101010201102003010302012111030111210130201223011020202033110211213012203021112030321211303113311212031311203221222231
3000001000201000010002010010000101020030000101010102011020030103020121110301112101302012230110202020331102112130122030211120303212113031133112120313112032212222322231122
3000001000201000010002010010000101020030000101010102011020030103020121110301112101302012230110202020331102112130122030211120303212113031133112120313112032212222322231123
300000100020100001000201001000010102003000010101010201102003010302012111030111210130201223011020202033110211213012203021112030321211303113311212031311203221222232223113102321322131302
30000010002010000100020100100001010200300001010101020110200301030201211103011121013020122301102020203311021121301220302111203032121130311331121203131120322122223222311310232132213130330
30000010002010000100020100100001010200300001010101020110200301030201211103011121013020122301102020203311021121301220302111203032121130311331121203131120322122223222311310232132213130331
30000010002010000100020100100001010200300001010101020110200301030201211103011121013020122301102020203311021121301220302111203032121130311331121203131120322122223222311310232132213130332
300000100020100001000201001000010102003000010101010201102003010302012111030111210130201223011020202033110211213012203021112030321211303113311212031311203221222232223113102321322131303332
30000010002010000100020100100001010200300001010101020110200301030201211103011121013020122301102020203311021121301220302111203032121130311331121203131120322122223222311310232132213130333320
3000001000201000010002010010000101020030000101010102011020030103020121110301112101302012230110202020331102112130122030211120303212113031133112120313112032212222322231131023213221313033332122
3000001000201000010002010010000101020030000101010102011020030103020121110301112101302012230110202020331102112130122030211120303212113031133112120313112032212222322231131023213221313033332123
300000100020100001000201001000010102003000010101010201102003010302012111030111210130201223011020202033110211213012203021112030321211303113311212031311203221222232223113102321322131303333213
3000001000201000010002010010000101020030000101010102011020030103020121110301112101302012230110202020331102112130122030211120303212113031133112120313112032212222322231131023213221313033332233
3000001000201000010002010010000101020030000101010102011020030103020121110301112101302012230110202020331102112130122030211120303212113031133112120313112032212222322231131023213221313033332313
30000010002010000100020100100001010200300001010101020110200301030201211103011121013020122301102020203311021121301220302111203032121130311331121203131120322122223222311310232132213130333323231
30000010002010000100020100100001010200300001010101020110200301030201211103011121013020122301102020203311021121301220302111203032121130311331121203131120322122223222311310232132213130333323232233
3000001000201000010002010010000101020030000101010102011020030103020121110301112101302012230110202020331102112130122030211120303212113031133112120313112032212222322231131023213221313033332330
3000001000201000010002010010000101020030000101010102011020030103020121110301112101302012230110202020331102112130122030211120303212113031133112120313112032212222322231131023213221313033332331
3000001000201000010002010010000101020030000101010102011020030103020121110301112101302012230110202020331102112130122030211120303212113031133112120313112032212222322231131023213221313033332332
3000001000201000010002010010000101020030000101010102011020030103020121110301112101302012230110202020331102112130122030211120303212113031133112120313112032212222322231131023213221313033332333
30000010002010000100020100100001010200300001010101020110200301030201211103011121013020122301102020203311021121301220302111203032121130311331121203131120322122223222311310232132213130333330
30000010002010000100020100100001010200300001010101020110200301030201211103011121013020122301102020203311021121301220302111203032121130311331121203131120322122223222311310232132213130333331
30000010002010000100020100100001010200300001010101020110200301030201211103011121013020122301102020203311021121301220302111203032121130311331121203131120322122223222311310232132213130333332
30000010002010000100020100100001010200300001010101020110200301030201211103011121013020122301102020203311021121301220302111203032121130311331121203131120322122223222311310232132213130333333
30000010002010000100020100100001010200300001010101020110200301030201211103011121013020122301102020203311021121301220302111203032121130311331121203131120322122223222311310232132213131
30000010002010000100020100100001010200300001010101020110200301030201211103011121013020122301102020203311021121301220302111203032121130311331121203131120322122223222311310232132213132
30000010002010000100020100100001010200300001010101020110200301030201211103011121013020122301102020203311021121301220302111203032121130311331121203131120322122223222311310232132213133
3000001000201000010002010010000101020030000101010102011020030103020121110301112101302012230110202020331102112130122030211120303212113031133112120313112032212222322231131023213221323
300000100020100001000201001000010102003000010101010201102003010302012111030111210130201223011020202033110211213012203021112030321211303113311212031311203221222232223113102321322133
30000010002010000100020100100001010200300001010101020110200301030201211103011121013020122301102020203311021121301220302111203032121130311331121203131120322122223222311310232133
300000100020100001000201001000010102003000010101010201102003010302012111030111210130201223011020202033110211213012203021112030321211303113311212031311203221222232223113103
300000100020100001000201001000010102003000010101010201102003010302012111030111210130201223011020202033110211213012203021112030321211303113311212031311203221222232223113112
300000100020100001000201001000010102003000010101010201102003010302012111030111210130201223011020202033110211213012203021112030321211303113311212031311203221222232223113113
30000010002010000100020100100001010200300001010101020110200301030201211103011121013020122301102020203311021121301220302111203032121130311331121203131120322123
3000001000201000010002010010000101020030000101010102011020030103020121110301112101302012230110202020331102112130122030211120303212113031133112120313112033
3000001000201000010002010010000101020030000101010102011020030103020121110301112101302012230110202020331102112130122030211120303212113031133112120313113
3000001000201000010002010010000101020030000101010102011020030103020121110301112101302012230110202020331102112130122030211120303212113031133112120313120
3000001000201000010002010010000101020030000101010102011020030103020121110301112101302012230110202020331102112130122030211120303212113031133112120313121
3000001000201000010002010010000101020030000101010102011020030103020121110301112101302012230110202020331102112130122030211120303212113031133112120313122
3000001000201000010002010010000101020030000101010102011020030103020121110301112101302012230110202020331102112130122030211120303212113031133112120313123
3000001000201000010002010010000101020030000101010102011020030103020121110301112101302012230110202020331102112130122030211120303212113031133112120313130221
3000001000201000010002010010000101020030000101010102011020030103020121110301112101302012230110202020331102112130122030211120303212113031133112120313130222
3000001000201000010002010010000101020030000101010102011020030103020121110301112101302012230110202020331102112130122030211120303212113031133112120313130223
300000100020100001000201001000010102003000010101010201102003010302012111030111210130201223011020202033110211213012203021112030321211303113311212031313023
3000001000201000010002010010000101020030000101010102011020030103020121110301112101302012230110202020331102112130122030211120303212113031133112120313130320
3000001000201000010002010010000101020030000101010102011020030103020121110301112101302012230110202020331102112130122030211120303212113031133112120313130321
3000001000201000010002010010000101020030000101010102011020030103020121110301112101302012230110202020331102112130122030211120303212113031133112120313130322
3000001000201000010002010010000101020030000101010102011020030103020121110301112101302012230110202020331102112130122030211120303212113031133112120313130323
3000001000201000010002010010000101020030000101010102011020030103020121110301112101302012230110202020331102112130122030211120303212113031133112120313130330
3000001000201000010002010010000101020030000101010102011020030103020121110301112101302012230110202020331102112130122030211120303212113031133112120313130331
30000010002010000100020100100001010200300001010101020110200301030201211103011121013020122301102020203311021121301220302111203032121130311331121203131303323
3000001000201000010002010010000101020030000101010102011020030103020121110301112101302012230110202020331102112130122030211120303212113031133112120313130333
30000010002010000100020100100001010200300001010101020110200301030201211103011121013020122301102020203311021121301220302111203032121130311331121203131312
30000010002010000100020100100001010200300001010101020110200301030201211103011121013020122301102020203311021121301220302111203032121130311331121203131313
30000010002010000100020100100001010200300001010101020110200301030201211103011121013020122301102020203311021121301220302111203032121130311331121203131322
30000010002010000100020100100001010200300001010101020110200301030201211103011121013020122301102020203311021121301220302111203032121130311331121203131323
3000001000201000010002010010000101020030000101010102011020030103020121110301112101302012230110202020331102112130122030211120303212113031133112120313133
300000100020100001000201001000010102003000010101010201102003010302012111030111210130201223011020202033110211213012203021112030321212
300000100020100001000201001000010102003000010101010201102003010302012111030111210130201223011020202033110211213012203021112030321213
300000100020100001000201001000010102003000010101010201102003010302012111030111210130201223011020202033110211213012203021113
3000001000201000010002010010000101020030000101010102011020030103020121110301112101302012230110202020331103
30000010002010000100020100100001010200300001010101020110200301030201211103012
30000010002010000100020100100001010200300001010101020110200301030201211103013
30000010002010000100020100100001010200300001010101020110200301030201211103021
30000010002010000100020100100001010200300001010101020110200301030201211103022
30000010002010000100020100100001010200300001010101020110200301030201211103023
30000010002010000100020100100001010200300001010101020110200301030201211103031
30000010002010000100020100100001010200300001010101020110200301030201211103032
30000010002010000100020100100001010200300001010101020110200301030201211103033
300000100020100001000201001000010102003000010101010201102003010302012111031
300000100020100001000201001000010102003000010101010201102003010302012111032
300000100020100001000201001000010102003000010101010201102003010302012111033
300000100020100001000201001000010102003000010101010201102003010303
30000010002010000100020100100001010200300001010101021
30000010002010000100020100100001010200300001010101022
30000010002010000100020100100001010200300001010101023
300000100020100001000201001000011
300000100020100001000201001000012
300000100020100001000201001000013
300000100020100001000201001001
300000100020100001000201001002
300000100020100001000201001003
300000100020100001000201002
300000100020100001000201003
300000100020100001000202
300000100020100001000203
