000000
010
0200
03000
0010
0020
0030
00010
00020
00030
000010
000020
000030
000001
000002
000003
011
012
013
0210
0220
0230
0201
0202
0203
0310
0320
0330
03010
03020
03030
03001
03002
03003
0011
0012
0013
00210
00220
00230
0031
0032
0033
00011
00012
00013
00021
00022
00023
00031
00032
00033
000011
000012
000013
000021
000022
000023
000031
000032
000033
0211
0212
0213
0221
0222
0223
0231
0232
0233
0311
0312
0313
0321
0322
0323
0331
0332
0333
03011
03012
03013
03021
03022
03023
03031
03032
03033
00211
00212
00213
00221
00222
00223
00231
00232
00233
100
110000
1200
13000
101
102
103
1110
1120
1130
11010
110200
11030
110010
110020
110030
110001
110002
110003
1210
1220
1230
1201
1202
1203
1310
1320
1330
13010
13020
13030
13001
13002
13003
1111
1112
1113
1121
1122
1123
1131
1132
1133
11011
11012
11013
11021
110220
110230
110201
110202
110203
11031
11032
11033
110011
110012
110013
110021
110022
110023
110031
110032
110033
1211
1212
1213
1221
1222
1223
1231
1232
1233
1311
1312
1313
1321
1322
1323
1331
1332
1333
13011
13012
13013
13021
13022
13023
13031
13032
13033
110221
110222
110223
110231
110232
110233
20000
21000
220
2300
2010
202000
2030
20010
20020
20030
20001
20002
20003
2110
2120
2130
21010
21020
21030
21001
21002
21003
221
222
223
2310
2320
2330
2301
2302
2303
2011
2012
2013
20210
2022
20230
202010
202020
202030
202001
202002
202003
2031
2032
2033
20011
20012
20013
20021
20022
20023
20031
20032
20033
2111
2112
2113
2121
2122
2123
2131
2132
2133
21011
21012
21013
21021
21022
21023
21031
21032
21033
2311
2312
2313
2321
2322
2323
2331
2332
2333
20211
20212
20213
20231
20232
20233
202011
202012
202013
202021
202022
202023
202031
202032
202033
300000
310
3200
33000
3010
30200
3030
30010
30020
30030
300010
300020
300030
300001
300002
300003
311
312
313
3210
3220
3230
3201
3202
3203
3310
3320
3330
33010
33020
33030
33001
33002
33003
3011
3012
3013
30210
30220
3023
30201
30202
30203
3031
3032
3033
30011
30012
30013
30021
30022
30023
30031
30032
30033
300011
300012
300013
300021
300022
300023
300031
300032
300033
3211
3212
3213
3221
3222
3223
3231
3232
3233
3311
3312
3313
3321
3322
3323
3331
3332
3333
33011
33012
33013
33021
33022
33023
33031
33032
33033
30211
30212
30213
30221
30222
30223
