0,13,3,7,2,5,7,11,8,5,3,2,13,11,8,7,7,2,8,4,4,3,2,6,4,7
0,13,3,7,2,5,7,11,8,5,3,2,13,11,8,7,7,2,8,4,4,3,2,6,4,8,7
0,13,3,7,2,5,7,11,8,5,3,2,13,11,8,7,7,2,8,4,4,3,2,6,8
0,13,3,7,2,5,7,11,8,5,3,2,13,11,8,7,7,2,8,4,4,3,2,6,10,3,7
0,13,3,7,2,5,7,11,8,5,3,2,13,11,8,7,7,2,8,4,4,3,2,6,10,12,0,5,1,3
0,13,3,7,2,5,7,11,8,5,3,2,13,11,8,7,7,2,8,4,4,3,2,6,10,12,0,5,1,6
0,13,3,7,2,5,7,11,8,5,3,2,13,11,8,7,7,2,8,4,4,3,2,6,10,12,0,5,1,2
0,13,3,7,2,5,7,11,8,5,3,2,13,11,8,7,7,2,8,4,4,3,2,6,10,12,0,5,1,11,6
0,13,3,7,2,5,7,11,8,5,3,2,13,11,8,7,7,2,8,4,4,3,2,6,10,12,0,5,10,2
0,13,3,7,2,5,7,11,8,5,3,2,13,11,8,7,7,2,8,4,4,3,2,6,10,12,0,5,10,9,10
0,13,3,7,2,5,7,11,8,5,3,2,13,11,8,7,7,2,8,4,4,3,2,6,10,12,0,5,10,9,9,9,12,0,12,4
0,13,3,7,2,5,7,11,8,5,3,2,13,11,8,7,7,2,8,4,4,3,2,6,10,12,0,5,10,9,9,9,12,0,12,6
0,13,3,7,2,5,7,11,8,5,3,2,13,3
0,13,3,7,2,5,7,11,8,5,3,2,13,12
