000000010101010001101111010202002030001030210112112020
0000000101010100011011110102020020300010302101121120213030300
0000000101010100011011110102020020300010302101121120213030301310
000000010101010001101111010202002030001030210112112021303030131121
0000000101010100011011110102020020300010302101121120213030301311223120
0000000101010100011011110102020020300010302101121120213030301311223121
000000010101010001101111010202002030001030210112112021303030131122312203100111322022
00000001010101000110111101020200203000103021011211202130303013112231220310011132202332031
0000000101010100011011110102020020300010302101121120213030301311223122031001113220233203212130102
0000000101010100011011110102020020300010302101121120213030301311223122031001113220233203212130103
0000000101010100011011110102020020300010302101121120213030301311223122031001113220233203212130112230
0000000101010100011011110102020020300010302101121120213030301311223122031001113220233203212130112231
0000000101010100011011110102020020300010302101121120213030301311223122031001113220233203212130112232
0000000101010100011011110102020020300010302101121120213030301311223122031001113220233203212130112233
00000001010101000110111101020200203000103021011211202130303013112231220310011132202332032121301123302
000000010101010001101111010202002030001030210112112021303030131122312203100111322023320321213011233030
000000010101010001101111010202002030001030210112112021303030131122312203100111322023320321213011233031
000000010101010001101111010202002030001030210112112021303030131122312203100111322023320321213011233032
000000010101010001101111010202002030001030210112112021303030131122312203100111322023320321213011233033
00000001010101000110111101020200203000103021011211202130303013112231220310011132202332032121301123311023
000000010101010001101111010202002030001030210112112021303030131122312203100111322023320321213011233110311220
000000010101010001101111010202002030001030210112112021303030131122312203100111322023320321213011233110311221
000000010101010001101111010202002030001030210112112021303030131122312203100111322023320321213011233110311222
000000010101010001101111010202002030001030210112112021303030131122312203100111322023320321213011233110311223
00000001010101000110111101020200203000103021011211202130303013112231220310011132202332032121301123311031123022
000000010101010001101111010202002030001030210112112021303030131122312203100111322023320321213011233110311230233
0000000101010100011011110102020020300010302101121120213030301311223122031001113220233203212130112331103112303
0000000101010100011011110102020020300010302101121120213030301311223122031001113220233203212130112331103112312
0000000101010100011011110102020020300010302101121120213030301311223122031001113220233203212130112331103112313
00000001010101000110111101020200203000103021011211202130303013112231220310011132202332032121301123311031123212
00000001010101000110111101020200203000103021011211202130303013112231220310011132202332032121301123311031123213
000000010101010001101111010202002030001030210112112021303030131122312203100111322023320321213011233110311232213
00000001010101000110111101020200203000103021011211202130303013112231220310011132202332032121301123311031123222
00000001010101000110111101020200203000103021011211202130303013112231220310011132202332032121301123311031123223
000000010101010001101111010202002030001030210112112021303030131122312203100111322023320321213011233110311232320
000000010101010001101111010202002030001030210112112021303030131122312203100111322023320321213011233110311232321
000000010101010001101111010202002030001030210112112021303030131122312203100111322023320321213011233110311232322
000000010101010001101111010202002030001030210112112021303030131122312203100111322023320321213011233110311232323
0000000101010100011011110102020020300010302101121120213030301311223122031001113220233203212130112331103112323300
000000010101010001101111010202002030001030210112112021303030131122312203100111322023320321213011233110311232330120
000000010101010001101111010202002030001030210112112021303030131122312203100111322023320321213011233110311232330121
000000010101010001101111010202002030001030210112112021303030131122312203100111322023320321213011233110311232330122
000000010101010001101111010202002030001030210112112021303030131122312203100111322023320321213011233110311232330123
000000010101010001101111010202002030001030210112112021303030131122312203100111322023320321213011233110311232330130
000000010101010001101111010202002030001030210112112021303030131122312203100111322023320321213011233110311232330131
000000010101010001101111010202002030001030210112112021303030131122312203100111322023320321213011233110311232330132
000000010101010001101111010202002030001030210112112021303030131122312203100111322023320321213011233110311232330133
0000000101010100011011110102020020300010302101121120213030301311223122031001113220233203212130112331103112323302
000000010101010001101111010202002030001030210112112021303030131122312203100111322023320321213011233110311232330310
00000001010101000110111101020200203000103021011211202130303013112231220310011132202332032121301123311031123233031120
000000010101010001101111010202002030001030210112112021303030131122312203100111322023320321213011233110311232330311213020301
000000010101010001101111010202002030001030210112112021303030131122312203100111322023320321213011233110311232330311213020302
000000010101010001101111010202002030001030210112112021303030131122312203100111322023320321213011233110311232330311213020303
000000010101010001101111010202002030001030210112112021303030131122312203100111322023320321213011233110311232330311213020311
000000010101010001101111010202002030001030210112112021303030131122312203100111322023320321213011233110311232330311213020312
000000010101010001101111010202002030001030210112112021303030131122312203100111322023320321213011233110311232330311213020313
00000001010101000110111101020200203000103021011211202130303013112231220310011132202332032121301123311031123233031121302032
0000000101010100011011110102020020300010302101121120213030301311223122031001113220233203212130112331103112323303112130203331
0000000101010100011011110102020020300010302101121120213030301311223122031001113220233203212130112331103112323303112130203332
0000000101010100011011110102020020300010302101121120213030301311223122031001113220233203212130112331103112323303112130203333
00000001010101000110111101020200203000103021011211202130303013112231220310011132202332032121301123311031123233031121302122
00000001010101000110111101020200203000103021011211202130303013112231220310011132202332032121301123311031123233031121302123
0000000101010100011011110102020020300010302101121120213030301311223122031001113220233203212130112331103112323303112130213
0000000101010100011011110102020020300010302101121120213030301311223122031001113220233203212130112331103112323303112131
0000000101010100011011110102020020300010302101121120213030301311223122031001113220233203212130112331103112323303112132
0000000101010100011011110102020020300010302101121120213030301311223122031001113220233203212130112331103112323303112133
000000010101010001101111010202002030001030210112112021303030131122312203100111322023320321213011233110311232330311223
00000001010101000110111101020200203000103021011211202130303013112231220310011132202332032121301123311031123233032
00000001010101000110111101020200203000103021011211202130303013112231220310011132202332032121301123311031123233033
00000001010101000110111101020200203000103021011211202130303013112231220310011132202332032121301123311031132
00000001010101000110111101020200203000103021011211202130303013112231220310011132202332032121301123311031133
00000001010101000110111101020200203000103021011211202130303013112231220310011132202332032121301123311032
00000001010101000110111101020200203000103021011211202130303013112231220310011132202332032121301123311033
0000000101010100011011110102020020300010302101121120213030301311223122031001113220233203212130113
00000001010101000110111101020200203000103021011211202130303013112231220310012
00000001010101000110111101020200203000103021011211202130303013112231220310013
0000000102
0000000103
20000000010101010001101111010202002030001030210112112020
200000000101010100011011110102020020300010302101121120213030300
200000000101010100011011110102020020300010302101121120213030301310
20000000010101010001101111010202002030001030210112112021303030131121
200000000101010100011011110102020020300010302101121120213030301311223120
200000000101010100011011110102020020300010302101121120213030301311223121
2000000001010101000110111101020200203000103021011211202130303013112231220310102
200000000101010100011011110102020020300010302101121120213030301311223122031010322022
200000000101010100011011110102020020300010302101121120213030301311223122031010322023320313
2000000001010101000110111101020200203000103021011211202130303013112231220310103220233203212130210111
20000000010101010001101111010202002030001030210112112021303030131122312203101032202332032121302101122
2000000001010101000110111101020200203000103021011211202130303013112231220310103220233203212130210112330
2000000001010101000110111101020200203000103021011211202130303013112231220310103220233203212130210112331
2000000001010101000110111101020200203000103021011211202130303013112231220310103220233203212130210112332
2000000001010101000110111101020200203000103021011211202130303013112231220310103220233203212130210112333
2000000001010101000110111101020200203000103021011211202130303013112231220310103220233203212130210113
20000000010101010001101111010202002030001030210112112021303030131122312203101032202332032121302101212
20000000010101010001101111010202002030001030210112112021303030131122312203101032202332032121302101213
2000000001010101000110111101020200203000103021011211202130303013112231220310103220233203212130210122130
2000000001010101000110111101020200203000103021011211202130303013112231220310103220233203212130210122131
2000000001010101000110111101020200203000103021011211202130303013112231220310103220233203212130210122132
2000000001010101000110111101020200203000103021011211202130303013112231220310103220233203212130210122133
20000000010101010001101111010202002030001030210112112021303030131122312203101032202332032121302101222
20000000010101010001101111010202002030001030210112112021303030131122312203101032202332032121302101223
20000000010101010001101111010202002030001030210112112021303030131122312203101032202332032121302101230223
2000000001010101000110111101020200203000103021011211202130303013112231220310103220233203212130210123023311112
2000000001010101000110111101020200203000103021011211202130303013112231220310103220233203212130210123023311113
20000000010101010001101111010202002030001030210112112021303030131122312203101032202332032121302101230233111220
20000000010101010001101111010202002030001030210112112021303030131122312203101032202332032121302101230233111221
20000000010101010001101111010202002030001030210112112021303030131122312203101032202332032121302101230233111222
20000000010101010001101111010202002030001030210112112021303030131122312203101032202332032121302101230233111223
200000000101010100011011110102020020300010302101121120213030301311223122031010322023320321213021012302331112302
200000000101010100011011110102020020300010302101121120213030301311223122031010322023320321213021012302331112303
20000000010101010001101111010202002030001030210112112021303030131122312203101032202332032121302101230233111231
20000000010101010001101111010202002030001030210112112021303030131122312203101032202332032121302101230233111232
200000000101010100011011110102020020300010302101121120213030301311223122031010322023320321213021012302331112331
200000000101010100011011110102020020300010302101121120213030301311223122031010322023320321213021012302331112332
20000000010101010001101111010202002030001030210112112021303030131122312203101032202332032121302101230233111233320
20000000010101010001101111010202002030001030210112112021303030131122312203101032202332032121302101230233111233321
20000000010101010001101111010202002030001030210112112021303030131122312203101032202332032121302101230233111233322
20000000010101010001101111010202002030001030210112112021303030131122312203101032202332032121302101230233111233323
2000000001010101000110111101020200203000103021011211202130303013112231220310103220233203212130210123023311123333003
20000000010101010001101111010202002030001030210112112021303030131122312203101032202332032121302101230233111233330120
20000000010101010001101111010202002030001030210112112021303030131122312203101032202332032121302101230233111233330121
20000000010101010001101111010202002030001030210112112021303030131122312203101032202332032121302101230233111233330122
20000000010101010001101111010202002030001030210112112021303030131122312203101032202332032121302101230233111233330123
20000000010101010001101111010202002030001030210112112021303030131122312203101032202332032121302101230233111233330130
20000000010101010001101111010202002030001030210112112021303030131122312203101032202332032121302101230233111233330131
20000000010101010001101111010202002030001030210112112021303030131122312203101032202332032121302101230233111233330132
20000000010101010001101111010202002030001030210112112021303030131122312203101032202332032121302101230233111233330133
200000000101010100011011110102020020300010302101121120213030301311223122031010322023320321213021012302331112333302
20000000010101010001101111010202002030001030210112112021303030131122312203101032202332032121302101230233111233330310
2000000001010101000110111101020200203000103021011211202130303013112231220310103220233203212130210123023311123333031120
200000000101010100011011110102020020300010302101121120213030301311223122031010322023320321213021012302331112333303112130301
200000000101010100011011110102020020300010302101121120213030301311223122031010322023320321213021012302331112333303112130302
200000000101010100011011110102020020300010302101121120213030301311223122031010322023320321213021012302331112333303112130303
200000000101010100011011110102020020300010302101121120213030301311223122031010322023320321213021012302331112333303112130311
200000000101010100011011110102020020300010302101121120213030301311223122031010322023320321213021012302331112333303112130312
200000000101010100011011110102020020300010302101121120213030301311223122031010322023320321213021012302331112333303112130313
20000000010101010001101111010202002030001030210112112021303030131122312203101032202332032121302101230233111233330311213032
20000000010101010001101111010202002030001030210112112021303030131122312203101032202332032121302101230233111233330311213033
20000000010101010001101111010202002030001030210112112021303030131122312203101032202332032121302101230233111233330311213122
20000000010101010001101111010202002030001030210112112021303030131122312203101032202332032121302101230233111233330311213123
2000000001010101000110111101020200203000103021011211202130303013112231220310103220233203212130210123023311123333031121313
200000000101010100011011110102020020300010302101121120213030301311223122031010322023320321213021012302331112333303112132
200000000101010100011011110102020020300010302101121120213030301311223122031010322023320321213021012302331112333303112133
20000000010101010001101111010202002030001030210112112021303030131122312203101032202332032121302101230233111233330311223
2000000001010101000110111101020200203000103021011211202130303013112231220310103220233203212130210123023311123333032
2000000001010101000110111101020200203000103021011211202130303013112231220310103220233203212130210123023311123333033
2000000001010101000110111101020200203000103021011211202130303013112231220310103220233203212130210123023311132
2000000001010101000110111101020200203000103021011211202130303013112231220310103220233203212130210123023311133
200000000101010100011011110102020020300010302101121120213030301311223122031010322023320321213021013
200000000101010100011011110102020020300010302101121120213030301311223122031010322023320321213021023
200000000101010100011011110102020020300010302101121120213030301311223122031010322023320321213021031
200000000101010100011011110102020020300010302101121120213030301311223122031010322023320321213021032
200000000101010100011011110102020020300010302101121120213030301311223122031010322023320321213021033
200000000102
200000000103
1000010002010002010110200212000103011021011110103020
10000100020100020101102002120001030110210111101030213030300
10000100020100020101102002120001030110210111101030213030301211
1000010002010002010110200212000103011021011110103021303030121223120
1000010002010002010110200212000103011021011110103021303030121223121310
1000010002010002010110200212000103011021011110103021303030121223121311322022
100001000201000201011020021200010301102101111010302130303012122312131132202332031
100001000201000201011020021200010301102101111010302130303012122312131132202332032120310001
100001000201000201011020021200010301102101111010302130303012122312131132202332032120310002130112230
100001000201000201011020021200010301102101111010302130303012122312131132202332032120310002130112231
100001000201000201011020021200010301102101111010302130303012122312131132202332032120310002130112232
100001000201000201011020021200010301102101111010302130303012122312131132202332032120310002130112233
1000010002010002010110200212000103011021011110103021303030121223121311322023320321203100021301123302
10000100020100020101102002120001030110210111101030213030301212231213113220233203212031000213011233030
10000100020100020101102002120001030110210111101030213030301212231213113220233203212031000213011233031
10000100020100020101102002120001030110210111101030213030301212231213113220233203212031000213011233032
10000100020100020101102002120001030110210111101030213030301212231213113220233203212031000213011233033
10000100020100020101102002120001030110210111101030213030301212231213113220233203212031000213011233110111
100001000201000201011020021200010301102101111010302130303012122312131132202332032120310002130112331101122
1000010002010002010110200212000103011021011110103021303030121223121311322023320321203100021301123311011233
10000100020100020101102002120001030110210111101030213030301212231213113220233203212031000213011233110113
100001000201000201011020021200010301102101111010302130303012122312131132202332032120310002130112331101212
100001000201000201011020021200010301102101111010302130303012122312131132202332032120310002130112331101213
1000010002010002010110200212000103011021011110103021303030121223121311322023320321203100021301123311012213
100001000201000201011020021200010301102101111010302130303012122312131132202332032120310002130112331101222
100001000201000201011020021200010301102101111010302130303012122312131132202332032120310002130112331101223
1000010002010002010110200212000103011021011110103021303030121223121311322023320321203100021301123311012320
1000010002010002010110200212000103011021011110103021303030121223121311322023320321203100021301123311012321
1000010002010002010110200212000103011021011110103021303030121223121311322023320321203100021301123311012322
1000010002010002010110200212000103011021011110103021303030121223121311322023320321203100021301123311012323
10000100020100020101102002120001030110210111101030213030301212231213113220233203212031000213011233110123300
1000010002010002010110200212000103011021011110103021303030121223121311322023320321203100021301123311012330120
1000010002010002010110200212000103011021011110103021303030121223121311322023320321203100021301123311012330121
1000010002010002010110200212000103011021011110103021303030121223121311322023320321203100021301123311012330122
1000010002010002010110200212000103011021011110103021303030121223121311322023320321203100021301123311012330123
1000010002010002010110200212000103011021011110103021303030121223121311322023320321203100021301123311012330130
1000010002010002010110200212000103011021011110103021303030121223121311322023320321203100021301123311012330131
1000010002010002010110200212000103011021011110103021303030121223121311322023320321203100021301123311012330132
1000010002010002010110200212000103011021011110103021303030121223121311322023320321203100021301123311012330133
10000100020100020101102002120001030110210111101030213030301212231213113220233203212031000213011233110123302
1000010002010002010110200212000103011021011110103021303030121223121311322023320321203100021301123311012330310
100001000201000201011020021200010301102101111010302130303012122312131132202332032120310002130112331101233031120
1000010002010002010110200212000103011021011110103021303030121223121311322023320321203100021301123311012330311213020301
1000010002010002010110200212000103011021011110103021303030121223121311322023320321203100021301123311012330311213020302
1000010002010002010110200212000103011021011110103021303030121223121311322023320321203100021301123311012330311213020303
1000010002010002010110200212000103011021011110103021303030121223121311322023320321203100021301123311012330311213020311
1000010002010002010110200212000103011021011110103021303030121223121311322023320321203100021301123311012330311213020312
1000010002010002010110200212000103011021011110103021303030121223121311322023320321203100021301123311012330311213020313
1000010002010002010110200212000103011021011110103021303030121223121311322023320321203100021301123311012330311213020320
1000010002010002010110200212000103011021011110103021303030121223121311322023320321203100021301123311012330311213020321
1000010002010002010110200212000103011021011110103021303030121223121311322023320321203100021301123311012330311213020322
1000010002010002010110200212000103011021011110103021303030121223121311322023320321203100021301123311012330311213020323
10000100020100020101102002120001030110210111101030213030301212231213113220233203212031000213011233110123303112130203302
10000100020100020101102002120001030110210111101030213030301212231213113220233203212031000213011233110123303112130203303
1000010002010002010110200212000103011021011110103021303030121223121311322023320321203100021301123311012330311213020331
1000010002010002010110200212000103011021011110103021303030121223121311322023320321203100021301123311012330311213020332
10000100020100020101102002120001030110210111101030213030301212231213113220233203212031000213011233110123303112130203331
10000100020100020101102002120001030110210111101030213030301212231213113220233203212031000213011233110123303112130203332
10000100020100020101102002120001030110210111101030213030301212231213113220233203212031000213011233110123303112130203333
1000010002010002010110200212000103011021011110103021303030121223121311322023320321203100021301123311012330311213021122
1000010002010002010110200212000103011021011110103021303030121223121311322023320321203100021301123311012330311213021123
1000010002010002010110200212000103011021011110103021303030121223121311322023320321203100021301123311012330311213021132
1000010002010002010110200212000103011021011110103021303030121223121311322023320321203100021301123311012330311213021133223122
1000010002010002010110200212000103011021011110103021303030121223121311322023320321203100021301123311012330311213021133223123
100001000201000201011020021200010301102101111010302130303012122312131132202332032120310002130112331101233031121302113322313
10000100020100020101102002120001030110210111101030213030301212231213113220233203212031000213011233110123303112130211332232
10000100020100020101102002120001030110210111101030213030301212231213113220233203212031000213011233110123303112130211332233
10000100020100020101102002120001030110210111101030213030301212231213113220233203212031000213011233110123303112130211333
1000010002010002010110200212000103011021011110103021303030121223121311322023320321203100021301123311013
1000010002010002010110200212000103011021011110103021303030121223121311322023320321203100021301123311022
1000010002010002010110200212000103011021011110103021303030121223121311322023320321203100021301123311023
1000010002010002010110200212000103011021011110103021303030121223121311322023320321203100021301123311031
1000010002010002010110200212000103011021011110103021303030121223121311322023320321203100021301123311032
1000010002010002010110200212000103011021011110103021303030121223121311322023320321203100021301123311033
100001000201000201011020021200010301102101111010302130303012122312131132202332032120310002130113
100001000201000201011020021200010301102101111010302130303012122312131132202332032120310003
1000010003
300000010010001101020202010111101030001030210112112020
3000000100100011010202020101111010300010302101121120213030300
3000000100100011010202020101111010300010302101121120213030301310
300000010010001101020202010111101030001030210112112021303030131121
3000000100100011010202020101111010300010302101121120213030301311223120
3000000100100011010202020101111010300010302101121120213030301311223121
30000001001000110102020201011110103000103021011211202130303013112231220310001
30000001001000110102020201011110103000103021011211202130303013112231220310002130102
3000000100100011010202020101111010300010302101121120213030301311223122031000213010322022
3000000100100011010202020101111010300010302101121120213030301311223122031000213010322023320313
30000001001000110102020201011110103000103021011211202130303013112231220310002130103220233203212230
30000001001000110102020201011110103000103021011211202130303013112231220310002130103220233203212231
30000001001000110102020201011110103000103021011211202130303013112231220310002130103220233203212232
30000001001000110102020201011110103000103021011211202130303013112231220310002130103220233203212233
300000010010001101020202010111101030001030210112112021303030131122312203100021301032202332032123302
3000000100100011010202020101111010300010302101121120213030301311223122031000213010322023320321233030
3000000100100011010202020101111010300010302101121120213030301311223122031000213010322023320321233031
3000000100100011010202020101111010300010302101121120213030301311223122031000213010322023320321233032
3000000100100011010202020101111010300010302101121120213030301311223122031000213010322023320321233033
3000000100100011010202020101111010300010302101121120213030301311223122031000213010322023320321233110111
30000001001000110102020201011110103000103021011211202130303013112231220310002130103220233203212331101122
300000010010001101020202010111101030001030210112112021303030131122312203100021301032202332032123311011233
3000000100100011010202020101111010300010302101121120213030301311223122031000213010322023320321233110113
30000001001000110102020201011110103000103021011211202130303013112231220310002130103220233203212331101212
30000001001000110102020201011110103000103021011211202130303013112231220310002130103220233203212331101213
300000010010001101020202010111101030001030210112112021303030131122312203100021301032202332032123311012213
30000001001000110102020201011110103000103021011211202130303013112231220310002130103220233203212331101222
30000001001000110102020201011110103000103021011211202130303013112231220310002130103220233203212331101223
300000010010001101020202010111101030001030210112112021303030131122312203100021301032202332032123311012320
300000010010001101020202010111101030001030210112112021303030131122312203100021301032202332032123311012321
300000010010001101020202010111101030001030210112112021303030131122312203100021301032202332032123311012322
300000010010001101020202010111101030001030210112112021303030131122312203100021301032202332032123311012323
3000000100100011010202020101111010300010302101121120213030301311223122031000213010322023320321233110123300
300000010010001101020202010111101030001030210112112021303030131122312203100021301032202332032123311012330120
300000010010001101020202010111101030001030210112112021303030131122312203100021301032202332032123311012330121
300000010010001101020202010111101030001030210112112021303030131122312203100021301032202332032123311012330122
300000010010001101020202010111101030001030210112112021303030131122312203100021301032202332032123311012330123
300000010010001101020202010111101030001030210112112021303030131122312203100021301032202332032123311012330130
300000010010001101020202010111101030001030210112112021303030131122312203100021301032202332032123311012330131
300000010010001101020202010111101030001030210112112021303030131122312203100021301032202332032123311012330132
300000010010001101020202010111101030001030210112112021303030131122312203100021301032202332032123311012330133
3000000100100011010202020101111010300010302101121120213030301311223122031000213010322023320321233110123302
300000010010001101020202010111101030001030210112112021303030131122312203100021301032202332032123311012330310
30000001001000110102020201011110103000103021011211202130303013112231220310002130103220233203212331101233031120
300000010010001101020202010111101030001030210112112021303030131122312203100021301032202332032123311012330311213020311
300000010010001101020202010111101030001030210112112021303030131122312203100021301032202332032123311012330311213020312
300000010010001101020202010111101030001030210112112021303030131122312203100021301032202332032123311012330311213020313
300000010010001101020202010111101030001030210112112021303030131122312203100021301032202332032123311012330311213020320
300000010010001101020202010111101030001030210112112021303030131122312203100021301032202332032123311012330311213020321
300000010010001101020202010111101030001030210112112021303030131122312203100021301032202332032123311012330311213020322
300000010010001101020202010111101030001030210112112021303030131122312203100021301032202332032123311012330311213020323
3000000100100011010202020101111010300010302101121120213030301311223122031000213010322023320321233110123303112130203302
3000000100100011010202020101111010300010302101121120213030301311223122031000213010322023320321233110123303112130203303
300000010010001101020202010111101030001030210112112021303030131122312203100021301032202332032123311012330311213020331
300000010010001101020202010111101030001030210112112021303030131122312203100021301032202332032123311012330311213020332
3000000100100011010202020101111010300010302101121120213030301311223122031000213010322023320321233110123303112130203331
3000000100100011010202020101111010300010302101121120213030301311223122031000213010322023320321233110123303112130203332
3000000100100011010202020101111010300010302101121120213030301311223122031000213010322023320321233110123303112130203333
300000010010001101020202010111101030001030210112112021303030131122312203100021301032202332032123311012330311213021112
300000010010001101020202010111101030001030210112112021303030131122312203100021301032202332032123311012330311213021113
300000010010001101020202010111101030001030210112112021303030131122312203100021301032202332032123311012330311213021122
300000010010001101020202010111101030001030210112112021303030131122312203100021301032202332032123311012330311213021123
300000010010001101020202010111101030001030210112112021303030131122312203100021301032202332032123311012330311213021132
300000010010001101020202010111101030001030210112112021303030131122312203100021301032202332032123311012330311213021133223122
300000010010001101020202010111101030001030210112112021303030131122312203100021301032202332032123311012330311213021133223123
30000001001000110102020201011110103000103021011211202130303013112231220310002130103220233203212331101233031121302113322313
3000000100100011010202020101111010300010302101121120213030301311223122031000213010322023320321233110123303112130211332232
3000000100100011010202020101111010300010302101121120213030301311223122031000213010322023320321233110123303112130211332233
3000000100100011010202020101111010300010302101121120213030301311223122031000213010322023320321233110123303112130211333
300000010010001101020202010111101030001030210112112021303030131122312203100021301032202332032123311013
300000010010001101020202010111101030001030210112112021303030131122312203100021301032202332032123311023
300000010010001101020202010111101030001030210112112021303030131122312203100021301032202332032123311031
300000010010001101020202010111101030001030210112112021303030131122312203100021301032202332032123311032
300000010010001101020202010111101030001030210112112021303030131122312203100021301032202332032123311033
30000001001000110102020201011110103000103021011211202130303013112231220310003
30000001001000110102020202
30000001001000110102020203
