000001000100100100110201020302030210311112012122030210030
0000010001001001001102010203020302103111120121220302100313230
00000100010010010011020102030203021031111201212203021003132312020
00000100010010010011020102030203021031111201212203021003132312021
00000100010010010011020102030203021031111201212203021003132312022
000001000100100100110201020302030210311112012122030210031323120231
000001000100100100110201020302030210311112012122030210031323120232
000001000100100100110201020302030210311112012122030210031323120233
00000100010010010011020102030203021031111201212203021003132312030
000001000100100100110201020302030210311112012122030210031323120313
0000010001001001001102010203020302103111120121220302100313231203220
00000100010010010011020102030203021031111201212203021003132312032213
00000100010010010011020102030203021031111201212203021003132312032221
0000010001001001001102010203020302103111120121220302100313231203222230
0000010001001001001102010203020302103111120121220302100313231203222231110
0000010001001001001102010203020302103111120121220302100313231203222231111
000001000100100100110201020302030210311112012122030210031323120322223111233
000001000100100100110201020302030210311112012122030210031323120322223111322
00000100010010010011020102030203021031111201212203021003132312032222311132332
00000100010010010011020102030203021031111201212203021003132312032222311132333
0000010001001001001102010203020302103111120121220302100313231203222231120
0000010001001001001102010203020302103111120121220302100313231203222231121
0000010001001001001102010203020302103111120121220302100313231203222231122
0000010001001001001102010203020302103111120121220302100313231203222231123
0000010001001001001102010203020302103111120121220302100313231203222231130
0000010001001001001102010203020302103111120121220302100313231203222231131
0000010001001001001102010203020302103111120121220302100313231203222231132
0000010001001001001102010203020302103111120121220302100313231203222231133
000001000100100100110201020302030210311112012122030210031323120322223123
000001000100100100110201020302030210311112012122030210031323120322223132
0000010001001001001102010203020302103111120121220302100313231203222231333
0000010001001001001102010203020302103111120121220302100313231210111302
0000010001001001001102010203020302103111120121220302100313231210111303
000001000100100100110201020302030210311112012122030210031323121011131
000001000100100100110201020302030210311112012122030210031323121011132
000001000100100100110201020302030210311112012122030210031323121011133
0000010001001001001102010203020302103111120121220302100313231210112
0000010001001001001102010203020302103111120121220302100313231210113
00000100010010010011020102030203021031111201212203021003132312101220
00000100010010010011020102030203021031111201212203021003132312101221
00000100010010010011020102030203021031111201212203021003132312101222
00000100010010010011020102030203021031111201212203021003132312101223
00000100010010010011020102030203021031111201212203021003132312101230
00000100010010010011020102030203021031111201212203021003132312101231
00000100010010010011020102030203021031111201212203021003132312101232
00000100010010010011020102030203021031111201212203021003132312101233
000001000100100100110201020302030210311112012122030210031323121013
00000100010010010011020102030203021031111201212203021003132312102
00000100010010010011020102030203021031111201212203021003132312103
0000010001001001001102010203020302103111120121220302101
0000010001001001001102010203020302103111120121220302102
0000010001001001001102010203020302103111120121220302103
000001000100100100110201020302030210311112012122031
000001000100100100110201020302030210311112012122032
000001000100100100110201020302030210311112012122033
000001000100100100110201021
000001000100100100110201022
000001000100100100110201023
00000100010010011
00000100010010012
00000100010010013
00001
00002
00003
300001000100020010011020102030203021031111210030
30000100010002001001102010203020302103111121003132122030
3000010001000200100110201020302030210311112100313212203101230
3000010001000200100110201020302030210311112100313212203101231201110
300001000100020010011020102030203021031111210031321220310123120111131
300001000100020010011020102030203021031111210031321220310123120111132
300001000100020010011020102030203021031111210031321220310123120111133
300001000100020010011020102030203021031111210031321220310123120111213
3000010001000200100110201020302030210311112100313212203101231201112220
3000010001000200100110201020302030210311112100313212203101231201112221
300001000100020010011020102030203021031111210031321220310123120111222233
300001000100020010011020102030203021031111210031321220310123120111222322
30000100010002001001102010203020302103111121003132122031012312011122232332
30000100010002001001102010203020302103111121003132122031012312011122232333
3000010001000200100110201020302030210311112100313212203101231201112230
30000100010002001001102010203020302103111121003132122031012312011122312
3000010001000200100110201020302030210311112100313212203101231201112231320
3000010001000200100110201020302030210311112100313212203101231201112231321
3000010001000200100110201020302030210311112100313212203101231201112231322
3000010001000200100110201020302030210311112100313212203101231201112231323
3000010001000200100110201020302030210311112100313212203101231201112231330
3000010001000200100110201020302030210311112100313212203101231201112231331
3000010001000200100110201020302030210311112100313212203101231201112231332
3000010001000200100110201020302030210311112100313212203101231201112231333
3000010001000200100110201020302030210311112100313212203101231201113
3000010001000200100110201020302030210311112100313212203101231201120
3000010001000200100110201020302030210311112100313212203101231201121
3000010001000200100110201020302030210311112100313212203101231201122
3000010001000200100110201020302030210311112100313212203101231201123
3000010001000200100110201020302030210311112100313212203101231201130
3000010001000200100110201020302030210311112100313212203101231201131
3000010001000200100110201020302030210311112100313212203101231201132
3000010001000200100110201020302030210311112100313212203101231201133
3000010001000200100110201020302030210311112100313212203101231202
3000010001000200100110201020302030210311112100313212203101231203
3000010001000200100110201020302030210311112100313212203101231210111302
3000010001000200100110201020302030210311112100313212203101231210111303
300001000100020010011020102030203021031111210031321220310123121011131
300001000100020010011020102030203021031111210031321220310123121011132
300001000100020010011020102030203021031111210031321220310123121011133
3000010001000200100110201020302030210311112100313212203101231210112
3000010001000200100110201020302030210311112100313212203101231210113
30000100010002001001102010203020302103111121003132122031012312101220
30000100010002001001102010203020302103111121003132122031012312101221
30000100010002001001102010203020302103111121003132122031012312101222
30000100010002001001102010203020302103111121003132122031012312101223
30000100010002001001102010203020302103111121003132122031012312101231
30000100010002001001102010203020302103111121003132122031012312101232
30000100010002001001102010203020302103111121003132122031012312101233
300001000100020010011020102030203021031111210031321220310123121013
30000100010002001001102010203020302103111121003132122031012312102
30000100010002001001102010203020302103111121003132122031012312103
30000100010002001001102010203020302103111121003132122032
30000100010002001001102010203020302103111121003132122033
3000010001000200100110201020302030210311112101
3000010001000200100110201020302030210311112102
3000010001000200100110201020302030210311112103
3000010001000200100110201021
3000010001000200100110201022
3000010001000200100110201023
300001000100020011
300001000100020012
300001000100020013
30001
30002
30003
100000010001011020011120100101020302030210311112012122030210030
1000000100010110200111201001010203020302103111120121220302100313230
100000010001011020011120100101020302030210311112012122030210031323130220
10000001000101102001112010010102030203021031111201212203021003132313022131
10000001000101102001112010010102030203021031111201212203021003132313022132
10000001000101102001112010010102030203021031111201212203021003132313022133
10000001000101102001112010010102030203021031111201212203021003132313022213
100000010001011020011120100101020302030210311112012122030210031323130222230
100000010001011020011120100101020302030210311112012122030210031323130222231110
100000010001011020011120100101020302030210311112012122030210031323130222231111
10000001000101102001112010010102030203021031111201212203021003132313022223111233
10000001000101102001112010010102030203021031111201212203021003132313022223111322
1000000100010110200111201001010203020302103111120121220302100313231302222311132332
1000000100010110200111201001010203020302103111120121220302100313231302222311132333
100000010001011020011120100101020302030210311112012122030210031323130222231120
100000010001011020011120100101020302030210311112012122030210031323130222231121
100000010001011020011120100101020302030210311112012122030210031323130222231122
100000010001011020011120100101020302030210311112012122030210031323130222231123
100000010001011020011120100101020302030210311112012122030210031323130222231130
100000010001011020011120100101020302030210311112012122030210031323130222231131
100000010001011020011120100101020302030210311112012122030210031323130222231132
100000010001011020011120100101020302030210311112012122030210031323130222231133
10000001000101102001112010010102030203021031111201212203021003132313022223123
100000010001011020011120100101020302030210311112012122030210031323130222231320
100000010001011020011120100101020302030210311112012122030210031323130222231321
100000010001011020011120100101020302030210311112012122030210031323130222231322
100000010001011020011120100101020302030210311112012122030210031323130222231323
100000010001011020011120100101020302030210311112012122030210031323130222231330
100000010001011020011120100101020302030210311112012122030210031323130222231331
100000010001011020011120100101020302030210311112012122030210031323130222231332
100000010001011020011120100101020302030210311112012122030210031323130222231333
1000000100010110200111201001010203020302103111120121220302100313231303
100000010001011020011120100101020302030210311112012122030210031323131
100000010001011020011120100101020302030210311112012122030210031323132
100000010001011020011120100101020302030210311112012122030210031323133
1000000100010110200111201001010203020302103111120121220302101
1000000100010110200111201001010203020302103111120121220302102
1000000100010110200111201001010203020302103111120121220302103
100000010001011020011120100101020302030210311112012122031
100000010001011020011120100101020302030210311112012122032
100000010001011020011120100101020302030210311112012122033
100000010001011020011120100101021
100000010001011020011120100101022
100000010001011020011120100101023
10000001000101102001112010011
10000001000101102001112010012
10000001000101102001112010013
1000000100010110200111202
1000000100010110200111203
100000010001011020011121220
100000010001011020011121221
100000010001011020011121222
100000010001011020011121223
100000010001011020011121230
100000010001011020011121231
100000010001011020011121232
100000010001011020011121233
1000000100010110200111213
1000000100010110200112
1000000100010110200113
10000001000102
10000001000103
1000001
1000002
1000003
20000100000010110201010203021030
200001000000101102010102030210311112002032030210030
200001000000101102010102030210311112002032030210031321221230
2000010000001011020101020302103111120020320302100313212212312010131
2000010000001011020101020302103111120020320302100313212212312010132
2000010000001011020101020302103111120020320302100313212212312010133
2000010000001011020101020302103111120020320302100313212212312010220
20000100000010110201010203021031111200203203021003132122123120102213
2000010000001011020101020302103111120020320302100313212212312010222230
2000010000001011020101020302103111120020320302100313212212312010222231110
2000010000001011020101020302103111120020320302100313212212312010222231111
200001000000101102010102030210311112002032030210031321221231201022223111233
200001000000101102010102030210311112002032030210031321221231201022223111322
20000100000010110201010203021031111200203203021003132122123120102222311132333
2000010000001011020101020302103111120020320302100313212212312010222231120
2000010000001011020101020302103111120020320302100313212212312010222231121
2000010000001011020101020302103111120020320302100313212212312010222231122
2000010000001011020101020302103111120020320302100313212212312010222231123
2000010000001011020101020302103111120020320302100313212212312010222231130
2000010000001011020101020302103111120020320302100313212212312010222231131
2000010000001011020101020302103111120020320302100313212212312010222231132
2000010000001011020101020302103111120020320302100313212212312010222231133
200001000000101102010102030210311112002032030210031321221231201022223123
2000010000001011020101020302103111120020320302100313212212312010222231320
2000010000001011020101020302103111120020320302100313212212312010222231321
2000010000001011020101020302103111120020320302100313212212312010222231322
2000010000001011020101020302103111120020320302100313212212312010222231323
2000010000001011020101020302103111120020320302100313212212312010222231330
2000010000001011020101020302103111120020320302100313212212312010222231331
2000010000001011020101020302103111120020320302100313212212312010222231332
2000010000001011020101020302103111120020320302100313212212312010222231333
20000100000010110201010203021031111200203203021003132122123120103
200001000000101102010102030210311112002032030210031321221231202
200001000000101102010102030210311112002032030210031321221231203
20000100000010110201010203021031111200203203021003132122123121011130
20000100000010110201010203021031111200203203021003132122123121011131
20000100000010110201010203021031111200203203021003132122123121011132
20000100000010110201010203021031111200203203021003132122123121011133
200001000000101102010102030210311112002032030210031321221231210112
200001000000101102010102030210311112002032030210031321221231210113
2000010000001011020101020302103111120020320302100313212212312101221
2000010000001011020101020302103111120020320302100313212212312101222
2000010000001011020101020302103111120020320302100313212212312101223
2000010000001011020101020302103111120020320302100313212212312101230
2000010000001011020101020302103111120020320302100313212212312101231
2000010000001011020101020302103111120020320302100313212212312101232
2000010000001011020101020302103111120020320302100313212212312101233
20000100000010110201010203021031111200203203021003132122123121013
2000010000001011020101020302103111120020320302100313212212312102
2000010000001011020101020302103111120020320302100313212212312103
2000010000001011020101020302103111120020320302101
2000010000001011020101020302103111120020320302102
2000010000001011020101020302103111120020320302103
200001000000101102010102030210311112002032031
200001000000101102010102030210311112002032032
200001000000101102010102030210311112002032033
2000010000001011020101020302103111120021
2000010000001011020101020302103111120022
2000010000001011020101020302103111120023
20000100000010110201011
20000100000010110201012
20000100000010110201013
200001000001
200001000002
200001000003
