20000
210
220000
230
2010
2020
2030
20010
2002
200300
20001
20002
20003
211
212
213
2210
2220
2230
22010
2202000
22030
220010
220020
220030
220001
220002
220003
231
232
233
2011
2012
2013
2021
2022
2023
2031
2032
2033
20011
20012
20013
200310
200320
2003300
200301
200302
200303
2211
2212
2213
2221
2222
2223
2231
2232
2233
22011
22012
22013
220210
220220
220230
2202010
2202020
2202030
2202001
2202002
2202003
22031
22032
22033
220011
220012
220013
220021
220022
220023
220031
220032
220033
200311
200312
200313
200321
200322
200323
2003310
2003320
2003330
2003301
2003302
2003303
220211
220212
220213
220221
220222
220223
220231
220232
220233
2202011
2202012
2202013
2202021
2202022
2202023
2202031
2202032
2202033
2003311
2003312
2003313
2003321
2003322
2003323
2003331
2003332
2003333
00
010000
02000
0300
0110
0120
0130
01010
0102000
01030
010010
010020
010030
010001
010002
010003
0210
0220
0230
02010
02020
02030
02001
02002
02003
0310
0320
03300
0301
0302
0303
0111
0112
0113
0121
0122
0123
0131
0132
0133
01011
01012
01013
010210
010220
010230
0102010
0102020
0102030
0102001
0102002
0102003
01031
01032
01033
010011
010012
010013
010021
010022
010023
010031
010032
010033
0211
0212
0213
0221
0222
0223
0231
0232
0233
02011
02012
02013
02021
02022
02023
02031
02032
02033
0311
0312
0313
0321
0322
0323
03310
03320
03330
03301
03302
03303
010211
010212
010213
010221
010222
010223
010231
010232
010233
0102011
0102012
0102013
0102021
0102022
0102023
0102031
0102032
0102033
03311
03312
03313
03321
03322
03323
03331
03332
03333
10000
110
120
13000
1010
102000
10300
10010
10020
10030
10001
10002
10003
111
112
113
121
122
123
1310
1320
1330
1301
13020
130300
13001
13002
13003
1011
1012
1013
10210
10220
10230
102010
1020200
102030
102001
102002
102003
10310
10320
10330
10301
10302
10303
10011
10012
10013
10021
10022
10023
10031
10032
10033
1311
1312
1313
1321
1322
1323
1331
1332
1333
13021
13022
13023
130310
130320
130330
130301
130302
130303
10211
10212
10213
10221
10222
10223
10231
10232
10233
102011
102012
102013
1020210
1020220
1020230
1020201
1020202
1020203
102031
102032
102033
10311
10312
10313
10321
10322
10323
10331
10332
10333
130311
130312
130313
130321
130322
130323
130331
130332
130333
1020211
1020212
1020213
1020221
1020222
1020223
1020231
1020232
1020233
300000
310
320
330000
3010
3020
303000
30010
30020
300300
300010
300020
300030
300001
300002
300003
311
312
313
321
322
323
3310
3320
3330
33010
33020
33030
330010
330020
330030
330001
330002
330003
3011
3012
3013
3021
3022
3023
30310
30320
30330
303010
303020
30303
303001
303002
303003
30011
30012
30013
30021
30022
30023
300310
300320
300330
300301
300302
300303
300011
300012
300013
300021
300022
300023
300031
300032
300033
3311
3312
3313
3321
3322
3323
3331
3332
3333
33011
33012
33013
33021
33022
33023
33031
33032
33033
330011
330012
330013
330021
330022
330023
330031
330032
330033
30311
30312
30313
30321
30322
30323
30331
30332
30333
303011
303012
303013
303021
303022
303023
300311
300312
300313
300321
300322
300323
300331
300332
300333
