Folder,File,Number of test cases,Number of inputs (with resets),Number of inputs (no resets),Length of less test case,Length of largest test case,Average length,Standard deviation,Variance
10-4-4,1,10,228,218,11.0,30.0,21.8,8.080154013933699,65.28888888888888
10-4-4,10,10,178,168,6.0,25.0,16.8,6.795423296438403,46.17777777777778
10-4-4,100,7,216,209,28.0,32.0,29.857142857142858,1.2149857925879117,1.4761904761904763
10-4-4,11,7,202,195,25.0,32.0,27.857142857142858,2.193062655175134,4.809523809523809
10-4-4,12,9,251,242,19.0,33.0,26.88888888888889,5.555277770832986,30.861111111111114
10-4-4,14,8,223,215,24.0,30.0,26.875,2.4748737341529163,6.125
10-4-4,15,10,249,239,18.0,26.0,23.9,2.3781411975649287,5.655555555555553
10-4-4,16,8,205,197,23.0,27.0,24.625,1.7677669529663689,3.125
10-4-4,17,7,213,206,27.0,32.0,29.428571428571427,1.7182493859684491,2.9523809523809526
10-4-4,18,10,248,238,17.0,28.0,23.8,4.077035960378841,16.62222222222222
10-4-4,19,10,222,212,14.0,26.0,21.2,5.391351098441527,29.066666666666663
10-4-4,2,8,221,213,15.0,33.0,26.625,5.423164600647327,29.410714285714285
10-4-4,20,7,201,194,26.0,29.0,27.714285714285715,1.1126972805283735,1.238095238095238
10-4-4,21,14,219,205,6.0,23.0,14.642857142857144,7.438022305974608,55.32417582417582
10-4-4,22,10,256,246,13.0,31.0,24.6,6.518350166176169,42.48888888888889
10-4-4,23,12,226,214,10.0,24.0,17.833333333333332,5.149286505444372,26.515151515151512
10-4-4,24,10,232,222,12.0,30.0,22.2,6.679986693266853,44.62222222222223
10-4-4,25,9,211,202,14.0,29.0,22.444444444444443,6.105553028004734,37.27777777777778
10-4-4,26,6,114,108,5.0,35.0,18.0,14.422205101855956,208.0
10-4-4,27,7,184,177,22.0,28.0,25.285714285714285,2.138089935299395,4.571428571428571
10-4-4,28,12,250,238,15.0,29.0,19.833333333333332,5.7181264149168385,32.696969696969695
10-4-4,29,12,254,242,12.0,24.0,20.166666666666668,3.3799766898963113,11.424242424242424
10-4-4,3,10,240,230,19.0,27.0,23.0,3.1269438398822866,9.777777777777779
10-4-4,30,11,214,203,7.0,25.0,18.454545454545453,6.53243654946049,42.67272727272727
10-4-4,31,16,260,244,7.0,21.0,15.25,4.864839839775475,23.666666666666668
10-4-4,32,12,204,192,9.0,23.0,16.0,6.2667956144051224,39.27272727272727
10-4-4,33,10,238,228,20.0,26.0,22.8,2.1499353995462798,4.622222222222222
10-4-4,34,8,229,221,23.0,31.0,27.625,3.113908889391045,9.696428571428571
10-4-4,35,14,245,231,4.0,21.0,16.5,6.903176526342503,47.65384615384615
10-4-4,36,11,248,237,18.0,25.0,21.545454545454547,3.0777796010642593,9.47272727272727
10-4-4,37,6,159,153,7.0,35.0,25.5,10.27131929208707,105.5
10-4-4,38,12,196,184,8.0,19.0,15.333333333333334,3.749747466244368,14.06060606060606
10-4-4,39,11,244,233,10.0,28.0,21.181818181818183,6.384640660494243,40.763636363636365
10-4-4,4,12,217,205,5.0,24.0,17.083333333333332,6.639528095680697,44.08333333333334
10-4-4,40,7,195,188,22.0,33.0,26.857142857142858,4.099941927579439,16.80952380952381
10-4-4,41,10,208,198,11.0,27.0,19.8,5.411920998027308,29.28888888888889
10-4-4,42,9,235,226,20.0,30.0,25.11111111111111,4.106228331584973,16.86111111111111
10-4-4,43,9,245,236,19.0,32.0,26.22222222222222,3.833333333333333,14.694444444444441
10-4-4,44,11,230,219,12.0,25.0,19.90909090909091,4.346367344220814,18.890909090909094
10-4-4,45,7,184,177,19.0,31.0,25.285714285714285,4.386125310350268,19.238095238095237
10-4-4,46,9,198,189,3.0,32.0,21.0,13.601470508735444,185.0
10-4-4,47,12,224,212,8.0,26.0,17.666666666666668,6.2571171598041175,39.15151515151515
10-4-4,48,7,198,191,17.0,34.0,27.285714285714285,5.765248931147313,33.238095238095234
10-4-4,49,7,203,196,25.0,31.0,28.0,2.581988897471611,6.666666666666667
10-4-4,5,4,116,112,24.0,34.0,28.0,4.546060565661952,20.666666666666668
10-4-4,50,7,204,197,24.0,32.0,28.142857142857142,2.544836041121407,6.476190476190475
10-4-4,51,6,190,184,26.0,34.0,30.666666666666668,2.8751811537130436,8.266666666666667
10-4-4,52,6,169,163,18.0,34.0,27.166666666666668,5.8109092805400655,33.766666666666666
10-4-4,53,7,176,169,21.0,30.0,24.142857142857142,3.7161167647860327,13.80952380952381
10-4-4,54,12,222,210,5.0,26.0,17.5,8.959504856448667,80.27272727272727
10-4-4,55,7,239,232,32.0,34.0,33.142857142857146,0.6900655593423541,0.4761904761904761
10-4-4,56,8,223,215,20.0,30.0,26.875,3.48209706929603,12.125
10-4-4,57,9,150,141,11.0,27.0,15.666666666666666,5.385164807134504,29.0
10-4-4,58,8,241,233,24.0,33.0,29.125,3.563204817496262,12.696428571428571
10-4-4,59,7,207,200,24.0,35.0,28.571428571428573,4.720774754816659,22.28571428571429
10-4-4,6,11,204,193,3.0,26.0,17.545454545454547,9.852549277863433,97.07272727272725
10-4-4,60,5,132,127,23.0,27.0,25.4,1.816590212458495,3.3
10-4-4,61,12,262,250,14.0,26.0,20.833333333333332,4.427873147015462,19.60606060606061
10-4-4,62,9,227,218,20.0,28.0,24.22222222222222,2.5385910352879693,6.444444444444445
10-4-4,63,7,174,167,12.0,31.0,23.857142857142858,6.03955217513604,36.476190476190474
10-4-4,64,10,227,217,7.0,29.0,21.7,8.512082915218551,72.45555555555555
10-4-4,65,7,205,198,26.0,31.0,28.285714285714285,1.6035674514745462,2.571428571428571
10-4-4,66,11,270,259,16.0,28.0,23.545454545454547,4.390071442781686,19.272727272727273
10-4-4,67,12,227,215,3.0,25.0,17.916666666666668,9.189503234504556,84.44696969696969
10-4-4,68,8,202,194,8.0,31.0,24.25,7.166389806390862,51.357142857142854
10-4-4,69,9,239,230,14.0,32.0,25.555555555555557,7.247604968386299,52.52777777777777
10-4-4,7,12,242,230,9.0,26.0,19.166666666666668,7.44474596102798,55.42424242424242
10-4-4,70,6,152,146,15.0,32.0,24.333333333333332,5.645056834671079,31.866666666666664
10-4-4,71,11,264,253,6.0,30.0,23.0,7.334848328356899,53.8
10-4-4,72,6,128,122,17.0,34.0,20.333333333333332,6.713171133426189,45.06666666666666
10-4-4,73,10,187,177,3.0,25.0,17.7,8.769264507357502,76.9
10-4-4,75,14,285,271,12.0,24.0,19.357142857142858,4.011658833127089,16.093406593406595
10-4-4,76,13,280,267,13.0,24.0,20.53846153846154,3.8646988803653817,14.935897435897436
10-4-4,77,12,293,281,21.0,25.0,23.416666666666668,1.443375672974064,2.0833333333333326
10-4-4,78,11,257,246,18.0,26.0,22.363636363636363,3.074824459143229,9.454545454545453
10-4-4,79,6,175,169,24.0,33.0,28.166666666666668,3.6009258068817065,12.966666666666669
10-4-4,8,10,240,230,16.0,30.0,23.0,4.570436400267363,20.88888888888889
10-4-4,80,12,253,241,18.0,22.0,20.083333333333332,1.4433756729740645,2.0833333333333335
10-4-4,81,10,251,241,21.0,26.0,24.1,1.5951314818673867,2.544444444444445
10-4-4,82,12,249,237,5.0,27.0,19.75,7.664854858377946,58.75
10-4-4,83,9,203,194,19.0,24.0,21.555555555555557,1.8104634152000356,3.277777777777777
10-4-4,84,10,216,206,19.0,24.0,20.6,1.4298407059684812,2.0444444444444447
10-4-4,85,10,254,244,18.0,28.0,24.4,3.0258148581093907,9.155555555555553
10-4-4,86,10,263,253,19.0,30.0,25.3,3.973523485382827,15.788888888888888
10-4-4,87,8,168,160,16.0,29.0,20.0,5.31843156256751,28.285714285714285
10-4-4,88,7,179,172,16.0,29.0,24.571428571428573,4.2370250120079485,17.952380952380953
10-4-4,89,10,225,215,18.0,27.0,21.5,2.5055493963954847,6.277777777777778
10-4-4,9,8,169,161,3.0,29.0,20.125,10.855380496062113,117.83928571428571
10-4-4,90,10,247,237,17.0,28.0,23.7,4.347413023856832,18.900000000000002
10-4-4,91,8,230,222,26.0,29.0,27.75,1.0350983390135313,1.0714285714285714
10-4-4,93,15,264,249,9.0,21.0,16.6,3.541589635016618,12.542857142857141
10-4-4,94,13,272,259,6.0,28.0,19.923076923076923,7.041088202609244,49.57692307692307
10-4-4,95,10,200,190,15.0,22.0,19.0,2.0548046676563256,4.222222222222222
10-4-4,96,12,225,213,12.0,23.0,17.75,4.6539328432080875,21.65909090909091
10-4-4,97,13,289,276,17.0,25.0,21.23076923076923,2.9198700357449177,8.525641025641026
10-4-4,98,11,227,216,14.0,26.0,19.636363636363637,4.410730716621165,19.454545454545457
10-4-4,99,13,281,268,12.0,27.0,20.615384615384617,5.73786344583739,32.92307692307693
12-4-4,1,10,248,238,10.0,31.0,23.8,8.586811592979862,73.73333333333333
12-4-4,10,8,267,259,17.0,38.0,32.375,7.170126518110701,51.410714285714285
12-4-4,100,8,275,267,29.0,38.0,33.375,3.1594529363709247,9.982142857142858
12-4-4,11,10,263,253,9.0,37.0,25.3,11.72888173129334,137.56666666666666
12-4-4,12,11,281,270,18.0,28.0,24.545454545454547,2.978712351457802,8.87272727272727
12-4-4,13,8,276,268,25.0,40.0,33.5,5.9281411203561225,35.142857142857146
12-4-4,14,14,339,325,14.0,29.0,23.214285714285715,4.3708575365019176,19.10439560439561
12-4-4,15,12,270,258,9.0,31.0,21.5,9.239244361073927,85.36363636363636
12-4-4,16,16,445,429,23.0,31.0,26.8125,2.9488698400121582,8.695833333333333
12-4-4,17,12,293,281,3.0,33.0,23.416666666666664,12.398374771303574,153.71969696969697
12-4-4,18,12,340,328,11.0,36.0,27.333333333333336,8.721273190343602,76.06060606060606
12-4-4,19,9,248,239,10.0,35.0,26.555555555555557,9.812124019690017,96.27777777777777
12-4-4,2,12,317,305,12.0,34.0,25.416666666666668,8.857029394609103,78.44696969696969
12-4-4,20,11,302,291,16.0,30.0,26.454545454545453,4.009080601924495,16.07272727272727
12-4-4,21,17,383,366,16.0,25.0,21.529411764705884,3.1248529377161005,9.764705882352944
12-4-4,22,11,252,241,5.0,33.0,21.90909090909091,9.934329825957517,98.6909090909091
12-4-4,23,9,286,277,19.0,37.0,30.77777777777778,5.953523699830583,35.44444444444444
12-4-4,24,15,385,370,13.0,32.0,24.666666666666664,6.410556769519952,41.09523809523809
12-4-4,25,12,308,296,20.0,33.0,24.666666666666668,4.438126822992973,19.6969696969697
12-4-4,26,10,302,292,19.0,34.0,29.2,4.825856285561029,23.288888888888895
12-4-4,27,9,288,279,23.0,40.0,31.0,5.937171043518958,35.25
12-4-4,28,10,304,294,19.0,40.0,29.4,6.947421584060281,48.266666666666666
12-4-4,29,13,235,222,6.0,30.0,17.076923076923077,10.201809794194512,104.07692307692305
12-4-4,3,12,416,404,30.0,35.0,33.666666666666664,1.6696942198734437,2.7878787878787876
12-4-4,30,15,398,383,14.0,29.0,25.533333333333335,4.3237990350197935,18.695238095238096
12-4-4,31,10,321,311,29.0,33.0,31.1,1.3703203194062976,1.8777777777777775
12-4-4,32,9,280,271,22.0,40.0,30.11111111111111,6.772083217970015,45.861111111111114
12-4-4,33,10,312,302,21.0,36.0,30.2,6.303438215238835,39.73333333333334
12-4-4,34,13,338,325,7.0,33.0,25.0,8.524474568362947,72.66666666666667
12-4-4,35,8,244,236,24.0,34.0,29.5,2.7255405754769875,7.428571428571429
12-4-4,36,11,296,285,15.0,32.0,25.90909090909091,5.57592226370751,31.090909090909086
12-4-4,37,12,250,238,11.0,27.0,19.833333333333332,6.147184622888659,37.78787878787879
12-4-4,38,12,307,295,20.0,33.0,24.583333333333332,3.8720051965905524,14.992424242424242
12-4-4,39,17,402,385,15.0,30.0,22.647058823529413,5.611830989866277,31.492647058823522
12-4-4,4,8,241,233,26.0,33.0,29.125,2.2320714274285347,4.982142857142857
12-4-4,40,12,333,321,24.0,31.0,26.75,2.5628464289109907,6.568181818181818
12-4-4,41,14,339,325,11.0,31.0,23.214285714285715,6.015090912140787,36.18131868131868
12-4-4,42,10,241,231,6.0,38.0,23.1,14.700340132119393,216.10000000000002
12-4-4,43,12,342,330,21.0,33.0,27.5,4.482288376589473,20.09090909090909
12-4-4,44,11,297,286,14.0,35.0,26.0,8.988882021697693,80.8
12-4-4,45,11,336,325,24.0,34.0,29.545454545454547,2.9787123514578027,8.872727272727271
12-4-4,46,12,254,242,3.0,35.0,20.166666666666664,11.975986073148317,143.42424242424244
12-4-4,47,14,337,323,15.0,32.0,23.071428571428573,6.390669709870738,40.84065934065934
12-4-4,48,13,335,322,11.0,33.0,24.769230769230766,9.075184535808313,82.35897435897435
12-4-4,49,10,269,259,15.0,35.0,25.9,6.4713041790490555,41.87777777777777
12-4-4,5,13,350,337,13.0,31.0,25.923076923076923,4.698608632023216,22.076923076923077
12-4-4,50,9,266,257,23.0,35.0,28.555555555555557,4.447221354708778,19.77777777777778
12-4-4,51,14,325,311,13.0,27.0,22.214285714285715,4.526478873143118,20.489010989010993
12-4-4,52,11,264,253,18.0,30.0,23.0,3.872983346207417,15.0
12-4-4,53,11,375,364,31.0,35.0,33.09090909090909,1.3003496033409983,1.6909090909090914
12-4-4,54,12,292,280,5.0,34.0,23.333333333333336,12.212760341197036,149.15151515151513
12-4-4,55,13,311,298,16.0,28.0,22.923076923076923,3.925589944232129,15.410256410256409
12-4-4,56,12,309,297,18.0,32.0,24.75,5.119037551585792,26.204545454545453
12-4-4,57,13,397,384,22.0,35.0,29.53846153846154,5.173898991015458,26.76923076923077
12-4-4,58,11,334,323,24.0,35.0,29.363636363636363,4.129714936232943,17.054545454545455
12-4-4,59,15,305,290,9.0,31.0,19.333333333333336,7.1480933188674936,51.095238095238095
12-4-4,6,16,403,387,22.0,26.0,24.1875,1.42448821218944,2.029166666666667
12-4-4,60,12,330,318,22.0,29.0,26.5,2.4308621740219887,5.909090909090909
12-4-4,61,14,408,394,23.0,30.0,28.142857142857142,1.9555500055421302,3.8241758241758257
12-4-4,62,10,252,242,4.0,34.0,24.2,12.236557250032924,149.73333333333332
12-4-4,63,15,343,328,5.0,29.0,21.866666666666667,5.829318346166418,33.98095238095238
12-4-4,64,12,367,355,26.0,32.0,29.583333333333332,2.0207259421636907,4.083333333333335
12-4-4,65,10,316,306,13.0,38.0,30.6,7.9610161272150295,63.37777777777779
12-4-4,66,14,361,347,5.0,33.0,24.785714285714285,10.983754237183984,120.64285714285712
12-4-4,67,11,353,342,29.0,34.0,31.09090909090909,1.5135749373285392,2.2909090909090915
12-4-4,68,7,203,196,12.0,41.0,28.0,10.115993936995679,102.33333333333333
12-4-4,69,18,385,367,9.0,28.0,20.38888888888889,5.730608107439014,32.83986928104576
12-4-4,7,13,369,356,23.0,33.0,27.384615384615383,3.5246385521180645,12.423076923076925
12-4-4,70,7,248,241,27.0,41.0,34.42857142857143,5.50324579550235,30.28571428571429
12-4-4,71,14,291,277,15.0,27.0,19.785714285714285,4.610666086179063,21.25824175824176
12-4-4,72,12,237,225,6.0,27.0,18.75,6.956030738601119,48.38636363636363
12-4-4,73,13,343,330,20.0,29.0,25.384615384615383,3.042434922296655,9.256410256410254
12-4-4,74,12,264,252,18.0,26.0,21.0,2.486326242032244,6.181818181818182
12-4-4,75,11,316,305,22.0,31.0,27.727272727272727,3.258555173413797,10.618181818181819
12-4-4,76,11,350,339,18.0,34.0,30.818181818181817,4.622081388685877,21.363636363636363
12-4-4,77,10,314,304,22.0,36.0,30.4,4.765617600176404,22.71111111111111
12-4-4,78,16,346,330,9.0,28.0,20.625,6.009714358159352,36.11666666666667
12-4-4,79,12,272,260,15.0,31.0,21.666666666666668,5.0512524699475785,25.515151515151512
12-4-4,8,10,275,265,12.0,33.0,26.5,8.168367169895232,66.72222222222223
12-4-4,80,12,307,295,19.0,31.0,24.583333333333332,4.813963276162628,23.174242424242422
12-4-4,81,7,152,145,3.0,39.0,20.714285714285715,13.97276262011544,195.23809523809527
12-4-4,82,11,367,356,19.0,37.0,32.36363636363637,5.661673379359272,32.05454545454545
12-4-4,83,8,254,246,26.0,37.0,30.75,4.527692569068709,20.5
12-4-4,84,12,345,333,10.0,36.0,27.75,8.925194166464442,79.6590909090909
12-4-4,85,7,231,224,18.0,40.0,32.0,10.04987562112089,101.0
12-4-4,86,8,247,239,19.0,39.0,29.875,7.472568883207817,55.839285714285715
12-4-4,87,9,264,255,13.0,36.0,28.333333333333332,6.855654600401044,47.0
12-4-4,88,9,274,265,17.0,37.0,29.444444444444443,8.661857640124188,75.02777777777777
12-4-4,89,6,185,179,8.0,43.0,29.833333333333332,16.95189271635078,287.3666666666667
12-4-4,9,14,254,240,5.0,29.0,17.142857142857146,10.567418306773403,111.67032967032966
12-4-4,90,10,280,270,13.0,33.0,27.0,7.644896627453143,58.44444444444444
12-4-4,91,9,274,265,18.0,37.0,29.444444444444443,8.54562916219618,73.02777777777779
12-4-4,92,12,277,265,6.0,33.0,22.083333333333336,10.58694164210483,112.08333333333331
12-4-4,93,15,394,379,20.0,29.0,25.266666666666666,2.2824381283013584,5.209523809523809
12-4-4,94,11,293,282,6.0,34.0,25.636363636363637,10.414151211430793,108.45454545454545
12-4-4,95,11,324,313,19.0,36.0,28.454545454545453,5.939084716749481,35.272727272727266
12-4-4,96,15,315,300,6.0,29.0,20.0,9.16515138991168,84.0
12-4-4,97,14,375,361,16.0,32.0,25.785714285714285,5.590907060418887,31.25824175824176
12-4-4,99,11,361,350,22.0,37.0,31.818181818181817,6.337478707154475,40.163636363636364
14-4-4,1,14,451,437,26.0,36.0,31.214285714285715,3.0928844249234513,9.56593406593407
14-4-4,10,14,443,429,24.0,35.0,30.642857142857142,3.3879229592808007,11.478021978021978
14-4-4,100,12,353,341,14.0,38.0,28.416666666666664,10.246581100173085,104.99242424242425
14-4-4,11,14,485,471,27.0,38.0,33.642857142857146,3.521519402345939,12.4010989010989
14-4-4,12,12,235,223,4.0,38.0,18.583333333333336,13.747451554467258,188.99242424242422
14-4-4,13,18,443,425,16.0,32.0,23.61111111111111,5.293046369462584,28.016339869281047
14-4-4,14,15,429,414,24.0,35.0,27.6,2.9228166454393167,8.542857142857141
14-4-4,15,18,485,467,15.0,29.0,25.944444444444443,3.605098060544788,12.996732026143793
14-4-4,16,13,487,474,28.0,43.0,36.46153846153846,5.221994903217617,27.26923076923077
14-4-4,17,17,364,347,10.0,31.0,20.411764705882355,7.323411291275158,53.63235294117647
14-4-4,18,14,490,476,22.0,37.0,34.0,4.095025124371127,16.76923076923077
14-4-4,2,11,344,333,9.0,39.0,30.272727272727273,8.355727485873496,69.81818181818183
14-4-4,20,13,398,385,12.0,40.0,29.615384615384617,10.882236761028356,118.4230769230769
14-4-4,21,11,345,334,20.0,36.0,30.363636363636363,4.410730716621165,19.454545454545453
14-4-4,22,12,367,355,16.0,42.0,29.583333333333336,8.72257607208635,76.08333333333334
14-4-4,23,19,415,396,3.0,33.0,20.842105263157897,10.473581356572762,109.69590643274854
14-4-4,24,16,375,359,6.0,25.0,22.4375,4.6327637539594,21.4625
14-4-4,25,12,452,440,33.0,40.0,36.666666666666664,2.7413776673693677,7.515151515151516
14-4-4,26,12,362,350,6.0,41.0,29.166666666666664,15.384959203617335,236.69696969696972
14-4-4,27,13,444,431,25.0,37.0,33.15384615384615,3.8263593193825436,14.641025641025642
14-4-4,28,12,391,379,26.0,35.0,31.583333333333332,3.0289011909011534,9.174242424242426
14-4-4,29,12,387,375,21.0,42.0,31.25,8.14778274356672,66.38636363636364
14-4-4,3,15,425,410,6.0,42.0,27.333333333333336,12.596295751794123,158.66666666666669
14-4-4,30,16,528,512,26.0,36.0,32.0,3.723797345005051,13.866666666666667
14-4-4,31,17,350,333,6.0,30.0,19.588235294117645,9.727916166434438,94.63235294117649
14-4-4,32,20,504,484,15.0,33.0,24.2,5.782004751586461,33.431578947368415
14-4-4,33,18,485,467,18.0,33.0,25.944444444444443,5.588562081948348,31.23202614379085
14-4-4,34,8,296,288,27.0,43.0,36.0,5.830951894845301,34.0
14-4-4,35,10,405,395,31.0,45.0,39.5,4.719934086168766,22.27777777777778
14-4-4,36,14,429,415,14.0,38.0,29.642857142857142,8.148686943373079,66.4010989010989
14-4-4,37,22,491,469,12.0,28.0,21.31818181818182,4.774798561060068,22.798701298701296
14-4-4,38,17,525,508,19.0,36.0,29.88235294117647,6.697782776236258,44.860294117647065
14-4-4,39,14,417,403,12.0,38.0,28.785714285714285,8.432342237148324,71.1043956043956
14-4-4,4,14,396,382,5.0,37.0,27.285714285714285,12.047524938461724,145.14285714285714
14-4-4,40,19,591,572,21.0,37.0,30.105263157894736,5.616392049093689,31.543859649122812
14-4-4,41,15,496,481,21.0,39.0,32.06666666666667,5.599319686567373,31.352380952380948
14-4-4,42,9,268,259,9.0,40.0,28.77777777777778,12.224747213928167,149.44444444444446
14-4-4,43,12,358,346,25.0,32.0,28.833333333333332,2.2495790852081776,5.060606060606061
14-4-4,44,12,434,422,25.0,45.0,35.166666666666664,6.407855028057833,41.060606060606055
14-4-4,45,12,348,336,4.0,41.0,28.0,14.89966442575134,222.0
14-4-4,46,10,377,367,35.0,39.0,36.7,1.3374935098492586,1.7888888888888888
14-4-4,47,15,415,400,9.0,36.0,26.666666666666668,6.852180744287249,46.952380952380956
14-4-4,48,14,433,419,17.0,37.0,29.928571428571427,7.446881492010194,55.45604395604396
14-4-4,49,12,295,283,5.0,37.0,23.583333333333336,13.048568945104728,170.2651515151515
14-4-4,5,16,524,508,18.0,39.0,31.75,7.085195833567341,50.2
14-4-4,50,13,448,435,15.0,39.0,33.46153846153846,5.882394419159947,34.602564102564095
14-4-4,51,19,499,480,11.0,31.0,25.263157894736842,6.564569083455668,43.09356725146199
14-4-4,52,11,392,381,23.0,45.0,34.63636363636363,6.771598441619633,45.85454545454545
14-4-4,53,14,435,421,6.0,39.0,30.071428571428573,11.07640795505534,122.6868131868132
14-4-4,54,10,276,266,12.0,40.0,26.6,10.01332445627658,100.26666666666668
14-4-4,55,9,293,284,17.0,46.0,31.555555555555557,9.786612170602133,95.77777777777779
14-4-4,56,12,399,387,13.0,37.0,32.25,6.797392548216224,46.20454545454545
14-4-4,57,12,427,415,21.0,40.0,34.583333333333336,6.881573991904804,47.356060606060616
14-4-4,58,10,422,412,33.0,44.0,41.2,3.190262963734773,10.177777777777779
14-4-4,59,15,332,317,9.0,29.0,21.133333333333333,5.974549195984421,35.695238095238096
14-4-4,6,17,485,468,19.0,33.0,27.529411764705884,3.7933765806142867,14.389705882352938
14-4-4,60,17,497,480,11.0,35.0,28.235294117647058,7.198345398116725,51.81617647058824
14-4-4,61,11,347,336,18.0,42.0,30.545454545454547,7.326167297620719,53.67272727272727
14-4-4,62,13,380,367,14.0,39.0,28.23076923076923,7.617456335657004,58.02564102564103
14-4-4,63,14,461,447,20.0,39.0,31.928571428571427,6.787593724688342,46.07142857142857
14-4-4,64,16,368,352,14.0,33.0,22.0,6.899275324264136,47.6
14-4-4,65,13,416,403,17.0,38.0,31.0,7.14142842854285,51.0
14-4-4,66,15,388,373,12.0,32.0,24.866666666666667,6.1512677748652145,37.83809523809524
14-4-4,67,16,504,488,19.0,34.0,30.5,4.96655480858378,24.666666666666668
14-4-4,68,11,384,373,26.0,43.0,33.90909090909091,5.5218573950174665,30.49090909090908
14-4-4,69,17,369,352,4.0,28.0,20.705882352941178,8.468800873517697,71.72058823529412
14-4-4,7,13,339,326,7.0,33.0,25.076923076923077,9.560871111476004,91.41025641025641
14-4-4,70,16,443,427,6.0,33.0,26.6875,10.29380881889692,105.9625
14-4-4,71,15,442,427,18.0,35.0,28.466666666666665,4.501851470969102,20.26666666666667
14-4-4,72,13,372,359,4.0,38.0,27.615384615384617,13.859644425083335,192.08974358974356
14-4-4,73,17,493,476,14.0,34.0,28.0,6.726812023536855,45.25
14-4-4,74,16,458,442,14.0,35.0,27.625,5.389805191284746,29.05
14-4-4,75,18,442,424,10.0,34.0,23.555555555555557,7.853228801860995,61.67320261437908
14-4-4,76,18,486,468,5.0,35.0,26.0,10.369638940903675,107.52941176470588
14-4-4,77,13,410,397,20.0,36.0,30.53846153846154,4.97686957526825,24.76923076923077
14-4-4,78,12,378,366,15.0,38.0,30.5,6.459665063087461,41.72727272727273
14-4-4,79,11,391,380,26.0,39.0,34.54545454545455,5.125692857821981,26.27272727272727
14-4-4,8,16,443,427,14.0,38.0,26.6875,7.734931587717287,59.829166666666666
14-4-4,80,14,394,380,11.0,37.0,27.142857142857146,9.37145537385607,87.82417582417581
14-4-4,81,12,340,328,15.0,36.0,27.333333333333332,7.0624916197322225,49.878787878787875
14-4-4,82,14,449,435,11.0,38.0,31.071428571428573,7.927210060333922,62.84065934065935
14-4-4,83,10,375,365,20.0,45.0,36.5,8.784455968736292,77.16666666666667
14-4-4,84,17,468,451,12.0,34.0,26.529411764705884,7.5920817884393825,57.63970588235293
14-4-4,85,13,419,406,15.0,42.0,31.230769230769234,9.08436244464305,82.52564102564104
14-4-4,86,13,425,412,26.0,37.0,31.692307692307693,3.637412436165197,13.230769230769234
14-4-4,87,16,444,428,13.0,36.0,26.75,9.095786570348567,82.73333333333333
14-4-4,88,14,497,483,21.0,39.0,34.5,4.433265856436556,19.653846153846153
14-4-4,89,13,420,407,23.0,36.0,31.307692307692307,3.5209992754097383,12.397435897435903
14-4-4,9,13,424,411,20.0,41.0,31.615384615384617,7.147708974891437,51.08974358974359
14-4-4,90,12,370,358,11.0,41.0,29.833333333333336,10.107003272558842,102.15151515151516
14-4-4,91,7,288,281,27.0,45.0,40.142857142857146,6.121780008803851,37.47619047619048
14-4-4,92,14,425,411,11.0,38.0,29.357142857142858,9.499855406649765,90.24725274725276
14-4-4,93,20,444,424,10.0,33.0,21.2,8.853188542464293,78.37894736842105
14-4-4,94,11,377,366,11.0,44.0,33.27272727272727,11.662683302661605,136.01818181818183
14-4-4,95,14,401,387,14.0,36.0,27.642857142857142,6.605442311599439,43.63186813186814
14-4-4,96,15,456,441,17.0,37.0,29.4,6.652604216180523,44.25714285714286
14-4-4,97,21,500,479,11.0,29.0,22.80952380952381,6.645442405280837,44.16190476190476
14-4-4,98,13,415,402,18.0,39.0,30.923076923076923,6.157130533800337,37.910256410256416
14-4-4,99,14,398,384,10.0,40.0,27.428571428571427,11.386323008256513,129.64835164835165
16-4-4,1,19,654,635,20.0,42.0,33.421052631578945,7.876235631270706,62.035087719298254
16-4-4,10,21,656,635,21.0,34.0,30.238095238095237,3.330236656827287,11.090476190476187
16-4-4,100,20,625,605,27.0,32.0,30.25,1.292692009559488,1.6710526315789473
16-4-4,11,16,409,393,7.0,41.0,24.5625,12.826892323032366,164.52916666666667
16-4-4,12,18,571,553,12.0,43.0,30.72222222222222,10.904966788284813,118.91830065359478
16-4-4,13,19,491,472,10.0,36.0,24.842105263157897,8.084712307770463,65.3625730994152
16-4-4,14,21,666,645,15.0,38.0,30.714285714285715,7.342634793743029,53.91428571428573
16-4-4,15,22,566,544,14.0,31.0,24.727272727272727,4.610359124342838,21.25541125541126
16-4-4,16,16,599,583,20.0,44.0,36.4375,7.771475621356174,60.395833333333336
16-4-4,17,15,555,540,30.0,43.0,36.0,4.2594432902501635,18.142857142857142
16-4-4,18,14,564,550,21.0,48.0,39.285714285714285,8.973710075964819,80.52747252747253
16-4-4,19,13,398,385,3.0,46.0,29.615384615384617,17.221781080647368,296.5897435897436
16-4-4,2,14,528,514,9.0,48.0,36.714285714285715,12.639550694476515,159.75824175824175
16-4-4,20,25,492,467,12.0,23.0,18.68,3.0648545370593583,9.393333333333333
16-4-4,21,11,474,463,29.0,49.0,42.09090909090909,8.525896380493318,72.69090909090907
16-4-4,22,17,607,590,9.0,44.0,34.705882352941174,10.245515518278918,104.97058823529412
16-4-4,23,16,603,587,21.0,45.0,36.6875,7.02109915421605,49.295833333333334
16-4-4,24,18,518,500,9.0,42.0,27.77777777777778,12.071139892348759,145.7124183006536
16-4-4,25,20,617,597,18.0,40.0,29.85,8.67103466174961,75.18684210526317
16-4-4,26,15,492,477,8.0,42.0,31.8,11.346490961652293,128.74285714285716
16-4-4,27,15,361,346,4.0,41.0,23.06666666666667,14.781584424385573,218.49523809523816
16-4-4,28,22,747,725,19.0,40.0,32.95454545454545,6.53545111007046,42.71212121212121
16-4-4,29,19,646,627,4.0,44.0,33.0,14.313940369055926,204.88888888888889
16-4-4,3,15,558,543,29.0,43.0,36.2,4.554432691659537,20.742857142857137
16-4-4,30,15,570,555,20.0,45.0,37.0,6.761234037828133,45.714285714285715
16-4-4,31,16,548,532,9.0,46.0,33.25,13.349157276772193,178.2
16-4-4,32,16,528,512,7.0,39.0,32.0,9.92639578766298,98.53333333333333
16-4-4,33,16,569,553,26.0,38.0,34.5625,3.0543684562715527,9.329166666666667
16-4-4,34,13,449,436,16.0,49.0,33.53846153846154,11.666300360549789,136.10256410256412
16-4-4,35,22,661,639,16.0,35.0,29.045454545454547,5.49005397429685,30.14069264069264
16-4-4,36,12,505,493,35.0,48.0,41.083333333333336,4.35802985790876,18.992424242424246
16-4-4,37,20,550,530,10.0,37.0,26.5,9.05829076476061,82.05263157894737
16-4-4,38,18,668,650,28.0,44.0,36.111111111111114,5.454505842597303,29.751633986928113
16-4-4,39,14,591,577,33.0,47.0,41.214285714285715,4.42333969596888,19.565934065934066
16-4-4,4,13,488,475,19.0,48.0,36.53846153846154,7.943712236893031,63.10256410256409
16-4-4,40,20,595,575,16.0,35.0,28.75,6.103277807866851,37.25
16-4-4,41,21,547,526,7.0,41.0,25.047619047619044,12.67862843716224,160.74761904761905
16-4-4,42,14,422,408,3.0,39.0,29.142857142857146,14.287472419286347,204.1318681318681
16-4-4,43,15,543,528,14.0,46.0,35.2,12.254445257596469,150.17142857142858
16-4-4,44,16,576,560,22.0,43.0,35.0,5.94418483337567,35.333333333333336
16-4-4,45,16,610,594,30.0,43.0,37.125,5.004997502496879,25.05
16-4-4,46,16,646,630,17.0,47.0,39.375,8.476437931112336,71.85
16-4-4,47,21,721,700,18.0,40.0,33.333333333333336,8.199593485858511,67.23333333333333
16-4-4,48,11,414,403,8.0,47.0,36.63636363636363,14.41716149089499,207.85454545454544
16-4-4,49,15,529,514,29.0,42.0,34.266666666666666,4.366539438350085,19.066666666666674
16-4-4,5,25,704,679,16.0,35.0,27.16,5.374941860150675,28.889999999999997
16-4-4,50,10,414,404,19.0,48.0,40.4,9.697651491183029,94.04444444444444
16-4-4,51,20,683,663,22.0,38.0,33.15,4.568484719420538,20.87105263157895
16-4-4,52,12,443,431,21.0,41.0,35.916666666666664,5.36755121639338,28.81060606060606
16-4-4,53,15,555,540,30.0,39.0,36.0,2.390457218668787,5.714285714285714
16-4-4,54,15,451,436,6.0,42.0,29.06666666666667,13.83301778182841,191.35238095238097
16-4-4,55,17,652,635,21.0,45.0,37.35294117647059,8.703025167079751,75.74264705882352
16-4-4,56,14,523,509,16.0,45.0,36.357142857142854,9.723936705622116,94.55494505494507
16-4-4,57,13,564,551,40.0,44.0,42.38461538461539,1.5021352323976216,2.256410256410257
16-4-4,58,15,573,558,30.0,44.0,37.2,4.813671007809796,23.17142857142857
16-4-4,59,16,545,529,15.0,43.0,33.0625,7.8440529489968815,61.52916666666667
16-4-4,6,14,500,486,20.0,44.0,34.714285714285715,9.007933011676826,81.14285714285714
16-4-4,60,19,637,618,4.0,42.0,32.526315789473685,11.057267198306137,122.26315789473685
16-4-4,61,16,429,413,7.0,39.0,25.8125,12.666063582134218,160.42916666666667
16-4-4,62,15,537,522,5.0,50.0,34.8,16.20934474748616,262.74285714285713
16-4-4,63,15,581,566,33.0,44.0,37.733333333333334,3.3051186852834085,10.923809523809526
16-4-4,64,23,657,634,19.0,36.0,27.565217391304348,5.467474794858323,29.893280632411066
16-4-4,65,14,548,534,27.0,43.0,38.142857142857146,3.9779612647907747,15.824175824175821
16-4-4,66,16,399,383,10.0,38.0,23.9375,10.884047960203043,118.4625
16-4-4,67,18,552,534,10.0,39.0,29.666666666666664,10.67156750159865,113.88235294117646
16-4-4,68,12,512,500,18.0,47.0,41.666666666666664,7.843159536510238,61.515151515151494
16-4-4,69,13,541,528,36.0,43.0,40.61538461538461,1.9381460874790257,3.7564102564102555
16-4-4,7,20,559,539,4.0,38.0,26.95,10.379509165963281,107.73421052631578
16-4-4,70,19,558,539,5.0,44.0,28.36842105263158,13.33004345377509,177.69005847953215
16-4-4,71,12,430,418,15.0,49.0,34.833333333333336,11.3684838145825,129.24242424242428
16-4-4,72,16,583,567,16.0,44.0,35.4375,8.28628384741918,68.6625
16-4-4,73,20,685,665,10.0,41.0,33.25,7.7857832651976375,60.61842105263158
16-4-4,74,15,497,482,3.0,47.0,32.13333333333333,18.27514575539556,333.9809523809524
16-4-4,75,16,564,548,20.0,46.0,34.25,9.226772639083144,85.13333333333334
16-4-4,76,14,538,524,28.0,46.0,37.42857142857143,4.956957592256422,24.57142857142858
16-4-4,77,13,430,417,9.0,48.0,32.07692307692308,15.766322433494855,248.5769230769231
16-4-4,78,15,547,532,27.0,43.0,35.46666666666667,6.069439450072406,36.83809523809523
16-4-4,79,16,447,431,7.0,46.0,26.9375,14.261691110570771,203.39583333333334
16-4-4,8,15,605,590,23.0,46.0,39.333333333333336,8.64924989866311,74.80952380952381
16-4-4,80,12,396,384,12.0,46.0,32.0,14.672175274059647,215.27272727272728
16-4-4,81,20,635,615,19.0,38.0,30.75,7.326053004966518,53.671052631578945
16-4-4,82,12,512,500,28.0,51.0,41.666666666666664,8.105366721929963,65.69696969696969
16-4-4,83,12,453,441,31.0,41.0,36.75,3.519426606190792,12.386363636363637
16-4-4,84,10,447,437,37.0,50.0,43.7,4.762119042797837,22.67777777777778
16-4-4,85,11,464,453,22.0,51.0,41.18181818181818,9.672829801233782,93.56363636363636
16-4-4,86,15,567,552,11.0,46.0,36.8,12.846344671873453,165.02857142857144
16-4-4,87,24,665,641,6.0,31.0,26.708333333333332,5.094576542258202,25.95471014492754
16-4-4,88,15,500,485,15.0,44.0,32.33333333333333,11.260973484096471,126.80952380952381
16-4-4,89,15,483,468,9.0,43.0,31.2,11.200765279977205,125.45714285714284
16-4-4,9,14,468,454,19.0,47.0,32.42857142857143,8.168554016793593,66.72527472527473
16-4-4,90,15,411,396,9.0,39.0,26.4,11.475439611871709,131.6857142857143
16-4-4,91,21,505,484,5.0,39.0,23.047619047619044,10.897138112716524,118.74761904761905
16-4-4,92,20,688,668,22.0,45.0,33.4,7.782571622068864,60.568421052631585
16-4-4,93,19,514,495,23.0,31.0,26.05263157894737,1.7471781760734557,3.0526315789473677
16-4-4,94,12,502,490,30.0,46.0,40.833333333333336,6.264377402617457,39.24242424242424
16-4-4,95,24,585,561,10.0,29.0,23.375,5.754487851649581,33.11413043478261
16-4-4,96,18,522,504,6.0,41.0,28.0,13.132805802085635,172.47058823529412
16-4-4,97,15,531,516,13.0,44.0,34.4,10.048454038877253,100.97142857142856
16-4-4,98,9,400,391,38.0,50.0,43.44444444444444,4.0034707164881045,16.02777777777778
16-4-4,99,18,544,526,10.0,41.0,29.22222222222222,10.849535395612735,117.7124183006536
18-4-4,1,20,662,642,14.0,47.0,32.1,12.731643132059007,162.09473684210528
18-4-4,10,23,838,815,26.0,43.0,35.43478260869565,5.400556258862446,29.16600790513834
18-4-4,100,16,543,527,6.0,46.0,32.9375,15.536918398876058,241.39583333333334
18-4-4,11,17,727,710,18.0,50.0,41.76470588235294,8.67848929656471,75.31617647058822
18-4-4,12,19,758,739,20.0,47.0,38.89473684210526,6.7978324718831855,46.210526315789465
18-4-4,13,19,690,671,22.0,44.0,35.31578947368421,8.602665165703963,74.00584795321637
18-4-4,14,19,542,523,8.0,48.0,27.526315789473685,14.174971765806221,200.92982456140354
18-4-4,15,18,662,644,13.0,47.0,35.77777777777778,10.281654453474577,105.71241830065361
18-4-4,16,21,816,795,24.0,50.0,37.857142857142854,8.940278039779939,79.92857142857143
18-4-4,17,16,665,649,18.0,48.0,40.5625,9.201222744831254,84.6625
18-4-4,18,21,739,718,26.0,40.0,34.19047619047619,4.42288421303393,19.561904761904767
18-4-4,19,17,647,630,28.0,49.0,37.05882352941177,8.47400870482275,71.80882352941175
18-4-4,2,18,667,649,5.0,44.0,36.05555555555556,14.383291868251867,206.87908496732027
18-4-4,20,17,589,572,7.0,49.0,33.647058823529406,15.144888479576979,229.36764705882348
18-4-4,21,18,635,617,14.0,48.0,34.27777777777778,12.183912032606795,148.44771241830063
18-4-4,22,23,650,627,11.0,41.0,27.26086956521739,12.019746598842893,144.47430830039528
18-4-4,23,19,581,562,5.0,47.0,29.57894736842105,13.487919654571906,181.92397660818713
18-4-4,24,22,684,662,22.0,44.0,30.09090909090909,7.450849046595396,55.515151515151516
18-4-4,25,16,724,708,32.0,54.0,44.25,5.904800307094785,34.86666666666667
18-4-4,26,21,781,760,23.0,43.0,36.19047619047619,5.878937383737368,34.56190476190476
18-4-4,27,19,681,662,8.0,44.0,34.8421052631579,10.144857251581747,102.91812865497076
18-4-4,28,22,803,781,19.0,44.0,35.5,8.52307791486486,72.64285714285714
18-4-4,29,17,696,679,9.0,48.0,39.94117647058823,12.705661081951295,161.43382352941177
18-4-4,3,21,780,759,14.0,47.0,36.142857142857146,9.613977919080709,92.42857142857143
18-4-4,30,11,513,502,20.0,56.0,45.63636363636363,12.395747071255748,153.65454545454546
18-4-4,31,19,720,701,15.0,46.0,36.89473684210526,8.900029568253663,79.21052631578947
18-4-4,32,20,758,738,15.0,47.0,36.9,9.419464729456429,88.72631578947369
18-4-4,33,22,803,781,18.0,46.0,35.5,10.563864732910872,111.5952380952381
18-4-4,34,28,925,897,26.0,35.0,32.035714285714285,2.7552259147427165,7.591269841269839
18-4-4,35,15,635,620,16.0,53.0,41.333333333333336,13.275469680508303,176.23809523809524
18-4-4,36,19,613,594,5.0,46.0,31.26315789473684,16.213307652334233,262.87134502923976
18-4-4,38,16,599,583,7.0,51.0,36.4375,15.073016729683985,227.19583333333333
18-4-4,39,18,701,683,27.0,47.0,37.94444444444444,7.892455237326507,62.29084967320261
18-4-4,4,14,637,623,37.0,50.0,44.5,4.669870694964938,21.807692307692307
18-4-4,40,20,680,660,10.0,50.0,33.0,11.925205504132391,142.21052631578948
18-4-4,42,17,718,701,18.0,54.0,41.23529411764706,12.799069359550648,163.81617647058823
18-4-4,43,17,769,752,18.0,51.0,44.23529411764706,10.615610037609155,112.69117647058823
18-4-4,44,15,645,630,19.0,48.0,42.0,9.834342159711838,96.71428571428571
18-4-4,45,23,717,694,7.0,46.0,30.17391304347826,14.549764677612934,211.695652173913
18-4-4,46,18,709,691,23.0,48.0,38.388888888888886,8.282787885935429,68.60457516339868
18-4-4,47,21,783,762,12.0,47.0,36.285714285714285,9.930472582625951,98.61428571428571
18-4-4,48,13,603,590,25.0,57.0,45.38461538461539,9.49156170446906,90.08974358974359
18-4-4,49,16,646,630,29.0,50.0,39.375,7.58836829188814,57.583333333333336
18-4-4,5,17,675,658,16.0,50.0,38.705882352941174,9.979758926712316,99.59558823529414
18-4-4,50,11,585,574,44.0,58.0,52.18181818181818,4.6436662631628005,21.563636363636366
18-4-4,51,15,661,646,22.0,50.0,43.06666666666667,10.504874152143897,110.35238095238095
18-4-4,52,16,625,609,16.0,49.0,38.0625,10.585957679870065,112.0625
18-4-4,53,18,600,582,3.0,45.0,32.33333333333333,14.117156854234453,199.2941176470588
18-4-4,54,18,649,631,26.0,42.0,35.05555555555556,6.02418871493935,36.290849673202615
18-4-4,55,24,676,652,4.0,41.0,27.166666666666664,12.478387112425075,155.71014492753622
18-4-4,56,22,767,745,24.0,42.0,33.86363636363637,6.875044273765353,47.266233766233775
18-4-4,57,17,595,578,9.0,40.0,34.0,9.9498743710662,99.0
18-4-4,58,20,729,709,24.0,46.0,35.45,7.044781569958082,49.62894736842106
18-4-4,59,15,724,709,36.0,55.0,47.266666666666666,6.638272867747052,44.06666666666667
18-4-4,6,16,623,607,27.0,48.0,37.9375,5.615083852149197,31.529166666666665
18-4-4,60,10,541,531,46.0,59.0,53.1,5.1305187088853135,26.322222222222223
18-4-4,61,15,570,555,10.0,52.0,37.0,14.579829511054943,212.57142857142858
18-4-4,62,22,677,655,11.0,42.0,29.772727272727273,9.486490736489785,89.9935064935065
18-4-4,63,18,699,681,14.0,46.0,37.833333333333336,9.811457887712354,96.26470588235297
18-4-4,64,18,724,706,11.0,53.0,39.22222222222222,14.22324342738924,202.30065359477123
18-4-4,65,20,839,819,20.0,48.0,40.95,7.7898381849283895,60.68157894736842
18-4-4,66,12,411,399,11.0,55.0,33.25,16.728446105090246,279.84090909090907
18-4-4,67,22,763,741,20.0,40.0,33.68181818181818,4.476248042367239,20.036796536796537
18-4-4,68,18,689,671,18.0,53.0,37.27777777777778,11.26057962960927,126.80065359477125
18-4-4,69,21,694,673,5.0,44.0,32.04761904761905,13.847296452651651,191.74761904761903
18-4-4,7,18,713,695,14.0,49.0,38.611111111111114,11.985966740017696,143.66339869281043
18-4-4,70,19,769,750,25.0,48.0,39.473684210526315,6.86673479782245,47.15204678362573
18-4-4,71,19,826,807,31.0,50.0,42.473684210526315,5.709333693879714,32.59649122807017
18-4-4,72,15,636,621,19.0,53.0,41.4,9.108865383319076,82.97142857142856
18-4-4,73,15,739,724,39.0,55.0,48.266666666666666,4.542917040635372,20.63809523809524
18-4-4,74,18,650,632,20.0,47.0,35.111111111111114,10.122130029784703,102.45751633986926
18-4-4,75,14,632,618,29.0,50.0,44.142857142857146,6.443328605347046,41.51648351648352
18-4-4,76,14,620,606,34.0,54.0,43.285714285714285,6.63821768744699,44.06593406593406
18-4-4,77,21,829,808,30.0,43.0,38.476190476190474,4.42288421303393,19.561904761904763
18-4-4,78,14,673,659,33.0,54.0,47.07142857142857,6.810221793680502,46.37912087912087
18-4-4,79,16,636,620,33.0,48.0,38.75,5.131601439446884,26.333333333333332
18-4-4,8,17,660,643,12.0,49.0,37.8235294117647,11.912363819356168,141.90441176470588
18-4-4,80,17,748,731,34.0,49.0,43.0,3.4460121880225554,11.875
18-4-4,81,19,780,761,22.0,47.0,40.05263157894737,6.2492104764479945,39.05263157894737
18-4-4,82,17,689,672,19.0,48.0,39.529411764705884,9.111240633544531,83.01470588235296
18-4-4,83,17,551,534,7.0,49.0,31.411764705882355,14.543292369376903,211.50735294117646
18-4-4,84,20,814,794,13.0,45.0,39.7,6.69721073126323,44.85263157894737
18-4-4,85,18,716,698,8.0,49.0,38.77777777777778,12.027202283625309,144.65359477124184
18-4-4,86,16,672,656,8.0,51.0,41.0,13.554826938523904,183.73333333333332
18-4-4,87,18,738,720,32.0,46.0,40.0,4.982321688908165,24.823529411764707
18-4-4,89,22,782,760,6.0,48.0,34.54545454545455,14.29527818389619,204.35497835497839
18-4-4,9,18,715,697,24.0,48.0,38.72222222222222,6.285422495561648,39.506535947712415
18-4-4,90,23,816,793,20.0,42.0,34.47826086956522,6.591106716404732,43.44268774703557
18-4-4,91,22,597,575,4.0,47.0,26.13636363636364,17.269007346069856,298.2186147186147
18-4-4,92,20,774,754,18.0,45.0,37.7,8.040031421776776,64.6421052631579
18-4-4,93,18,702,684,19.0,46.0,38.0,7.646606321453597,58.470588235294116
18-4-4,94,19,891,872,32.0,53.0,45.89473684210526,6.983271573649777,48.76608187134503
18-4-4,95,19,690,671,14.0,48.0,35.31578947368421,7.831933432208787,61.33918128654971
18-4-4,96,22,908,886,29.0,47.0,40.27272727272727,6.017291102131607,36.20779220779221
18-4-4,97,17,696,679,31.0,47.0,39.94117647058823,5.201809639866857,27.05882352941176
18-4-4,98,24,743,719,15.0,39.0,29.958333333333336,7.926176591668825,62.824275362318836
18-4-4,99,12,533,521,31.0,57.0,43.416666666666664,8.57542295096159,73.5378787878788
20-4-4,1,17,818,801,22.0,54.0,47.11764705882353,7.313364076650844,53.48529411764705
20-4-4,10,22,925,903,32.0,47.0,41.04545454545455,4.592719629269088,21.09307359307359
20-4-4,100,20,904,884,33.0,50.0,44.2,4.663407383132276,21.747368421052627
20-4-4,11,29,968,939,12.0,45.0,32.37931034482759,11.788050223799429,138.95812807881777
20-4-4,12,19,803,784,17.0,51.0,41.26315789473684,10.191729246268258,103.87134502923976
20-4-4,13,21,996,975,37.0,52.0,46.42857142857143,4.093548931812451,16.75714285714286
20-4-4,14,18,909,891,32.0,55.0,49.5,5.360531141374618,28.735294117647058
20-4-4,15,21,851,830,27.0,52.0,39.523809523809526,8.256022332933988,68.16190476190476
20-4-4,16,15,771,756,27.0,63.0,50.4,12.246282234679574,149.97142857142856
20-4-4,17,22,834,812,5.0,49.0,36.90909090909091,13.30559886059102,177.03896103896105
20-4-4,18,22,961,939,11.0,49.0,42.68181818181818,9.357382436376428,87.56060606060606
20-4-4,19,25,834,809,7.0,48.0,32.36,11.968291440301746,143.24000000000004
20-4-4,2,22,841,819,12.0,50.0,37.22727272727273,11.143786730011604,124.1839826839827
20-4-4,20,17,723,706,5.0,55.0,41.529411764705884,19.00696466778304,361.2647058823529
20-4-4,21,17,770,753,23.0,58.0,44.294117647058826,13.554356799025696,183.7205882352941
20-4-4,22,21,806,785,12.0,51.0,37.38095238095238,12.228966393265583,149.54761904761904
20-4-4,23,17,812,795,16.0,61.0,46.76470588235294,13.15071011278814,172.94117647058823
20-4-4,24,24,1079,1055,18.0,52.0,43.95833333333333,10.14023053792757,102.82427536231884
20-4-4,25,21,860,839,13.0,54.0,39.95238095238095,13.85451619680814,191.94761904761907
20-4-4,26,18,811,793,23.0,55.0,44.05555555555556,9.39005871197721,88.17320261437908
20-4-4,27,19,891,872,24.0,54.0,45.89473684210526,8.831098691191672,77.98830409356725
20-4-4,28,19,812,793,4.0,58.0,41.736842105263165,20.409262889578017,416.53801169590645
20-4-4,29,13,671,658,22.0,58.0,50.61538461538461,10.500305245868345,110.25641025641028
20-4-4,3,21,984,963,28.0,54.0,45.857142857142854,6.769680304753795,45.828571428571436
20-4-4,30,19,765,746,5.0,58.0,39.263157894736835,18.378254376249355,337.7602339181286
20-4-4,31,19,845,826,33.0,47.0,43.473684210526315,4.060219220308069,16.485380116959064
20-4-4,32,23,869,846,13.0,45.0,36.78260869565217,7.8332422274857825,61.35968379446642
20-4-4,33,21,941,920,30.0,54.0,43.80952380952381,7.960019143312707,63.36190476190477
20-4-4,34,13,549,536,4.0,59.0,41.23076923076923,21.032331643423998,442.35897435897436
20-4-4,35,18,757,739,19.0,53.0,41.05555555555556,11.132740385760014,123.93790849673202
20-4-4,36,21,861,840,24.0,54.0,40.0,9.08845421400141,82.6
20-4-4,37,22,886,864,23.0,50.0,39.272727272727266,8.832741138362202,78.017316017316
20-4-4,38,19,835,816,29.0,51.0,42.94736842105263,6.302324828633799,39.71929824561405
20-4-4,39,14,647,633,29.0,60.0,45.214285714285715,11.198753855321934,125.4120879120879
20-4-4,4,21,923,902,26.0,52.0,42.95238095238095,8.236966616881427,67.84761904761905
20-4-4,40,16,774,758,24.0,60.0,47.375,13.260844618650804,175.85
20-4-4,41,15,729,714,32.0,57.0,47.6,7.998214086371318,63.971428571428575
20-4-4,42,20,811,791,14.0,56.0,39.55,12.223682794175884,149.41842105263154
20-4-4,43,19,839,820,25.0,51.0,43.1578947368421,7.946090288764216,63.140350877192986
20-4-4,44,25,931,906,12.0,49.0,36.239999999999995,11.33313725320575,128.44
20-4-4,45,16,813,797,33.0,61.0,49.8125,7.34137816307901,53.895833333333336
20-4-4,46,19,924,905,31.0,59.0,47.63157894736842,9.208755051071956,84.80116959064327
20-4-4,47,21,968,947,16.0,55.0,45.095238095238095,11.081086417426596,122.7904761904762
20-4-4,48,23,1024,1001,28.0,52.0,43.52173913043478,7.879026042817678,62.079051383399204
20-4-4,49,19,836,817,23.0,55.0,43.0,9.195409482755814,84.55555555555556
20-4-4,5,27,848,821,21.0,40.0,30.40740740740741,7.865500420576993,61.86609686609685
20-4-4,50,20,833,813,27.0,52.0,40.65,8.001809005994897,64.02894736842104
20-4-4,51,22,847,825,22.0,52.0,37.5,11.181404631074287,125.02380952380952
20-4-4,52,24,824,800,3.0,49.0,33.33333333333333,13.366625103842281,178.66666666666666
20-4-4,53,20,913,893,30.0,51.0,44.65,7.63147912820382,58.23947368421054
20-4-4,54,15,691,676,12.0,58.0,45.06666666666667,17.633031773458853,310.92380952380944
20-4-4,55,24,832,808,4.0,49.0,33.66666666666667,14.236104336041748,202.66666666666666
20-4-4,56,19,783,764,24.0,47.0,40.21052631578947,7.778738453619877,60.50877192982456
20-4-4,57,19,833,814,25.0,57.0,42.8421052631579,10.00701508328997,100.14035087719296
20-4-4,58,18,759,741,8.0,52.0,41.16666666666667,11.907733522675874,141.7941176470588
20-4-4,59,20,837,817,20.0,56.0,40.85,11.78435626716958,138.87105263157895
20-4-4,6,32,856,824,5.0,37.0,25.75,10.235926609173548,104.7741935483871
20-4-4,60,20,844,824,19.0,56.0,41.2,13.979684508148546,195.43157894736845
20-4-4,61,19,672,653,26.0,47.0,34.36842105263158,8.029186525253348,64.46783625730993
20-4-4,62,17,749,732,9.0,58.0,43.05882352941177,15.61437874298596,243.80882352941177
20-4-4,63,19,876,857,28.0,57.0,45.10526315789474,10.53509867507501,110.98830409356725
20-4-4,64,18,825,807,28.0,56.0,44.833333333333336,8.089572082044157,65.44117647058823
20-4-4,65,19,886,867,22.0,56.0,45.63157894736842,8.545372537980162,73.02339181286551
20-4-4,66,27,936,909,3.0,45.0,33.66666666666667,13.578829676544858,184.38461538461536
20-4-4,67,24,981,957,24.0,51.0,39.875,9.754876149682895,95.15760869565217
20-4-4,68,23,909,886,27.0,44.0,38.52173913043478,5.647763557513808,31.897233201581024
20-4-4,69,22,884,862,24.0,54.0,39.18181818181818,9.439715308642795,89.10822510822511
20-4-4,7,16,765,749,13.0,60.0,46.8125,14.743218780171446,217.3625
20-4-4,70,25,913,888,14.0,47.0,35.519999999999996,10.259629622944487,105.26000000000003
20-4-4,71,20,908,888,17.0,56.0,44.4,9.6812352408912,93.72631578947367
20-4-4,72,23,736,713,6.0,52.0,31.0,19.21410466771268,369.1818181818182
20-4-4,73,28,1047,1019,18.0,44.0,36.392857142857146,7.1094057975087335,50.54365079365079
20-4-4,74,20,706,686,17.0,49.0,34.3,9.668723314187648,93.48421052631578
20-4-4,75,20,829,809,22.0,52.0,40.45,8.923505329657234,79.62894736842105
20-4-4,76,19,883,864,36.0,53.0,45.473684210526315,6.8828968469568075,47.37426900584796
20-4-4,77,26,884,858,11.0,51.0,33.0,14.872793954062566,221.2
20-4-4,78,15,670,655,11.0,64.0,43.66666666666667,18.16852327778012,330.0952380952381
20-4-4,8,19,817,798,29.0,51.0,42.0,7.431165603202651,55.22222222222222
20-4-4,80,23,869,846,10.0,54.0,36.78260869565217,12.0376550183132,144.90513833992097
20-4-4,81,19,918,899,27.0,58.0,47.31578947368421,10.220092582636461,104.4502923976608
20-4-4,82,25,1021,996,26.0,49.0,39.84,7.977468270071653,63.640000000000015
20-4-4,84,19,930,911,29.0,54.0,47.94736842105263,7.6046307837215315,57.83040935672515
20-4-4,85,15,629,614,18.0,61.0,40.93333333333333,15.452538703428392,238.78095238095239
20-4-4,86,18,922,904,38.0,59.0,50.22222222222222,6.629307084326435,43.947712418300654
20-4-4,87,27,1028,1001,22.0,44.0,37.074074074074076,6.318020173866093,39.91737891737893
20-4-4,89,22,937,915,17.0,53.0,41.59090909090909,10.617411983597378,112.72943722943721
20-4-4,9,25,895,870,16.0,49.0,34.8,10.496030995889193,110.16666666666669
20-4-4,90,19,863,844,30.0,54.0,44.421052631578945,7.855046427995503,61.701754385964904
20-4-4,91,19,915,896,16.0,58.0,47.1578947368421,12.824729401064427,164.47368421052633
20-4-4,92,22,845,823,15.0,49.0,37.40909090909091,11.223525848303307,125.96753246753245
20-4-4,93,23,735,712,7.0,47.0,30.956521739130434,15.052871247915599,226.5889328063241
20-4-4,94,15,746,731,41.0,53.0,48.733333333333334,3.2616093018777157,10.638095238095241
20-4-4,95,20,885,865,15.0,58.0,43.25,12.920302261414621,166.93421052631578
20-4-4,96,25,843,818,7.0,49.0,32.72,14.90950479839399,222.29333333333338
20-4-4,97,18,846,828,21.0,57.0,46.0,10.499299696534386,110.23529411764706
20-4-4,98,15,722,707,24.0,56.0,47.13333333333333,11.556486531484428,133.55238095238096
20-4-4,99,19,859,840,26.0,52.0,44.21052631578947,7.292149106847118,53.175438596491226
4-4-4,1,3,40,37,11.0,13.0,12.333333333333334,1.1547005383792517,1.3333333333333335
4-4-4,10,3,25,22,4.0,14.0,7.333333333333333,5.773502691896258,33.333333333333336
4-4-4,100,4,33,29,3.0,13.0,7.25,5.057996968497839,25.583333333333332
4-4-4,101,2,17,15,7.0,8.0,7.5,0.7071067811865476,0.5
4-4-4,102,1,9,8,8.0,8.0,8.0,0.0,0.0
4-4-4,103,1,7,6,6.0,6.0,6.0,0.0,0.0
4-4-4,104,3,20,17,5.0,6.0,5.666666666666667,0.5773502691896258,0.33333333333333337
4-4-4,105,2,32,30,14.0,16.0,15.0,1.4142135623730951,2.0
4-4-4,11,3,41,38,12.0,13.0,12.666666666666666,0.5773502691896257,0.3333333333333333
4-4-4,12,1,17,16,16.0,16.0,16.0,0.0,0.0
4-4-4,13,3,23,20,3.0,13.0,6.666666666666667,5.507570547286102,30.333333333333336
4-4-4,14,3,46,43,14.0,15.0,14.333333333333334,0.5773502691896257,0.3333333333333333
4-4-4,15,4,35,31,4.0,12.0,7.75,4.349329450233296,18.916666666666668
4-4-4,16,3,47,44,14.0,15.0,14.666666666666666,0.5773502691896257,0.3333333333333333
4-4-4,17,4,55,51,12.0,13.0,12.75,0.5,0.25
4-4-4,18,3,35,32,7.0,14.0,10.666666666666666,3.511884584284246,12.333333333333332
4-4-4,19,5,53,48,7.0,11.0,9.6,1.51657508881031,2.3
4-4-4,2,2,32,30,14.0,16.0,15.0,1.4142135623730951,2.0
4-4-4,20,2,29,27,13.0,14.0,13.5,0.7071067811865476,0.5
4-4-4,21,3,35,32,9.0,14.0,10.666666666666666,2.8867513459481287,8.333333333333332
4-4-4,22,4,57,53,12.0,14.0,13.25,0.9574271077563381,0.9166666666666666
4-4-4,23,2,31,29,14.0,15.0,14.5,0.7071067811865476,0.5
4-4-4,24,3,37,34,11.0,12.0,11.333333333333334,0.5773502691896257,0.3333333333333333
4-4-4,25,4,41,37,6.0,13.0,9.25,3.774917217635375,14.25
4-4-4,26,4,35,31,5.0,11.0,7.75,3.2015621187164243,10.25
4-4-4,27,3,38,35,11.0,13.0,11.666666666666666,1.1547005383792517,1.3333333333333335
4-4-4,28,5,43,38,6.0,11.0,7.6,2.3021728866442674,5.3
4-4-4,29,2,30,28,12.0,16.0,14.0,2.8284271247461903,8.0
4-4-4,3,4,40,36,5.0,13.0,9.0,3.6514837167011076,13.333333333333334
4-4-4,30,4,42,38,8.0,12.0,9.5,1.7320508075688772,3.0
4-4-4,31,4,40,36,6.0,13.0,9.0,3.559026084010437,12.666666666666666
4-4-4,32,4,48,44,10.0,12.0,11.0,1.1547005383792515,1.3333333333333333
4-4-4,33,4,44,40,7.0,12.0,10.0,2.160246899469287,4.666666666666667
4-4-4,35,3,37,34,7.0,14.0,11.333333333333334,3.7859388972001824,14.333333333333332
4-4-4,36,6,47,41,4.0,10.0,6.833333333333333,2.2286019533929036,4.966666666666666
4-4-4,37,5,45,40,6.0,12.0,8.0,2.449489742783178,6.0
4-4-4,38,4,43,39,8.0,13.0,9.75,2.362907813126304,5.583333333333333
4-4-4,39,3,32,29,7.0,15.0,9.666666666666666,4.618802153517006,21.333333333333332
4-4-4,4,4,40,36,5.0,13.0,9.0,3.6514837167011076,13.333333333333334
4-4-4,41,4,48,44,9.0,12.0,11.0,1.4142135623730951,2.0
4-4-4,42,3,31,28,8.0,11.0,9.333333333333334,1.5275252316519468,2.3333333333333335
4-4-4,43,3,45,42,14.0,14.0,14.0,0.0,0.0
4-4-4,44,5,47,42,6.0,10.0,8.4,2.1908902300206643,4.8
4-4-4,45,5,35,30,5.0,8.0,6.0,1.224744871391589,1.5
4-4-4,47,4,47,43,9.0,13.0,10.75,1.707825127659933,2.9166666666666665
4-4-4,48,3,41,38,12.0,14.0,12.666666666666666,1.1547005383792517,1.3333333333333335
4-4-4,49,3,41,38,11.0,14.0,12.666666666666666,1.5275252316519468,2.3333333333333335
4-4-4,5,4,27,23,4.0,9.0,5.75,2.362907813126304,5.583333333333333
4-4-4,50,4,41,37,8.0,11.0,9.25,1.2583057392117916,1.5833333333333333
4-4-4,51,6,69,63,10.0,11.0,10.5,0.5477225575051661,0.3
4-4-4,52,4,44,40,9.0,11.0,10.0,1.1547005383792515,1.3333333333333333
4-4-4,53,6,57,51,8.0,10.0,8.5,0.8366600265340756,0.7
4-4-4,54,4,36,32,7.0,10.0,8.0,1.4142135623730951,2.0
4-4-4,55,4,49,45,10.0,13.0,11.25,1.2583057392117916,1.5833333333333333
4-4-4,56,3,27,24,4.0,13.0,8.0,4.58257569495584,21.0
4-4-4,57,3,30,27,3.0,13.0,9.0,5.291502622129181,28.0
4-4-4,58,3,31,28,7.0,12.0,9.333333333333334,2.5166114784235836,6.333333333333334
4-4-4,59,4,35,31,7.0,10.0,7.75,1.5,2.25
4-4-4,6,4,42,38,8.0,12.0,9.5,1.7320508075688772,3.0
4-4-4,60,3,33,30,4.0,13.0,10.0,5.196152422706632,27.0
4-4-4,62,5,42,37,6.0,9.0,7.4,1.51657508881031,2.3
4-4-4,63,3,26,23,5.0,13.0,7.666666666666667,4.618802153517007,21.333333333333336
4-4-4,64,2,33,31,15.0,16.0,15.5,0.7071067811865476,0.5
4-4-4,65,4,39,35,6.0,13.0,8.75,3.4034296427770228,11.583333333333334
4-4-4,66,3,37,34,10.0,12.0,11.333333333333334,1.1547005383792517,1.3333333333333335
4-4-4,67,3,42,39,13.0,13.0,13.0,0.0,0.0
4-4-4,69,3,42,39,12.0,14.0,13.0,1.0,1.0
4-4-4,7,3,43,40,13.0,14.0,13.333333333333334,0.5773502691896257,0.3333333333333333
4-4-4,70,4,36,32,5.0,10.0,8.0,2.160246899469287,4.666666666666667
4-4-4,71,4,44,40,9.0,11.0,10.0,0.816496580927726,0.6666666666666666
4-4-4,72,4,41,37,6.0,12.0,9.25,2.5,6.25
4-4-4,73,3,28,25,7.0,10.0,8.333333333333334,1.5275252316519468,2.3333333333333335
4-4-4,74,2,23,21,6.0,15.0,10.5,6.363961030678928,40.5
4-4-4,75,3,31,28,7.0,14.0,9.333333333333334,4.041451884327381,16.333333333333332
4-4-4,76,4,56,52,13.0,13.0,13.0,0.0,0.0
4-4-4,77,2,32,30,14.0,16.0,15.0,1.4142135623730951,2.0
4-4-4,78,4,37,33,7.0,10.0,8.25,1.2583057392117916,1.5833333333333333
4-4-4,79,2,29,27,11.0,16.0,13.5,3.5355339059327378,12.5
4-4-4,8,3,34,31,8.0,13.0,10.333333333333334,2.516611478423583,6.333333333333333
4-4-4,81,4,32,28,5.0,13.0,7.0,4.0,16.0
4-4-4,82,2,30,28,14.0,14.0,14.0,0.0,0.0
4-4-4,83,4,44,40,9.0,12.0,10.0,1.4142135623730951,2.0
4-4-4,84,2,25,23,10.0,13.0,11.5,2.1213203435596424,4.5
4-4-4,85,2,30,28,13.0,15.0,14.0,1.4142135623730951,2.0
4-4-4,86,5,40,35,5.0,9.0,7.0,2.0,4.0
4-4-4,87,4,47,43,9.0,13.0,10.75,2.0615528128088303,4.25
4-4-4,88,2,31,29,13.0,16.0,14.5,2.1213203435596424,4.5
4-4-4,89,3,43,40,11.0,15.0,13.333333333333334,2.0816659994661326,4.333333333333333
4-4-4,9,4,35,31,3.0,12.0,7.75,4.924428900898052,24.25
4-4-4,90,4,55,51,10.0,14.0,12.75,1.8929694486000912,3.5833333333333335
4-4-4,91,4,39,35,7.0,12.0,8.75,2.362907813126304,5.583333333333333
4-4-4,92,4,35,31,5.0,10.0,7.75,2.0615528128088303,4.25
4-4-4,93,2,27,25,12.0,13.0,12.5,0.7071067811865476,0.5
4-4-4,94,4,48,44,10.0,13.0,11.0,1.4142135623730951,2.0
4-4-4,95,4,39,35,7.0,11.0,8.75,2.0615528128088303,4.25
4-4-4,96,4,44,40,8.0,13.0,10.0,2.160246899469287,4.666666666666667
4-4-4,97,3,41,38,9.0,15.0,12.666666666666666,3.214550253664318,10.333333333333332
4-4-4,98,2,29,27,12.0,15.0,13.5,2.1213203435596424,4.5
4-4-4,99,2,26,24,10.0,14.0,12.0,2.8284271247461903,8.0
6-4-4,1,4,67,63,12.0,18.0,15.75,2.6299556396765835,6.916666666666667
6-4-4,10,7,93,86,7.0,18.0,12.285714285714286,4.785891965429423,22.9047619047619
6-4-4,100,6,95,89,12.0,18.0,14.833333333333334,2.0412414523193148,4.166666666666666
6-4-4,11,6,77,71,8.0,17.0,11.833333333333334,3.9707262140150976,15.76666666666667
6-4-4,12,5,85,80,15.0,17.0,16.0,0.7071067811865476,0.5
6-4-4,13,4,54,50,4.0,16.0,12.5,5.686240703077327,32.333333333333336
6-4-4,14,5,81,76,11.0,20.0,15.2,3.492849839314596,12.2
6-4-4,15,8,116,108,10.0,16.0,13.5,2.5071326821120348,6.285714285714286
6-4-4,16,4,71,67,11.0,20.0,16.75,4.272001872658765,18.25
6-4-4,17,5,77,72,8.0,20.0,14.4,5.89915248150105,34.8
6-4-4,18,5,80,75,13.0,17.0,15.0,1.8708286933869707,3.5
6-4-4,19,7,101,94,12.0,15.0,13.428571428571429,1.511857892036909,2.285714285714286
6-4-4,2,5,104,99,16.0,21.0,19.8,2.16794833886788,4.699999999999999
6-4-4,20,3,62,59,19.0,20.0,19.666666666666668,0.5773502691896258,0.33333333333333337
6-4-4,21,4,80,76,18.0,20.0,19.0,0.816496580927726,0.6666666666666666
6-4-4,22,6,93,87,11.0,18.0,14.5,2.949576240750525,8.7
6-4-4,23,4,68,64,9.0,20.0,16.0,4.83045891539648,23.333333333333332
6-4-4,24,7,116,109,14.0,18.0,15.571428571428571,1.6183471874253743,2.6190476190476195
6-4-4,25,8,123,115,12.0,16.0,14.375,1.5979898086569353,2.5535714285714284
6-4-4,26,6,94,88,11.0,17.0,14.666666666666666,2.250925735484551,5.066666666666666
6-4-4,27,4,79,75,16.0,21.0,18.75,2.0615528128088303,4.25
6-4-4,28,4,74,70,15.0,19.0,17.5,1.7320508075688772,3.0
6-4-4,29,3,60,57,18.0,20.0,19.0,1.0,1.0
6-4-4,3,5,83,78,13.0,19.0,15.6,2.1908902300206643,4.8
6-4-4,30,6,105,99,14.0,19.0,16.5,1.8708286933869707,3.5
6-4-4,31,5,87,82,15.0,18.0,16.4,1.1401754250991378,1.2999999999999998
6-4-4,32,5,101,96,18.0,20.0,19.2,0.8366600265340756,0.7000000000000001
6-4-4,33,4,59,55,7.0,19.0,13.75,4.9916597106239795,24.916666666666668
6-4-4,34,4,62,58,10.0,19.0,14.5,4.203173404306164,17.666666666666668
6-4-4,35,5,66,61,9.0,19.0,12.2,4.604345773288535,21.2
6-4-4,36,2,39,37,14.0,23.0,18.5,6.363961030678928,40.5
6-4-4,37,5,82,77,10.0,18.0,15.4,3.2863353450309964,10.799999999999999
6-4-4,38,8,94,86,8.0,15.0,10.75,2.6049403612586386,6.785714285714286
6-4-4,39,5,88,83,14.0,18.0,16.6,1.51657508881031,2.3
6-4-4,4,4,75,71,13.0,20.0,17.75,3.304037933599835,10.916666666666666
6-4-4,40,5,74,69,8.0,19.0,13.8,5.540758070878027,30.700000000000003
6-4-4,41,5,75,70,7.0,19.0,14.0,4.58257569495584,21.0
6-4-4,42,6,95,89,13.0,17.0,14.833333333333334,1.7224014243685082,2.966666666666666
6-4-4,43,7,69,62,5.0,16.0,8.857142857142858,4.413183712037204,19.476190476190478
6-4-4,44,5,78,73,10.0,18.0,14.6,3.7815340802378077,14.3
6-4-4,45,5,83,78,13.0,18.0,15.6,2.5099800796022267,6.3
6-4-4,46,4,77,73,17.0,20.0,18.25,1.5,2.25
6-4-4,47,5,85,80,14.0,18.0,16.0,2.0,4.0
6-4-4,48,6,80,74,10.0,15.0,12.333333333333334,1.96638416050035,3.8666666666666663
6-4-4,49,6,89,83,9.0,17.0,13.833333333333334,3.371448748930742,11.366666666666665
6-4-4,5,9,115,106,8.0,16.0,11.777777777777779,3.3458099833141217,11.194444444444443
6-4-4,50,5,78,73,5.0,17.0,14.6,5.366563145999495,28.8
6-4-4,51,7,112,105,11.0,17.0,15.0,2.0,4.0
6-4-4,52,7,101,94,10.0,19.0,13.428571428571429,3.505098327538656,12.285714285714285
6-4-4,53,5,69,64,11.0,17.0,12.8,2.4899799195977463,6.199999999999999
6-4-4,54,6,83,77,10.0,16.0,12.833333333333334,2.3166067138525404,5.366666666666666
6-4-4,55,4,63,59,10.0,19.0,14.75,4.031128874149275,16.25
6-4-4,56,8,109,101,10.0,17.0,12.625,2.7222627143085005,7.410714285714286
6-4-4,57,4,63,59,9.0,19.0,14.75,4.349329450233296,18.916666666666668
6-4-4,58,7,128,121,15.0,19.0,17.285714285714285,1.7043362064926932,2.9047619047619047
6-4-4,59,6,105,99,14.0,17.0,16.5,1.224744871391589,1.5
6-4-4,6,4,72,68,16.0,18.0,17.0,0.816496580927726,0.6666666666666666
6-4-4,60,7,90,83,8.0,17.0,11.857142857142858,3.7606990231680526,14.142857142857144
6-4-4,61,6,76,70,9.0,15.0,11.666666666666666,1.96638416050035,3.8666666666666663
6-4-4,62,5,74,69,11.0,18.0,13.8,3.8340579025361627,14.7
6-4-4,63,4,66,62,11.0,19.0,15.5,3.696845502136472,13.666666666666666
6-4-4,64,6,83,77,11.0,15.0,12.833333333333334,1.6020819787597222,2.5666666666666673
6-4-4,65,7,100,93,4.0,18.0,13.285714285714286,6.421689437998014,41.23809523809524
6-4-4,67,5,92,87,17.0,18.0,17.4,0.5477225575051661,0.3
6-4-4,68,5,77,72,12.0,18.0,14.4,2.6076809620810595,6.8
6-4-4,69,3,66,63,21.0,21.0,21.0,0.0,0.0
6-4-4,7,7,90,83,4.0,17.0,11.857142857142858,5.610364558225292,31.476190476190478
6-4-4,70,3,59,56,17.0,22.0,18.666666666666668,2.886751345948129,8.333333333333334
6-4-4,71,6,85,79,10.0,16.0,13.166666666666666,2.228601953392904,4.966666666666667
6-4-4,72,7,98,91,10.0,17.0,13.0,2.7688746209726918,7.666666666666667
6-4-4,73,3,66,63,20.0,22.0,21.0,1.0,1.0
6-4-4,74,3,62,59,17.0,21.0,19.666666666666668,2.3094010767585034,5.333333333333334
6-4-4,75,5,96,91,17.0,20.0,18.2,1.3038404810405297,1.7000000000000002
6-4-4,76,5,80,75,10.0,20.0,15.0,4.301162633521313,18.5
6-4-4,77,5,82,77,14.0,17.0,15.4,1.3416407864998738,1.8
6-4-4,78,8,83,75,6.0,15.0,9.375,3.2486260832190936,10.553571428571429
6-4-4,79,7,89,82,10.0,13.0,11.714285714285714,1.1126972805283735,1.238095238095238
6-4-4,8,7,82,75,10.0,11.0,10.714285714285714,0.48795003647426666,0.23809523809523814
6-4-4,80,3,51,48,12.0,19.0,16.0,3.605551275463989,13.0
6-4-4,81,7,110,103,12.0,16.0,14.714285714285714,1.889822365046136,3.571428571428571
6-4-4,82,7,78,71,4.0,15.0,10.142857142857142,3.8047589248453675,14.476190476190476
6-4-4,83,7,81,74,5.0,14.0,10.571428571428571,3.8668308667927223,14.952380952380954
6-4-4,84,4,81,77,16.0,21.0,19.25,2.362907813126304,5.583333333333333
6-4-4,85,3,64,61,18.0,22.0,20.333333333333332,2.081665999466133,4.333333333333334
6-4-4,86,5,66,61,9.0,17.0,12.2,3.3466401061363023,11.2
6-4-4,88,6,91,85,12.0,16.0,14.166666666666666,1.4719601443879746,2.166666666666667
6-4-4,89,4,76,72,12.0,21.0,18.0,4.08248290463863,16.666666666666668
6-4-4,9,3,50,47,12.0,21.0,15.666666666666666,4.725815626252608,22.333333333333332
6-4-4,90,6,77,71,5.0,19.0,11.833333333333334,5.671566509057852,32.16666666666667
6-4-4,91,6,105,99,15.0,17.0,16.5,0.8366600265340756,0.7
6-4-4,92,6,87,81,9.0,17.0,13.5,3.7815340802378077,14.3
6-4-4,93,8,93,85,7.0,16.0,10.625,3.543101950067402,12.553571428571429
6-4-4,94,4,65,61,5.0,20.0,15.25,6.898067362191626,47.583333333333336
6-4-4,95,5,71,66,11.0,17.0,13.2,2.2803508501982757,5.199999999999999
6-4-4,96,4,82,78,17.0,21.0,19.5,1.9148542155126762,3.6666666666666665
6-4-4,97,5,87,82,11.0,20.0,16.4,3.7815340802378077,14.3
6-4-4,98,8,107,99,6.0,16.0,12.375,4.033343171967536,16.267857142857142
6-4-4,99,4,70,66,12.0,21.0,16.5,4.654746681256314,21.666666666666668
8-4-4,1,6,139,133,19.0,26.0,22.166666666666668,2.316606713852541,5.366666666666667
8-4-4,10,9,160,151,11.0,23.0,16.77777777777778,5.093568929978709,25.944444444444443
8-4-4,100,9,155,146,13.0,19.0,16.22222222222222,1.7873008824606014,3.1944444444444446
8-4-4,11,10,143,133,7.0,20.0,13.3,5.165053511608353,26.67777777777778
8-4-4,12,8,164,156,11.0,26.0,19.5,7.151423434733616,51.142857142857146
8-4-4,13,10,84,74,3.0,14.0,7.4,2.8362729848243533,8.044444444444446
8-4-4,14,5,93,88,14.0,24.0,17.6,4.979959839195493,24.799999999999997
8-4-4,15,11,207,196,13.0,20.0,17.818181818181817,2.040499047693079,4.163636363636362
8-4-4,16,9,138,129,5.0,20.0,14.333333333333334,5.361902647381805,28.750000000000004
8-4-4,17,10,165,155,9.0,20.0,15.5,3.92286743197994,15.38888888888889
8-4-4,18,8,174,166,18.0,23.0,20.75,2.052872551885702,4.214285714285714
8-4-4,19,9,167,158,7.0,24.0,17.555555555555557,6.385748020222672,40.77777777777778
8-4-4,2,7,126,119,11.0,24.0,17.0,6.0553007081949835,36.666666666666664
8-4-4,20,10,140,130,7.0,21.0,13.0,4.9216076867444665,24.22222222222222
8-4-4,21,7,140,133,11.0,23.0,19.0,4.358898943540674,19.0
8-4-4,22,4,104,100,19.0,29.0,25.0,4.898979485566356,24.0
8-4-4,23,6,116,110,6.0,22.0,18.333333333333332,6.21825270205921,38.66666666666667
8-4-4,24,6,122,116,14.0,23.0,19.333333333333332,3.6147844564602556,13.066666666666666
8-4-4,25,6,121,115,9.0,26.0,19.166666666666668,7.985403350280227,63.766666666666666
8-4-4,26,6,127,121,19.0,23.0,20.166666666666668,1.4719601443879746,2.166666666666667
8-4-4,28,10,165,155,9.0,19.0,15.5,4.576510072581994,20.944444444444443
8-4-4,29,9,162,153,11.0,21.0,17.0,2.9154759474226504,8.5
8-4-4,3,5,80,75,7.0,26.0,15.0,8.689073598491383,75.5
8-4-4,30,5,119,114,15.0,27.0,22.8,4.919349550499538,24.200000000000003
8-4-4,31,7,134,127,11.0,21.0,18.142857142857142,3.7606990231680526,14.142857142857144
8-4-4,32,9,163,154,15.0,19.0,17.11111111111111,1.5365907428821477,2.3611111111111107
8-4-4,33,8,105,97,5.0,22.0,12.125,6.490377492873585,42.125
8-4-4,34,9,136,127,4.0,21.0,14.11111111111111,7.6720995243226024,58.8611111111111
8-4-4,35,10,209,199,12.0,24.0,19.9,4.38304815295373,19.21111111111111
8-4-4,36,6,137,131,19.0,24.0,21.833333333333332,1.7224014243685086,2.9666666666666672
8-4-4,37,9,137,128,9.0,17.0,14.222222222222221,2.6352313834736494,6.944444444444445
8-4-4,38,5,128,123,22.0,27.0,24.6,1.9493588689617927,3.8
8-4-4,39,7,108,101,5.0,22.0,14.428571428571429,7.184639700016113,51.61904761904762
8-4-4,4,8,157,149,13.0,22.0,18.625,3.583194903195431,12.839285714285714
8-4-4,40,6,128,122,17.0,26.0,20.333333333333332,3.386246693120078,11.466666666666665
8-4-4,41,12,159,147,3.0,18.0,12.25,6.621246792780729,43.84090909090909
8-4-4,42,6,134,128,20.0,23.0,21.333333333333332,1.0327955589886446,1.0666666666666669
8-4-4,43,5,110,105,15.0,27.0,21.0,4.636809247747852,21.5
8-4-4,44,7,112,105,6.0,24.0,15.0,7.14142842854285,51.0
8-4-4,45,8,142,134,8.0,23.0,16.75,6.819090848492928,46.5
8-4-4,46,5,132,127,22.0,28.0,25.4,3.1304951684997055,9.799999999999999
8-4-4,47,10,138,128,5.0,20.0,12.8,6.106462878695726,37.28888888888889
8-4-4,48,7,134,127,16.0,23.0,18.142857142857142,2.410295378065479,5.809523809523809
8-4-4,49,6,124,118,17.0,22.0,19.666666666666668,1.632993161855452,2.666666666666667
8-4-4,5,8,147,139,13.0,21.0,17.375,3.420004177106889,11.696428571428571
8-4-4,50,6,131,125,14.0,24.0,20.833333333333332,3.6560452221856705,13.366666666666669
8-4-4,51,12,199,187,11.0,17.0,15.583333333333334,1.8319554050414564,3.3560606060606064
8-4-4,52,9,161,152,12.0,21.0,16.88888888888889,3.586239131891669,12.861111111111112
8-4-4,53,9,152,143,11.0,20.0,15.88888888888889,3.822448313726572,14.611111111111112
8-4-4,54,6,149,143,19.0,27.0,23.833333333333332,3.430257521916783,11.766666666666667
8-4-4,55,6,118,112,15.0,23.0,18.666666666666668,4.033195589934446,16.26666666666667
8-4-4,56,9,166,157,13.0,21.0,17.444444444444443,2.8333333333333335,8.027777777777779
8-4-4,57,9,143,134,5.0,23.0,14.88888888888889,6.253887679764573,39.111111111111114
8-4-4,58,7,138,131,10.0,23.0,18.714285714285715,4.3094580368566735,18.571428571428573
8-4-4,6,8,144,136,9.0,23.0,17.0,5.42481072744215,29.428571428571427
8-4-4,60,9,116,107,7.0,19.0,11.88888888888889,4.371625682868001,19.111111111111114
8-4-4,61,12,147,135,6.0,16.0,11.25,4.266678503771459,18.204545454545453
8-4-4,62,9,120,111,8.0,19.0,12.333333333333334,4.415880433163923,19.499999999999996
8-4-4,63,12,167,155,7.0,18.0,12.916666666666668,4.79504163093755,22.99242424242424
8-4-4,64,11,195,184,13.0,18.0,16.727272727272727,1.7372915179041821,3.018181818181817
8-4-4,65,7,147,140,14.0,24.0,20.0,3.958114029012639,15.666666666666666
8-4-4,66,8,168,160,17.0,23.0,20.0,2.0,4.0
8-4-4,67,11,164,153,9.0,19.0,13.90909090909091,3.9358492210587914,15.490909090909094
8-4-4,68,5,107,102,15.0,26.0,20.4,4.722287581247038,22.3
8-4-4,69,9,159,150,9.0,19.0,16.666666666666668,3.1224989991991987,9.749999999999998
8-4-4,7,5,123,118,22.0,26.0,23.6,1.6733200530681511,2.8000000000000003
8-4-4,70,7,127,120,12.0,23.0,17.142857142857142,4.220133150686577,17.80952380952381
8-4-4,71,7,129,122,10.0,23.0,17.428571428571427,5.411627692821661,29.28571428571429
8-4-4,72,5,118,113,14.0,27.0,22.6,5.176871642217914,26.799999999999997
8-4-4,73,5,123,118,22.0,26.0,23.6,1.816590212458495,3.3
8-4-4,74,7,147,140,13.0,23.0,20.0,3.5118845842842465,12.333333333333334
8-4-4,75,9,117,108,8.0,21.0,12.0,5.123475382979799,26.25
8-4-4,76,8,109,101,3.0,19.0,12.625,6.3905622377288305,40.839285714285715
8-4-4,77,7,165,158,21.0,24.0,22.571428571428573,1.1338934190276817,1.2857142857142858
8-4-4,78,6,127,121,10.0,26.0,20.166666666666668,5.741660619251774,32.96666666666666
8-4-4,8,7,146,139,10.0,23.0,19.857142857142858,4.525062483125562,20.476190476190474
8-4-4,80,8,139,131,7.0,23.0,16.375,6.7175144212722016,45.125
8-4-4,81,13,202,189,10.0,18.0,14.538461538461538,2.7268841992093167,7.435897435897435
8-4-4,82,7,129,122,12.0,21.0,17.428571428571427,3.4572215654165053,11.95238095238095
8-4-4,83,8,136,128,13.0,19.0,16.0,2.9760952365713798,8.857142857142858
8-4-4,84,4,112,108,20.0,30.0,27.0,4.69041575982343,22.0
8-4-4,85,9,173,164,16.0,22.0,18.22222222222222,2.635231383473649,6.944444444444442
8-4-4,86,7,162,155,13.0,25.0,22.142857142857142,4.140393356054125,17.142857142857142
8-4-4,87,9,172,163,16.0,21.0,18.11111111111111,1.7638342073763935,3.1111111111111107
8-4-4,88,9,140,131,8.0,24.0,14.555555555555555,7.51849571242664,56.52777777777777
8-4-4,89,11,121,110,6.0,15.0,10.0,3.03315017762062,9.2
8-4-4,90,9,165,156,11.0,21.0,17.333333333333332,3.0413812651491097,9.25
8-4-4,91,7,166,159,21.0,24.0,22.714285714285715,1.3801311186847083,1.9047619047619044
8-4-4,92,5,108,103,15.0,24.0,20.6,3.646916505762094,13.3
8-4-4,93,7,116,109,3.0,22.0,15.571428571428571,8.67673407946298,75.28571428571428
8-4-4,94,6,138,132,16.0,27.0,22.0,4.732863826479693,22.4
8-4-4,95,7,128,121,11.0,22.0,17.285714285714285,4.990467102863408,24.9047619047619
8-4-4,96,7,165,158,19.0,26.0,22.571428571428573,3.408672412985387,11.61904761904762
8-4-4,97,12,222,210,14.0,20.0,17.5,2.1105794120443453,4.454545454545454
8-4-4,98,5,97,92,12.0,22.0,18.4,3.911521443121589,15.299999999999997
8-4-4,99,8,119,111,5.0,21.0,13.875,5.693040864574423,32.410714285714285
