00010000100001010110203020202030103030
000100001000010101102030202020301030311213120
00010000100001010110203020202030103031121312130
00010000100001010110203020202030103031121312131120
0001000010000101011020302020203010303112131213112130
00010000100001010110203020202030103031121312131121311221
0001000010000101011020302020203010303112131213112131122223232232332
0001000010000101011020302020203010303112131213112131122223232232333
00010000100001010110203020202030103031121312131121311222232322333
000100001000010101102030202020301030311213121311213113
000100001000010101102030202020302
000100001000010101102030202020303
0001000010000101011020302020203110
0001000010000101011020302020203111
0001000010000101011020302020203112
0001000010000101011020302020203113
00010000100001010110203020202031202
00010000100001010110203020202031203
0001000010000101011020302020203121
000100001000010101102030202020312230
000100001000010101102030202020312231
000100001000010101102030202020312232
000100001000010101102030202020312233
000100001000010101102030202020313
000100001000010101102030202020321
000100001000010101102030202020322
000100001000010101102030202020323
00010000100001010110203020202033
000100001000010101102031
000100001000010101102032
000100001000010101102033
0001000010000101011021
0001000010000101011022
0001000010000101011023
0001000011
0001000012
0001000013
00010001
00010002
00010003
00010010
00010011
00010012
00010013
00010020
00010021
00010022
00010023
00010030
00010031
00010032
00010033
10000101000100001020202030303010
1000010100010000102020203030301120
1000010100010000102020203030301121302030
10000101000100001020202030303011213020311213110
1000010100010000102020203030301121302031121311120
1000010100010000102020203030301121302031121311121221
100001010001000010202020303030112130203112131112122223130
100001010001000010202020303030112130203112131112122223131
100001010001000010202020303030112130203112131112122223132
100001010001000010202020303030112130203112131112122223133231
10000101000100001020202030303011213020311213111212222313323223233
1000010100010000102020203030301121302031121311121222231332322333
10000101000100001020202030303011213020311213111213
1000010100010000102020203030301121302032
1000010100010000102020203030301121302033
10000101000100001020202030303011213021
10000101000100001020202030303011213022
10000101000100001020202030303011213023
1000010100010000102020203030302
1000010100010000102020203030303
10000101000100001020202030303111
10000101000100001020202030303112
10000101000100001020202030303113
100001010001000010202020303031201
100001010001000010202020303031202
100001010001000010202020303031203
10000101000100001020202030303121
1000010100010000102020203030312230
1000010100010000102020203030312231
1000010100010000102020203030312232
1000010100010000102020203030312233
1000010100010000102020203030313
1000010100010000102020203030321
1000010100010000102020203030322
1000010100010000102020203030323
100001010001000010202020303033
100001010001000011
100001010001000012
100001010001000013
1000010100010001
1000010100010002
1000010100010003
1000010100010010
1000010100010011
1000010100010012
1000010100010013
1000010100010020
1000010100010021
1000010100010022
1000010100010023
1000010100010030
1000010100010031
1000010100010032
1000010100010033
30010000100001010020202030301030
30010000100001010020202030301031102030
30010000100001010020202030301031102031121321120
3001000010000101002020203030103110203112132112130
3001000010000101002020203030103110203112132112131120
300100001000010100202020303010311020311213211213112122223231
3001000010000101002020203030103110203112132112131121222232322333
30010000100001010020202030301031102031121321121311212222330
30010000100001010020202030301031102031121321121311212222331
30010000100001010020202030301031102031121321121311212222332
30010000100001010020202030301031102031121321121311212222333
3001000010000101002020203030103110203112132112131121223
30010000100001010020202030301031102031121321121311213
300100001000010100202020303010311020311213211213113
30010000100001010020202030301031102032
30010000100001010020202030301031102033
300100001000010100202020303010311021
300100001000010100202020303010311022
300100001000010100202020303010311023
30010000100001010020202030302
30010000100001010020202030303
300100001000010100202020303110
300100001000010100202020303111
300100001000010100202020303112
300100001000010100202020303113
3001000010000101002020203031201
3001000010000101002020203031202
3001000010000101002020203031203
300100001000010100202020303121
30010000100001010020202030312231
30010000100001010020202030312232
30010000100001010020202030312233
30010000100001010020202030313
30010000100001010020202030321
30010000100001010020202030322
30010000100001010020202030323
3001000010000101002020203033
3001000011
3001000012
3001000013
30010001
30010002
30010003
30010010
30010011
30010012
30010013
30010020
30010021
30010022
30010023
30010030
30010031
30010032
30010033
200010000100001010110203020202030103030
2000100001000010101102030202020301030311213120
200010000100001010110203020202030103031121312130
200010000100001010110203020202030103031121312131120
20001000010000101011020302020203010303112131213112130
200010000100001010110203020202030103031121312131121311221
20001000010000101011020302020203010303112131213112131122223232232332
20001000010000101011020302020203010303112131213112131122223232232333
200010000100001010110203020202030103031121312131121311222232322333
2000100001000010101102030202020301030311213121311213113
2000100001000010101102030202020302
2000100001000010101102030202020303
20001000010000101011020302020203110
20001000010000101011020302020203111
20001000010000101011020302020203112
20001000010000101011020302020203113
20001000010000101011020302020203121
2000100001000010101102030202020312230
2000100001000010101102030202020312231
2000100001000010101102030202020312232
2000100001000010101102030202020312233
2000100001000010101102030202020313
2000100001000010101102030202020321
2000100001000010101102030202020322
2000100001000010101102030202020323
200010000100001010110203020202033
2000100001000010101102031
2000100001000010101102032
2000100001000010101102033
20001000010000101011021
20001000010000101011022
20001000010000101011023
2000100001000010102
2000100001000010103
20001000011
20001000012
20001000013
200010001
200010002
200010003
200010010
200010011
200010012
200010013
200010020
200010021
200010022
200010023
200010030
200010031
200010032
200010033
