20000000
210
22
230
2010000
2020
2030
2001000
20020
20030
200010
200020
2000300
2000010
2000020
200003000
20000010
2000002000
20000030
20000001
20000002
20000003
211
212
213
231
232
233
20110
20120
20130
201010
201020
201030
2010010
201002000
2010030
2010001
2010002
2010003
2021
2022
2023
2031
2032
2033
200110
200120
200130
2001010
2001020
2001030
2001001
2001002
2001003
20021
20022
20023
20031
20032
20033
200011
200012
200013
200021
200022
200023
20003100
2000320
20003300
2000301
2000302
2000303
2000011
2000012
2000013
2000021
2000022
2000023
20000310
20000320
20000330
200003010
200003020
200003030
200003001
200003002
200003003
20000011
20000012
20000013
200000210
200000220
200000230
2000002010
2000002020
2000002030
2000002001
2000002002
2000002003
20000031
20000032
20000033
20111
20112
20113
20121
20122
20123
20131
20132
20133
201011
201012
201013
201021
201022
201023
201031
201032
201033
2010011
2010012
2010013
20100210
20100220
20100230
201002010
201002020
201002030
201002001
201002002
201002003
2010031
2010032
2010033
200111
200112
200113
200121
200122
200123
200131
200132
200133
2001011
2001012
2001013
2001021
2001022
2001023
2001031
2001032
2001033
20003110
20003120
20003130
20003101
20003102
20003103
2000321
2000322
2000323
20003310
20003320
20003330
20003301
20003302
20003303
20000311
20000312
20000313
20000321
20000322
20000323
20000331
20000332
20000333
200003011
200003012
200003013
200003021
200003022
200003023
200003031
200003032
200003033
200000211
200000212
200000213
200000221
200000222
200000223
200000231
200000232
200000233
2000002011
2000002012
2000002013
2000002021
2000002022
2000002023
2000002031
2000002032
2000002033
20100211
20100212
20100213
20100221
20100222
20100223
20100231
20100232
20100233
201002011
201002012
201002013
201002021
201002022
201002023
201002031
201002032
201002033
20003111
20003112
20003113
20003121
20003122
20003123
20003131
20003132
20003133
20003311
20003312
20003313
20003321
20003322
20003323
20003331
20003332
20003333
0000000
010000
020
030
001000
0020
0030
00010
00020
000300
000010
000020
00003000
0000010
000002000
0000030
0000001
0000002
0000003
0110
0120
0130
01010
01020
01030
010010
01002000
010030
010001
010002
010003
021
022
023
031
032
033
00110
00120
00130
001010
001020
001030
001001
001002
001003
0021
0022
0023
0031
0032
0033
000110
000120
000130
00021
00022
00023
0003100
000320
0003300
000301
000302
000303
000011
000012
000013
000021
000022
000023
0000310
0000320
0000330
00003010
00003020
00003030
00003001
00003002
00003003
0000011
0000012
0000013
00000210
00000220
00000230
000002010
000002020
000002030
000002001
000002002
000002003
0000031
0000032
0000033
0111
0112
0113
0121
0122
0123
0131
0132
0133
01011
01012
01013
01021
01022
01023
01031
01032
01033
010011
010012
010013
0100210
0100220
0100230
01002010
01002020
01002030
01002001
01002002
01002003
010031
010032
010033
00111
00112
00113
00121
00122
00123
00131
00132
00133
001011
001012
001013
001021
001022
001023
001031
001032
001033
000111
000112
000113
000121
000122
000123
000131
000132
000133
0003110
0003120
0003130
0003101
0003102
0003103
000321
000322
000323
0003310
0003320
0003330
0003301
0003302
0003303
0000311
0000312
0000313
0000321
0000322
0000323
0000331
0000332
0000333
00003011
00003012
00003013
00003021
00003022
00003023
00003031
00003032
00003033
00000211
00000212
00000213
00000221
00000222
00000223
00000231
00000232
00000233
000002011
000002012
000002013
000002021
000002022
000002023
000002031
000002032
000002033
0100211
0100212
0100213
0100221
0100222
0100223
0100231
0100232
0100233
01002011
01002012
01002013
01002021
01002022
01002023
01002031
01002032
01002033
0003111
0003112
0003113
0003121
0003122
0003123
0003131
0003132
0003133
0003311
0003312
0003313
0003321
0003322
0003323
0003331
0003332
0003333
10000
110000
120
1300
1010
1020
103000
100100
10020000
10030
10001
10002
10003
111
1120
1130
110100
11020
11030
11001000
110020
110030
110001
110002
110003
121
122
123
13100
1320
13300
1301
1302
1303
1011
1012
1013
1021
1022
1023
10310
10320
1033000
103010
103020
103030
103001
103002
103003
100110
100120
100130
100101
100102
100103
100210
100220
100230
1002010
1002020
1002030
10020010
10020020
10020030
10020001
10020002
10020003
10031
10032
10033
1121
1122
1123
1131
1132
1133
110110
110120
110130
110101
110102
110103
11021
11022
11023
11031
11032
11033
1100110
1100120
1100130
11001010
11001020
11001030
11001001
11001002
11001003
110021
110022
110023
110031
110032
110033
13110
13120
13130
13101
13102
13103
1321
1322
1323
13310
13320
13330
13301
13302
13303
10311
10312
10313
10321
10322
10323
103310
103320
103330
1033010
1033020
1033030
1033001
1033002
1033003
103011
103012
103013
103021
103022
103023
103031
103032
103033
100111
100112
100113
100121
100122
100123
100131
100132
100133
100211
100212
100213
100221
100222
100223
100231
100232
100233
1002011
1002012
1002013
1002021
1002022
1002023
1002031
1002032
1002033
10020011
10020012
10020013
10020021
10020022
10020023
10020031
10020032
10020033
110111
110112
110113
110121
110122
110123
110131
110132
110133
1100111
1100112
1100113
1100121
1100122
1100123
1100131
1100132
1100133
11001011
11001012
11001013
11001021
11001022
11001023
11001031
11001032
11001033
13111
13112
13113
13121
13122
13123
13131
13132
13133
13311
13312
13313
13321
13322
13323
13331
13332
13333
103311
103312
103313
103321
103322
103323
103331
103332
103333
1033011
1033012
1033013
1033021
1033022
1033023
1033031
1033032
1033033
30000
310000
320
3300
3010
3020
303000
300100
30020000
30030
30001
30002
30003
3110
3120
313
310100
31020
31030
31001000
310020
310030
310001
310002
310003
321
322
323
33100
3320
33300
3301
3302
3303
3011
3012
3013
3021
3022
3023
30310
30320
3033000
303010
303020
303030
303001
303002
303003
300110
300120
300130
300101
300102
300103
300210
300220
300230
3002010
3002020
3002030
30020010
30020020
30020030
30020001
30020002
30020003
30031
30032
30033
3111
3112
3113
3121
3122
3123
310110
310120
310130
310101
310102
310103
31021
31022
31023
31031
31032
31033
3100110
3100120
3100130
31001010
31001020
31001030
31001001
31001002
31001003
310021
310022
310023
310031
310032
310033
33110
33120
33130
33101
33102
33103
3321
3322
3323
33310
33320
33330
33301
33302
33303
30311
30312
30313
30321
30322
30323
303310
303320
303330
3033010
3033020
3033030
3033001
3033002
3033003
303011
303012
303013
303021
303022
303023
303031
303032
303033
300111
300112
300113
300121
300122
300123
300131
300132
300133
300211
300212
300213
300221
300222
300223
300231
300232
300233
3002011
3002012
3002013
3002021
3002022
3002023
3002031
3002032
3002033
30020011
30020012
30020013
30020021
30020022
30020023
30020031
30020032
30020033
310111
310112
310113
310121
310122
310123
310131
310132
310133
3100111
3100112
3100113
3100121
3100122
3100123
3100131
3100132
3100133
31001011
31001012
31001013
31001021
31001022
31001023
31001031
31001032
31001033
33111
33112
33113
33121
33122
33123
33131
33132
33133
33311
33312
33313
33321
33322
33323
33331
33332
33333
303311
303312
303313
303321
303322
303323
303331
303332
303333
3033011
3033012
3033013
3033021
3033022
3033023
3033031
3033032
3033033
