000000
010
020000
0300
0010
0020
0030
00010
00020
0003000
000010
000020
000030
000001
000002
000003
011
012
013
0210
0220
0230
02010
02020
020300
020010
020020
020030
020001
020002
020003
0310
0320
0330
0301
0302
0303
0011
0012
0013
0021
0022
0023
0031
0032
0033
000110
000120
000130
00021
00022
00023
000310
000320
000330
0003010
0003020
0003030
0003001
0003002
0003003
000011
000012
000013
000021
000022
000023
000031
000032
000033
0211
0212
0213
0221
0222
0223
0231
0232
0233
02011
02012
02013
02021
02022
02023
020310
020320
020330
020301
020302
020303
020011
020012
020013
020021
020022
020023
020031
020032
020033
0311
0312
0313
0321
0322
0323
0331
0332
0333
000111
000112
000113
000121
000122
000123
000131
000132
000133
000311
000312
000313
000321
000322
000323
000331
000332
000333
0003011
0003012
0003013
0003021
0003022
0003023
0003031
0003032
0003033
020311
020312
020313
020321
020322
020323
020331
020332
020333
1000
110000
120000
13000
1010
1020
1030
1001
1002
1003
111
1120
1130
11010
11020
110300
110010
110020
110030
110001
110002
110003
1210
1220
1230
12010
12020
120300
120010
120020
120030
120001
120002
120003
1310
1320
1330
13010
13020
13030
13001
13002
13003
1011
1012
1013
1021
1022
1023
1031
1032
1033
1121
1122
1123
1131
1132
1133
11011
11012
11013
11021
11022
11023
110310
110320
110330
110301
110302
110303
110011
110012
110013
110021
110022
110023
110031
110032
110033
1211
1212
1213
1221
1222
1223
1231
1232
1233
12011
12012
12013
12021
12022
12023
120310
120320
120330
120301
120302
120303
120011
120012
120013
120021
120022
120023
120031
120032
120033
1311
1312
1313
1321
1322
1323
1331
1332
1333
13011
13012
13013
13021
13022
13023
13031
13032
13033
110311
110312
110313
110321
110322
110323
110331
110332
110333
120311
120312
120313
120321
120322
120323
120331
120332
120333
20000
210
2200
2300000
20100
2020
20300
20010
20020
20030
20001
20002
20003
211
212
213
2210
2220
2230
2201
2202
2203
2310
2320
23300
23010
23020
23030
230010
230020
2300300
2300010
2300020
2300030
2300001
2300002
2300003
20110
2012
20130
20101
20102
20103
2021
2022
2023
20310
20320
20330
20301
20302
20303
20011
20012
20013
20021
20022
20023
20031
20032
20033
2211
2212
2213
2221
2222
2223
2231
2232
2233
2311
2312
2313
2321
2322
2323
23310
23320
23330
23301
23302
23303
23011
23012
23013
23021
23022
23023
23031
23032
23033
230011
230012
230013
230021
230022
230023
2300310
2300320
2300330
2300301
2300302
2300303
2300011
2300012
2300013
2300021
2300022
2300023
2300031
2300032
2300033
20111
20112
20113
20131
20132
20133
20311
20312
20313
20321
20322
20323
20331
20332
20333
23311
23312
23313
23321
23322
23323
23331
23332
23333
2300311
2300312
2300313
2300321
2300322
2300323
2300331
2300332
2300333
30000
310
3200
3300000
30100
3020
30300
30010
30020
30030
30001
30002
30003
311
312
313
3210
3220
3230
3201
3202
3203
3310
3320
33300
33010
33020
33030
330010
330020
3300300
3300010
3300020
3300030
3300001
3300002
3300003
30110
30120
3013
30101
30102
30103
3021
3022
3023
30310
30320
30330
30301
30302
30303
30011
30012
30013
30021
30022
30023
30031
30032
30033
3211
3212
3213
3221
3222
3223
3231
3232
3233
3311
3312
3313
3321
3322
3323
33310
33320
33330
33301
33302
33303
33011
33012
33013
33021
33022
33023
33031
33032
33033
330011
330012
330013
330021
330022
330023
3300310
3300320
3300330
3300301
3300302
3300303
3300011
3300012
3300013
3300021
3300022
3300023
3300031
3300032
3300033
30111
30112
30113
30121
30122
30123
30311
30312
30313
30321
30322
30323
30331
30332
30333
33311
33312
33313
33321
33322
33323
33331
33332
33333
3300311
3300312
3300313
3300321
3300322
3300323
3300331
3300332
3300333
