0000000000000
010
020
0300
0010
0020
00300
00010
00020
00030
0000100
0000200
000030
0000010
0000020
00000300
00000010
00000020
00000030
000000010
000000020
000000030
0000000010
0000000020
0000000030
00000000010
00000000020
00000000030
000000000010
000000000020
0000000000300
0000000000010
0000000000020
0000000000030
0000000000001
0000000000002
0000000000003
011
012
013
021
022
023
0310
0320
0330
0301
0302
0303
0011
0012
0013
0021
0022
0023
00310
00320
00330
00301
00302
00303
00011
00012
00013
00021
00022
00023
00031
00032
00033
0000110
0000120
0000130
0000101
0000102
0000103
0000210
0000220
0000230
0000201
0000202
0000203
000031
000032
000033
0000011
0000012
0000013
0000021
0000022
0000023
00000310
00000320
00000330
00000301
00000302
00000303
00000011
00000012
00000013
00000021
00000022
00000023
00000031
00000032
00000033
000000011
000000012
000000013
000000021
000000022
000000023
000000031
000000032
000000033
0000000011
0000000012
0000000013
0000000021
0000000022
0000000023
0000000031
0000000032
0000000033
00000000011
00000000012
00000000013
00000000021
00000000022
00000000023
00000000031
00000000032
00000000033
000000000011
000000000012
000000000013
000000000021
000000000022
000000000023
0000000000310
0000000000320
0000000000330
0000000000301
0000000000302
0000000000303
0000000000011
0000000000012
0000000000013
0000000000021
0000000000022
0000000000023
0000000000031
0000000000032
0000000000033
0311
0312
0313
0321
0322
0323
0331
0332
0333
00311
00312
00313
00321
00322
00323
00331
00332
00333
0000111
0000112
0000113
0000121
0000122
0000123
0000131
0000132
0000133
0000211
0000212
0000213
0000221
0000222
0000223
0000231
0000232
0000233
000003110
000003120
000003130
00000321
00000322
00000323
00000331
00000332
00000333
0000000000311
0000000000312
0000000000313
0000000000321
0000000000322
0000000000323
0000000000331
0000000000332
0000000000333
000003111
000003112
000003113
000003121
000003122
000003123
000003131
000003132
000003133
20000000000000
210
220
230
2010
2020
2030
20010
20020
200300
200010
200020
200030
20000100
20000200
2000030
20000010
20000020
200000300
200000010
200000020
200000030
2000000010
2000000020
2000000030
20000000010
20000000020
20000000030
200000000010
200000000020
200000000030
2000000000010
2000000000020
20000000000300
20000000000010
20000000000020
20000000000030
20000000000001
20000000000002
20000000000003
211
212
213
221
222
223
231
232
233
2011
2012
2013
2021
2022
2023
2031
2032
2033
20011
20012
20013
20021
20022
20023
200310
200320
200330
200301
200302
200303
200011
200012
200013
200021
200022
200023
200031
200032
200033
20000110
20000120
20000130
20000101
20000102
20000103
20000210
20000220
20000230
20000201
20000202
20000203
2000031
2000032
2000033
20000011
20000012
20000013
20000021
20000022
20000023
2000003100
200000320
200000330
200000301
200000302
200000303
200000011
200000012
200000013
200000021
200000022
200000023
200000031
200000032
200000033
2000000011
2000000012
2000000013
2000000021
2000000022
2000000023
2000000031
2000000032
2000000033
20000000011
20000000012
20000000013
20000000021
20000000022
20000000023
20000000031
20000000032
20000000033
200000000011
200000000012
200000000013
200000000021
200000000022
200000000023
200000000031
200000000032
200000000033
2000000000011
2000000000012
2000000000013
2000000000021
2000000000022
2000000000023
20000000000310
20000000000320
20000000000330
20000000000301
20000000000302
20000000000303
20000000000011
20000000000012
20000000000013
20000000000021
20000000000022
20000000000023
20000000000031
20000000000032
20000000000033
200311
200312
200313
200321
200322
200323
200331
200332
200333
20000111
20000112
20000113
20000121
20000122
20000123
20000131
20000132
20000133
20000211
20000212
20000213
20000221
20000222
20000223
20000231
20000232
20000233
2000003110
200000312
2000003130
2000003101
2000003102
2000003103
200000321
200000322
200000323
200000331
200000332
200000333
20000000000311
20000000000312
20000000000313
20000000000321
20000000000322
20000000000323
20000000000331
20000000000332
20000000000333
2000003111
2000003112
2000003113
2000003131
2000003132
2000003133
3000000000
3100
3200
330
3010
3020
303000000
30010
30020
30030
300010
300020
300030
3000010
3000020
3000030
30000010
300000200
30000030
300000010
300000020
3000000300
3000000010
3000000020
3000000030
3000000001
3000000002
3000000003
3110
3120
3130
3101
3102
3103
3210
3220
3230
3201
3202
3203
331
332
333
3011
3012
3013
3021
3022
3023
303100
30320
30330
303010
303020
303030
3030010
3030020
3030030
30300010
30300020
30300030
303000010
303000020
303000030
303000001
303000002
303000003
30011
30012
30013
30021
30022
30023
30031
30032
30033
300011
300012
300013
300021
300022
300023
300031
300032
300033
3000011
3000012
3000013
3000021
3000022
3000023
3000031
3000032
3000033
30000011
30000012
30000013
300000210
300000220
300000230
300000201
300000202
300000203
30000031
30000032
30000033
300000011
300000012
300000013
300000021
300000022
300000023
3000000310
3000000320
3000000330
3000000301
3000000302
3000000303
3000000011
3000000012
3000000013
3000000021
3000000022
3000000023
3000000031
3000000032
3000000033
3111
3112
3113
3121
3122
3123
3131
3132
3133
3211
3212
3213
3221
3222
3223
3231
3232
3233
303110
303120
30313
303101
303102
303103
30321
30322
30323
30331
30332
30333
303011
303012
303013
303021
303022
303023
303031
303032
303033
3030011
3030012
3030013
3030021
3030022
3030023
3030031
3030032
3030033
30300011
30300012
30300013
30300021
30300022
30300023
30300031
30300032
30300033
303000011
303000012
303000013
303000021
303000022
303000023
303000031
303000032
303000033
300000211
300000212
300000213
300000221
300000222
300000223
300000231
300000232
300000233
3000000311
3000000312
3000000313
3000000321
3000000322
3000000323
3000000331
3000000332
3000000333
303111
303112
303113
303121
303122
303123
100000
110000
1200
1300
1010
10200
1030
10010
10020
1003000
100010
100020
100030
100001
100002
100003
1110
1120
113000000
11010
11020
11030
110010
110020
110030
110001
110002
110003
1210
1220
1230
1201
1202
1203
1310
1320
1330
1301
1302
1303
1011
1012
1013
10210
10220
10230
10201
10202
10203
1031
1032
1033
10011
10012
10013
10021
10022
10023
100310
1003200
100330
1003010
1003020
1003030
1003001
1003002
1003003
100011
100012
100013
100021
100022
100023
100031
100032
100033
1111
1112
1113
1121
1122
1123
11310
11320
11330
113010
113020
113030
1130010
1130020
1130030
11300010
11300020
11300030
113000010
113000020
113000030
113000001
113000002
113000003
11011
11012
11013
11021
11022
11023
11031
11032
11033
110011
110012
110013
110021
110022
110023
110031
110032
110033
1211
1212
1213
1221
1222
1223
1231
1232
1233
1311
1312
1313
1321
1322
1323
1331
1332
1333
10211
10212
10213
10221
10222
10223
10231
10232
10233
100311
100312
100313
100321
1003220
1003230
1003201
1003202
1003203
100331
100332
100333
1003011
1003012
1003013
1003021
1003022
1003023
1003031
1003032
1003033
11311
11312
11313
11321
11322
11323
11331
11332
11333
113011
113012
113013
113021
113022
113023
113031
113032
113033
1130011
1130012
1130013
1130021
1130022
1130023
1130031
1130032
1130033
11300011
11300012
11300013
11300021
11300022
11300023
11300031
11300032
11300033
113000011
113000012
113000013
113000021
113000022
113000023
113000031
113000032
113000033
1003221
1003222
1003223
1003231
1003232
1003233
