0,17,4,5,4
0,2,0
0,9,12,4
0,17,7,11,1,5
0,17,13,17
0,17,5
0,17,4,17
0,17,4,13
0,17,4,14,13
0,17,4,5,7
0,17,4,5,0
0,17,4,5,11
0,2,6,17
0,2,16,13
0,2,14
0,9,16
0,9,3,2
0,9,15,10,10
0,9,12,6
0,9,12,10
0,9,12,13
0,17,7,16
0,17,7,10
0,17,7,11,5
0,17,7,11,8,15
0,17,7,11,12
0,17,7,11,1,15
0,17,7,11,1,11
0,17,13,16
0,17,13,13
0,17,4,14,2
0,17,4,14,0
0,17,4,14,15
0,2,6,14
0,2,6,2
0,2,16,11
0,2,16,10
0,2,16,14
0,9,3,11
0,9,3,12
0,9,15,0
0,9,15,16
0,9,15,10,5
0,9,15,10,2
0,9,15,10,6
0,17,7,11,8,17
0,17,7,11,8,16
0,17,7,11,8,0
