000000000
0100
020
030
001000
00200
0030
00010
00020
00030
0000100
000020
000030
0000010
00000200
0000030
00000010
00000020
00000030
000000010
000000020
000000030
000000001
000000002
000000003
0110
012000
0130
0101
0102
0103
021
022
023
031
032
033
00110
00120
00130
001010
001020
001030
001001
001002
001003
00210
00220
00230
00201
00202
00203
0031
0032
0033
000110
000120
000130
00021
00022
00023
00031
00032
00033
0000110
0000120
0000130
0000101
0000102
0000103
000021
000022
000023
000031
000032
000033
0000011
0000012
0000013
00000210
00000220
00000230
00000201
00000202
00000203
0000031
0000032
0000033
00000011
00000012
00000013
00000021
00000022
00000023
00000031
00000032
00000033
000000011
000000012
000000013
000000021
000000022
000000023
000000031
000000032
000000033
0111
0112
0113
01210
01220
01230
012010
012020
012030
012001
012002
012003
0131
0132
0133
00111
00112
00113
00121
00122
00123
00131
00132
00133
001011
001012
001013
001021
001022
001023
001031
001032
001033
00211
00212
00213
00221
00222
00223
00231
00232
00233
000111
000112
000113
000121
000122
000123
000131
000132
000133
0000111
0000112
0000113
0000121
0000122
0000123
0000131
0000132
0000133
00000211
00000212
00000213
00000221
00000222
00000223
00000231
00000232
00000233
01211
01212
01213
01221
01222
01223
01231
01232
01233
012011
012012
012013
012021
012022
012023
012031
012032
012033
2000000
2100
220
230
2010000
202000
20300
20010
200200
20030
200010
200020
200030
2000010
2000020
2000030
2000001
2000002
2000003
2110
2120
21300
2101
2102
2103
221
222
223
231
232
233
20110
2012
20130
201010
201020
201030
20100100
2010020
2010030
2010001
2010002
2010003
20210
20220
20230
2020100
202020
202030
202001
202002
202003
20310
20320
20330
20301
20302
20303
20011
20012
20013
200210
200220
200230
200201
200202
200203
20031
20032
20033
200011
200012
200013
200021
200022
200023
200031
200032
200033
2000011
2000012
2000013
2000021
2000022
2000023
2000031
2000032
2000033
2111
2112
2113
2121
2122
2123
21310
21320
21330
21301
21302
21303
20111
20112
20113
20131
20132
20133
201011
201012
201013
201021
201022
201023
201031
201032
201033
20100110
20100120
20100130
20100101
20100102
20100103
2010021
2010022
2010023
2010031
2010032
2010033
20211
20212
20213
20221
20222
20223
20231
20232
20233
2020110
2020120
2020130
2020101
2020102
2020103
202021
202022
202023
202031
202032
202033
20311
20312
20313
20321
20322
20323
20331
20332
20333
200211
200212
200213
200221
200222
200223
200231
200232
200233
21311
21312
21313
21321
21322
21323
21331
21332
21333
20100111
20100112
20100113
20100121
20100122
20100123
20100131
20100132
20100133
2020111
2020112
2020113
2020121
2020122
2020123
2020131
2020132
2020133
1000000
1100
120
130
1010000
102000
10300
10010
100200
10030
100010
100020
100030
1000010
1000020
1000030
1000001
1000002
1000003
1110
1120
11300
1101
1102
1103
121
122
123
131
132
133
1011
10120
10130
101010
101020
101030
10100100
1010020
1010030
1010001
1010002
1010003
10210
10220
10230
1020100
102020
102030
102001
102002
102003
10310
10320
10330
10301
10302
10303
10011
10012
10013
100210
100220
100230
100201
100202
100203
10031
10032
10033
100011
100012
100013
100021
100022
100023
100031
100032
100033
1000011
1000012
1000013
1000021
1000022
1000023
1000031
1000032
1000033
1111
1112
1113
1121
1122
1123
11310
11320
11330
11301
11302
11303
10121
10122
10123
10131
10132
10133
101011
101012
101013
101021
101022
101023
101031
101032
101033
10100110
10100120
10100130
10100101
10100102
10100103
1010021
1010022
1010023
1010031
1010032
1010033
10211
10212
10213
10221
10222
10223
10231
10232
10233
1020110
1020120
1020130
1020101
1020102
1020103
102021
102022
102023
102031
102032
102033
10311
10312
10313
10321
10322
10323
10331
10332
10333
100211
100212
100213
100221
100222
100223
100231
100232
100233
11311
11312
11313
11321
11322
11323
11331
11332
11333
10100111
10100112
10100113
10100121
10100122
10100123
10100131
10100132
10100133
1020111
1020112
1020113
1020121
1020122
1020123
1020131
1020132
1020133
30000000
3100
320
33000
3010
302000
30300
30010
30020
30030
300010
300020
300030
3000010
300002000
30000300
30000010
30000020
30000030
30000001
30000002
30000003
3110
3120
3130
3101
3102
3103
321
322
323
3310
3320
3330
33010
33020
33030
33001
33002
33003
3011
3012
3013
30210
30220
30230
302010
302020
302030
302001
302002
302003
30310
30320
3033
30301
30302
30303
30011
30012
30013
30021
30022
30023
30031
30032
30033
300011
300012
300013
300021
300022
300023
300031
300032
300033
3000011
3000012
3000013
30000210
30000220
30000230
3000020100
300002020
300002030
300002001
300002002
300002003
30000310
30000320
30000330
30000301
30000302
30000303
30000011
30000012
30000013
30000021
30000022
30000023
30000031
30000032
30000033
3111
3112
3113
3121
3122
3123
3131
3132
3133
3311
3312
3313
3321
3322
3323
3331
3332
3333
33011
33012
33013
33021
33022
33023
33031
33032
33033
30211
30212
30213
30221
30222
30223
30231
30232
30233
302011
302012
302013
302021
302022
302023
302031
302032
302033
30311
30312
30313
30321
30322
30323
30000211
30000212
30000213
30000221
30000222
30000223
30000231
30000232
30000233
3000020110
3000020120
3000020130
3000020101
3000020102
3000020103
300002021
300002022
300002023
300002031
300002032
300002033
30000311
30000312
30000313
30000321
30000322
30000323
30000331
30000332
30000333
3000020111
3000020112
3000020113
3000020121
3000020122
3000020123
3000020131
3000020132
3000020133
