0 0 12 12 3 2 5 1 9 0 3 5 12 2 9 12 0 13 12
0 0 12 12 3 2 5 1 9 0 3 5 12 2 9 12 0 13 1 11 7 4 1 10 8 0
0 0 12 12 3 2 5 1 9 0 3 5 12 2 9 12 0 13 1 11 7 4 1 10 8 8 0
0 0 12 12 3 2 5 1 9 0 3 5 12 2 9 12 0 13 1 11 7 4 1 10 8 8 1 8
0 0 12 12 3 2 5 1 9 0 3 5 12 2 9 12 0 13 1 11 7 4 1 10 10 0
0 0 12 12 3 2 5 1 9 0 3 5 12 2 9 12 0 13 1 11 7 4 1 10 10 10
0 0 12 12 3 2 5 1 9 0 3 5 12 2 9 12 0 13 1 11 7 4 6 4 10
0 0 12 12 3 2 5 1 9 0 3 5 12 2 9 12 0 13 1 11 7 4 6 8
0 0 12 12 3 2 5 1 9 0 3 5 12 2 9 12 0 13 1 11 7 4 6 1
0 0 12 12 3 2 5 1 9 0 3 5 12 2 9 12 0 13 1 11 7 4 6 6
0 0 12 12 3 2 5 1 9 0 3 5 12 2 9 12 0 13 1 11 7 0
0 0 12 12 3 2 5 1 9 0 3 5 12 2 9 12 0 13 1 11 7 2 2 12
0 0 12 12 3 2 5 1 9 0 3 5 12 2 9 12 0 13 1 11 7 12
0 0 12 12 3 2 5 1 9 0 3 5 12 2 9 12 0 13 1 11 0
0 0 12 12 3 2 5 1 9 0 3 5 12 2 9 12 0 13 1 11 8
0 0 12 12 3 2 5 1 9 0 3 5 12 2 9 12 0 13 1 11 11
0 0 12 12 3 2 5 1 9 0 3 5 12 2 9 12 0 13 7
0 0 12 12 3 2 5 1 9 0 3 5 12 2 9 12 0 13 11
0 0 12 12 3 2 5 1 9 0 3 5 12 2 9 8
0 0 12 12 3 2 5 1 9 0 3 5 12 2 9 13
0 0 12 12 3 2 5 1 9 0 3 5 2
0 0 12 12 3 2 5 1 9 0 3 5 9
0 0 12 12 3 2 5 1 9 0 3 8
