00000010010010201000200011030
0000001001001020100020001103110030011202030
0000001001001020100020001103110030011202031213221020
000000100100102010002000110311003001120203121322102130
000000100100102010002000110311003001120203121322102131
000000100100102010002000110311003001120203121322102132322023022
0000001001001020100020001103110030011202031213221021323220230233
0000001001001020100020001103110030011202031213221021323220230301
0000001001001020100020001103110030011202031213221021323220230302
00000010010010201000200011031100300112020312132210213232202303033
0000001001001020100020001103110030011202031213221021323220230310110
0000001001001020100020001103110030011202031213221021323220230310111101
0000001001001020100020001103110030011202031213221021323220230310111102
0000001001001020100020001103110030011202031213221021323220230310111103
0000001001001020100020001103110030011202031213221021323220230310111111010
000000100100102010002000110311003001120203121322102132322023031011111101120320
000000100100102010002000110311003001120203121322102132322023031011111101120321
000000100100102010002000110311003001120203121322102132322023031011111101120322
000000100100102010002000110311003001120203121322102132322023031011111101120323
000000100100102010002000110311003001120203121322102132322023031011111101120330
000000100100102010002000110311003001120203121322102132322023031011111101120331
000000100100102010002000110311003001120203121322102132322023031011111101120332
000000100100102010002000110311003001120203121322102132322023031011111101120333
0000001001001020100020001103110030011202031213221021323220230310111111011212
0000001001001020100020001103110030011202031213221021323220230310111111011213
00000010010010201000200011031100300112020312132210213232202303101111110112230
000000100100102010002000110311003001120203121322102132322023031011111101122311
000000100100102010002000110311003001120203121322102132322023031011111101122312
000000100100102010002000110311003001120203121322102132322023031011111101122313
00000010010010201000200011031100300112020312132210213232202303101111110112232021212103
000000100100102010002000110311003001120203121322102132322023031011111101122320212121130
000000100100102010002000110311003001120203121322102132322023031011111101122320212121131
000000100100102010002000110311003001120203121322102132322023031011111101122320212121132
000000100100102010002000110311003001120203121322102132322023031011111101122320212121133
0000001001001020100020001103110030011202031213221021323220230310111111011223202121212
0000001001001020100020001103110030011202031213221021323220230310111111011223202121213
0000001001001020100020001103110030011202031213221021323220230310111111011223202121220
000000100100102010002000110311003001120203121322102132322023031011111101122320212122133
00000010010010201000200011031100300112020312132210213232202303101111110112232021212222
00000010010010201000200011031100300112020312132210213232202303101111110112232021212223
00000010010010201000200011031100300112020312132210213232202303101111110112232021212231
00000010010010201000200011031100300112020312132210213232202303101111110112232021212232201
00000010010010201000200011031100300112020312132210213232202303101111110112232021212232202301
00000010010010201000200011031100300112020312132210213232202303101111110112232021212232202302
00000010010010201000200011031100300112020312132210213232202303101111110112232021212232202303
00000010010010201000200011031100300112020312132210213232202303101111110112232021212232202311
00000010010010201000200011031100300112020312132210213232202303101111110112232021212232202312
000000100100102010002000110311003001120203121322102132322023031011111101122320212122322023133
00000010010010201000200011031100300112020312132210213232202303101111110112232021212232202321
00000010010010201000200011031100300112020312132210213232202303101111110112232021212232202322
00000010010010201000200011031100300112020312132210213232202303101111110112232021212232202323
00000010010010201000200011031100300112020312132210213232202303101111110112232021212232202333
00000010010010201000200011031100300112020312132210213232202303101111110112232021212232203
00000010010010201000200011031100300112020312132210213232202303101111110112232021212232212
00000010010010201000200011031100300112020312132210213232202303101111110112232021212232213
00000010010010201000200011031100300112020312132210213232202303101111110112232021212232220
00000010010010201000200011031100300112020312132210213232202303101111110112232021212232221
00000010010010201000200011031100300112020312132210213232202303101111110112232021212232222
00000010010010201000200011031100300112020312132210213232202303101111110112232021212232223
00000010010010201000200011031100300112020312132210213232202303101111110112232021212232230
00000010010010201000200011031100300112020312132210213232202303101111110112232021212232231
00000010010010201000200011031100300112020312132210213232202303101111110112232021212232232
00000010010010201000200011031100300112020312132210213232202303101111110112232021212232233
00000010010010201000200011031100300112020312132210213232202303101111110112232021212302
00000010010010201000200011031100300112020312132210213232202303101111110112232021212303
0000001001001020100020001103110030011202031213221021323220230310111111011223202121231
0000001001001020100020001103110030011202031213221021323220230310111111011223202121232
0000001001001020100020001103110030011202031213221021323220230310111111011223202121233
000000100100102010002000110311003001120203121322102132322023031011111101122320212131
000000100100102010002000110311003001120203121322102132322023031011111101122320212132
000000100100102010002000110311003001120203121322102132322023031011111101122320212133
0000001001001020100020001103110030011202031213221021323220230310111111011223203
00000010010010201000200011031100300112020312132210213232202303101111111
00000010010010201000200011031100300112020312132210213232202303101111112
00000010010010201000200011031100300112020312132210213232202303101111113
000000100100102010002000110311003001120203121322102132322023031011111200
000000100100102010002000110311003001120203121322102132322023031011111201
000000100100102010002000110311003001120203121322102132322023031011111202
000000100100102010002000110311003001120203121322102132322023031011111203
000000100100102010002000110311003001120203121322102132322023031011111210
000000100100102010002000110311003001120203121322102132322023031011111211
000000100100102010002000110311003001120203121322102132322023031011111212
000000100100102010002000110311003001120203121322102132322023031011111213
000000100100102010002000110311003001120203121322102132322023031011111220
000000100100102010002000110311003001120203121322102132322023031011111221
00000010010010201000200011031100300112020312132210213232202303101111122230
00000010010010201000200011031100300112020312132210213232202303101111122231
00000010010010201000200011031100300112020312132210213232202303101111122232
00000010010010201000200011031100300112020312132210213232202303101111122233
00000010010010201000200011031100300112020312132210213232202303101111123
00000010010010201000200011031100300112020312132210213232202303101111130
00000010010010201000200011031100300112020312132210213232202303101111131
00000010010010201000200011031100300112020312132210213232202303101111132
00000010010010201000200011031100300112020312132210213232202303101111133
00000010010010201000200011031100300112020312132210213232202303101112
00000010010010201000200011031100300112020312132210213232202303101113
0000001001001020101
0000001001001020102
0000001001001020103
200000010010010201000200011030
20000001001001020100020001103110030011202030
20000001001001020100020001103110030011202031213221020
2000000100100102010002000110311003001120203121322102130
2000000100100102010002000110311003001120203121322102131
2000000100100102010002000110311003001120203121322102132322023022
20000001001001020100020001103110030011202031213221021323220230233
20000001001001020100020001103110030011202031213221021323220230301
20000001001001020100020001103110030011202031213221021323220230302
200000010010010201000200011031100300112020312132210213232202303033
20000001001001020100020001103110030011202031213221021323220230310110
20000001001001020100020001103110030011202031213221021323220230310111101
20000001001001020100020001103110030011202031213221021323220230310111102
20000001001001020100020001103110030011202031213221021323220230310111103
20000001001001020100020001103110030011202031213221021323220230310111111010
200000010010010201000200011031100300112020312132210213232202303101111110112120
200000010010010201000200011031100300112020312132210213232202303101111110112121
200000010010010201000200011031100300112020312132210213232202303101111110112122
200000010010010201000200011031100300112020312132210213232202303101111110112123
200000010010010201000200011031100300112020312132210213232202303101111110112130
200000010010010201000200011031100300112020312132210213232202303101111110112131
200000010010010201000200011031100300112020312132210213232202303101111110112132
200000010010010201000200011031100300112020312132210213232202303101111110112133
200000010010010201000200011031100300112020312132210213232202303101111110112230
2000000100100102010002000110311003001120203121322102132322023031011111101122311
2000000100100102010002000110311003001120203121322102132322023031011111101122312
2000000100100102010002000110311003001120203121322102132322023031011111101122313
200000010010010201000200011031100300112020312132210213232202303101111110112232021212103
2000000100100102010002000110311003001120203121322102132322023031011111101122320212121130
2000000100100102010002000110311003001120203121322102132322023031011111101122320212121131
2000000100100102010002000110311003001120203121322102132322023031011111101122320212121132
20000001001001020100020001103110030011202031213221021323220230310111111011223202121211332
20000001001001020100020001103110030011202031213221021323220230310111111011223202121211333
20000001001001020100020001103110030011202031213221021323220230310111111011223202121212
20000001001001020100020001103110030011202031213221021323220230310111111011223202121213
20000001001001020100020001103110030011202031213221021323220230310111111011223202121220
2000000100100102010002000110311003001120203121322102132322023031011111101122320212122133
200000010010010201000200011031100300112020312132210213232202303101111110112232021212222
200000010010010201000200011031100300112020312132210213232202303101111110112232021212223
200000010010010201000200011031100300112020312132210213232202303101111110112232021212231
200000010010010201000200011031100300112020312132210213232202303101111110112232021212232201
200000010010010201000200011031100300112020312132210213232202303101111110112232021212232202301
200000010010010201000200011031100300112020312132210213232202303101111110112232021212232202302
200000010010010201000200011031100300112020312132210213232202303101111110112232021212232202303
200000010010010201000200011031100300112020312132210213232202303101111110112232021212232202311
200000010010010201000200011031100300112020312132210213232202303101111110112232021212232202312
2000000100100102010002000110311003001120203121322102132322023031011111101122320212122322023133
200000010010010201000200011031100300112020312132210213232202303101111110112232021212232202321
200000010010010201000200011031100300112020312132210213232202303101111110112232021212232202322
200000010010010201000200011031100300112020312132210213232202303101111110112232021212232202323
200000010010010201000200011031100300112020312132210213232202303101111110112232021212232202333
200000010010010201000200011031100300112020312132210213232202303101111110112232021212232203
200000010010010201000200011031100300112020312132210213232202303101111110112232021212232212
200000010010010201000200011031100300112020312132210213232202303101111110112232021212232213
200000010010010201000200011031100300112020312132210213232202303101111110112232021212232220
200000010010010201000200011031100300112020312132210213232202303101111110112232021212232221
200000010010010201000200011031100300112020312132210213232202303101111110112232021212232222
200000010010010201000200011031100300112020312132210213232202303101111110112232021212232223
200000010010010201000200011031100300112020312132210213232202303101111110112232021212232230
200000010010010201000200011031100300112020312132210213232202303101111110112232021212232231
200000010010010201000200011031100300112020312132210213232202303101111110112232021212232232
200000010010010201000200011031100300112020312132210213232202303101111110112232021212232233
200000010010010201000200011031100300112020312132210213232202303101111110112232021212302
200000010010010201000200011031100300112020312132210213232202303101111110112232021212303
20000001001001020100020001103110030011202031213221021323220230310111111011223202121231
20000001001001020100020001103110030011202031213221021323220230310111111011223202121232
20000001001001020100020001103110030011202031213221021323220230310111111011223202121233
2000000100100102010002000110311003001120203121322102132322023031011111101122320212131
2000000100100102010002000110311003001120203121322102132322023031011111101122320212132
2000000100100102010002000110311003001120203121322102132322023031011111101122320212133
20000001001001020100020001103110030011202031213221021323220230310111111011223203
200000010010010201000200011031100300112020312132210213232202303101111111
200000010010010201000200011031100300112020312132210213232202303101111112
200000010010010201000200011031100300112020312132210213232202303101111113
2000000100100102010002000110311003001120203121322102132322023031011111200
2000000100100102010002000110311003001120203121322102132322023031011111201
2000000100100102010002000110311003001120203121322102132322023031011111202
2000000100100102010002000110311003001120203121322102132322023031011111203
2000000100100102010002000110311003001120203121322102132322023031011111210
2000000100100102010002000110311003001120203121322102132322023031011111211
2000000100100102010002000110311003001120203121322102132322023031011111212
2000000100100102010002000110311003001120203121322102132322023031011111213
2000000100100102010002000110311003001120203121322102132322023031011111220
2000000100100102010002000110311003001120203121322102132322023031011111221
200000010010010201000200011031100300112020312132210213232202303101111122230
200000010010010201000200011031100300112020312132210213232202303101111122231
200000010010010201000200011031100300112020312132210213232202303101111122232
200000010010010201000200011031100300112020312132210213232202303101111122233
200000010010010201000200011031100300112020312132210213232202303101111123
200000010010010201000200011031100300112020312132210213232202303101111130
200000010010010201000200011031100300112020312132210213232202303101111131
200000010010010201000200011031100300112020312132210213232202303101111132
200000010010010201000200011031100300112020312132210213232202303101111133
200000010010010201000200011031100300112020312132210213232202303101112
200000010010010201000200011031100300112020312132210213232202303101113
2000000100100102010002000110311003001120203121322103
20000001001001020101
20000001001001020102
20000001001001020103
10000010000100102020000111003001213031202030
10000010000100102020000111003001213031202031
100000100001001020200001110030012130312020321010110
10000010000100102020000111003001213031202032101011130
10000010000100102020000111003001213031202032101011131
1000001000010010202000011100300121303120203210101113222023020
1000001000010010202000011100300121303120203210101113222023021
100000100001001020200001110030012130312020321010111322202302233
10000010000100102020000111003001213031202032101011132220230232
10000010000100102020000111003001213031202032101011132220230233
10000010000100102020000111003001213031202032101011132220230302
10000010000100102020000111003001213031202032101011132220230303
10000010000100102020000111003001213031202032101011132220230310111101
10000010000100102020000111003001213031202032101011132220230310111102
10000010000100102020000111003001213031202032101011132220230310111103
10000010000100102020000111003001213031202032101011132220230310111111010
10000010000100102020000111003001213031202032101011132220230310111111011202
1000001000010010202000011100300121303120203210101113222023031011111101120320
1000001000010010202000011100300121303120203210101113222023031011111101120321
1000001000010010202000011100300121303120203210101113222023031011111101120322
1000001000010010202000011100300121303120203210101113222023031011111101120323
1000001000010010202000011100300121303120203210101113222023031011111101120330
1000001000010010202000011100300121303120203210101113222023031011111101120331
1000001000010010202000011100300121303120203210101113222023031011111101120332
1000001000010010202000011100300121303120203210101113222023031011111101120333
10000010000100102020000111003001213031202032101011132220230310111111011212
10000010000100102020000111003001213031202032101011132220230310111111011213
100000100001001020200001110030012130312020321010111322202303101111110112230
1000001000010010202000011100300121303120203210101113222023031011111101122312
1000001000010010202000011100300121303120203210101113222023031011111101122313
100000100001001020200001110030012130312020321010111322202303101111110112232021212103
1000001000010010202000011100300121303120203210101113222023031011111101122320212121130
1000001000010010202000011100300121303120203210101113222023031011111101122320212121131
1000001000010010202000011100300121303120203210101113222023031011111101122320212121132
1000001000010010202000011100300121303120203210101113222023031011111101122320212121133
10000010000100102020000111003001213031202032101011132220230310111111011223202121212
10000010000100102020000111003001213031202032101011132220230310111111011223202121213
10000010000100102020000111003001213031202032101011132220230310111111011223202121220
1000001000010010202000011100300121303120203210101113222023031011111101122320212122133
100000100001001020200001110030012130312020321010111322202303101111110112232021212222
100000100001001020200001110030012130312020321010111322202303101111110112232021212223
100000100001001020200001110030012130312020321010111322202303101111110112232021212231
100000100001001020200001110030012130312020321010111322202303101111110112232021212232201
100000100001001020200001110030012130312020321010111322202303101111110112232021212232202301
100000100001001020200001110030012130312020321010111322202303101111110112232021212232202302
100000100001001020200001110030012130312020321010111322202303101111110112232021212232202303
100000100001001020200001110030012130312020321010111322202303101111110112232021212232202311
100000100001001020200001110030012130312020321010111322202303101111110112232021212232202312
1000001000010010202000011100300121303120203210101113222023031011111101122320212122322023133
100000100001001020200001110030012130312020321010111322202303101111110112232021212232202321
100000100001001020200001110030012130312020321010111322202303101111110112232021212232202322
100000100001001020200001110030012130312020321010111322202303101111110112232021212232202323
100000100001001020200001110030012130312020321010111322202303101111110112232021212232202333
100000100001001020200001110030012130312020321010111322202303101111110112232021212232203
100000100001001020200001110030012130312020321010111322202303101111110112232021212232212
100000100001001020200001110030012130312020321010111322202303101111110112232021212232213
100000100001001020200001110030012130312020321010111322202303101111110112232021212232220
100000100001001020200001110030012130312020321010111322202303101111110112232021212232221
100000100001001020200001110030012130312020321010111322202303101111110112232021212232222
100000100001001020200001110030012130312020321010111322202303101111110112232021212232223
100000100001001020200001110030012130312020321010111322202303101111110112232021212232230
100000100001001020200001110030012130312020321010111322202303101111110112232021212232231
100000100001001020200001110030012130312020321010111322202303101111110112232021212232232
100000100001001020200001110030012130312020321010111322202303101111110112232021212232233
100000100001001020200001110030012130312020321010111322202303101111110112232021212302
100000100001001020200001110030012130312020321010111322202303101111110112232021212303
10000010000100102020000111003001213031202032101011132220230310111111011223202121231
10000010000100102020000111003001213031202032101011132220230310111111011223202121232
10000010000100102020000111003001213031202032101011132220230310111111011223202121233
1000001000010010202000011100300121303120203210101113222023031011111101122320212131
1000001000010010202000011100300121303120203210101113222023031011111101122320212132
1000001000010010202000011100300121303120203210101113222023031011111101122320212133
10000010000100102020000111003001213031202032101011132220230310111111011223203
100000100001001020200001110030012130312020321010111322202303101111111
100000100001001020200001110030012130312020321010111322202303101111112
100000100001001020200001110030012130312020321010111322202303101111113
1000001000010010202000011100300121303120203210101113222023031011111200
1000001000010010202000011100300121303120203210101113222023031011111201
1000001000010010202000011100300121303120203210101113222023031011111202
1000001000010010202000011100300121303120203210101113222023031011111203
1000001000010010202000011100300121303120203210101113222023031011111210
1000001000010010202000011100300121303120203210101113222023031011111211
1000001000010010202000011100300121303120203210101113222023031011111212
1000001000010010202000011100300121303120203210101113222023031011111213
1000001000010010202000011100300121303120203210101113222023031011111220
1000001000010010202000011100300121303120203210101113222023031011111221
100000100001001020200001110030012130312020321010111322202303101111122230
100000100001001020200001110030012130312020321010111322202303101111122231
100000100001001020200001110030012130312020321010111322202303101111122232
100000100001001020200001110030012130312020321010111322202303101111122233
100000100001001020200001110030012130312020321010111322202303101111123
100000100001001020200001110030012130312020321010111322202303101111130
100000100001001020200001110030012130312020321010111322202303101111131
100000100001001020200001110030012130312020321010111322202303101111132
100000100001001020200001110030012130312020321010111322202303101111133
100000100001001020200001110030012130312020321010111322202303101112
100000100001001020200001110030012130312020321010111322202303101113
10000010000101
10000010000102
10000010000103
30000001000102010002000102030
3000000100010201000200010203110030011202030
30000001000102010002000102031100300112020312132210110
3000000100010201000200010203110030011202031213221011130
3000000100010201000200010203110030011202031213221011131
30000001000102010002000102031100300112020312132210111323220230301
30000001000102010002000102031100300112020312132210111323220230302
300000010001020100020001020311003001120203121322101113232202303033
30000001000102010002000102031100300112020312132210111323220230310110
30000001000102010002000102031100300112020312132210111323220230310111101
30000001000102010002000102031100300112020312132210111323220230310111102
300000010001020100020001020311003001120203121322101113232202303101111033
30000001000102010002000102031100300112020312132210111323220230310111111010
300000010001020100020001020311003001120203121322101113232202303101111110112021
300000010001020100020001020311003001120203121322101113232202303101111110112022
300000010001020100020001020311003001120203121322101113232202303101111110112023
3000000100010201000200010203110030011202031213221011132322023031011111101120320
3000000100010201000200010203110030011202031213221011132322023031011111101120321
3000000100010201000200010203110030011202031213221011132322023031011111101120322
3000000100010201000200010203110030011202031213221011132322023031011111101120323
3000000100010201000200010203110030011202031213221011132322023031011111101120330
3000000100010201000200010203110030011202031213221011132322023031011111101120331
3000000100010201000200010203110030011202031213221011132322023031011111101120332
3000000100010201000200010203110030011202031213221011132322023031011111101120333
30000001000102010002000102031100300112020312132210111323220230310111111011212
30000001000102010002000102031100300112020312132210111323220230310111111011213
3000000100010201000200010203110030011202031213221011132322023031011111101122312
3000000100010201000200010203110030011202031213221011132322023031011111101122313
300000010001020100020001020311003001120203121322101113232202303101111110112232021212103
3000000100010201000200010203110030011202031213221011132322023031011111101122320212121130
3000000100010201000200010203110030011202031213221011132322023031011111101122320212121131
3000000100010201000200010203110030011202031213221011132322023031011111101122320212121132
3000000100010201000200010203110030011202031213221011132322023031011111101122320212121133
30000001000102010002000102031100300112020312132210111323220230310111111011223202121212
30000001000102010002000102031100300112020312132210111323220230310111111011223202121213
30000001000102010002000102031100300112020312132210111323220230310111111011223202121220
3000000100010201000200010203110030011202031213221011132322023031011111101122320212122133
300000010001020100020001020311003001120203121322101113232202303101111110112232021212222
300000010001020100020001020311003001120203121322101113232202303101111110112232021212223
300000010001020100020001020311003001120203121322101113232202303101111110112232021212231
300000010001020100020001020311003001120203121322101113232202303101111110112232021212232201
300000010001020100020001020311003001120203121322101113232202303101111110112232021212232202301
300000010001020100020001020311003001120203121322101113232202303101111110112232021212232202302
300000010001020100020001020311003001120203121322101113232202303101111110112232021212232202303
300000010001020100020001020311003001120203121322101113232202303101111110112232021212232202311
300000010001020100020001020311003001120203121322101113232202303101111110112232021212232202312
3000000100010201000200010203110030011202031213221011132322023031011111101122320212122322023133
300000010001020100020001020311003001120203121322101113232202303101111110112232021212232202321
300000010001020100020001020311003001120203121322101113232202303101111110112232021212232202322
300000010001020100020001020311003001120203121322101113232202303101111110112232021212232202323
300000010001020100020001020311003001120203121322101113232202303101111110112232021212232202333
300000010001020100020001020311003001120203121322101113232202303101111110112232021212232203
300000010001020100020001020311003001120203121322101113232202303101111110112232021212232212
300000010001020100020001020311003001120203121322101113232202303101111110112232021212232213
300000010001020100020001020311003001120203121322101113232202303101111110112232021212232220
300000010001020100020001020311003001120203121322101113232202303101111110112232021212232221
300000010001020100020001020311003001120203121322101113232202303101111110112232021212232222
300000010001020100020001020311003001120203121322101113232202303101111110112232021212232223
300000010001020100020001020311003001120203121322101113232202303101111110112232021212232230
300000010001020100020001020311003001120203121322101113232202303101111110112232021212232231
300000010001020100020001020311003001120203121322101113232202303101111110112232021212232232
300000010001020100020001020311003001120203121322101113232202303101111110112232021212232233
300000010001020100020001020311003001120203121322101113232202303101111110112232021212302
300000010001020100020001020311003001120203121322101113232202303101111110112232021212303
30000001000102010002000102031100300112020312132210111323220230310111111011223202121231
30000001000102010002000102031100300112020312132210111323220230310111111011223202121232
30000001000102010002000102031100300112020312132210111323220230310111111011223202121233
3000000100010201000200010203110030011202031213221011132322023031011111101122320212131
3000000100010201000200010203110030011202031213221011132322023031011111101122320212132
3000000100010201000200010203110030011202031213221011132322023031011111101122320212133
30000001000102010002000102031100300112020312132210111323220230310111111011223203
300000010001020100020001020311003001120203121322101113232202303101111111
300000010001020100020001020311003001120203121322101113232202303101111112
300000010001020100020001020311003001120203121322101113232202303101111113
3000000100010201000200010203110030011202031213221011132322023031011111200
3000000100010201000200010203110030011202031213221011132322023031011111201
3000000100010201000200010203110030011202031213221011132322023031011111202
3000000100010201000200010203110030011202031213221011132322023031011111203
3000000100010201000200010203110030011202031213221011132322023031011111210
3000000100010201000200010203110030011202031213221011132322023031011111211
3000000100010201000200010203110030011202031213221011132322023031011111212
3000000100010201000200010203110030011202031213221011132322023031011111213
3000000100010201000200010203110030011202031213221011132322023031011111220
3000000100010201000200010203110030011202031213221011132322023031011111221
300000010001020100020001020311003001120203121322101113232202303101111122230
300000010001020100020001020311003001120203121322101113232202303101111122231
300000010001020100020001020311003001120203121322101113232202303101111122232
300000010001020100020001020311003001120203121322101113232202303101111122233
300000010001020100020001020311003001120203121322101113232202303101111123
300000010001020100020001020311003001120203121322101113232202303101111130
300000010001020100020001020311003001120203121322101113232202303101111131
300000010001020100020001020311003001120203121322101113232202303101111132
300000010001020100020001020311003001120203121322101113232202303101111133
300000010001020100020001020311003001120203121322101113232202303101112
300000010001020100020001020311003001120203121322101113232202303101113
300000010001020101
300000010001020102
300000010001020103
