000000
010
020000
03000
0010
0020
00300
00010
00020
00030
000010
0000200
00003000
000001
000002
000003
011
012
013
0210
0220
0230
02010
02020
02030
020010
020020
020030
020001
020002
020003
0310
0320
0330
03010
03020
03030
03001
03002
03003
0011
0012
0013
00210
00220
00230
00310
00320
00330
00301
00302
00303
00011
00012
00013
00021
00022
00023
00031
00032
00033
000011
000012
000013
0000210
0000220
0000230
0000201
0000202
0000203
0000310
0000320
0000330
00003010
00003020
00003030
00003001
00003002
00003003
0211
0212
0213
0221
0222
0223
0231
0232
0233
02011
02012
02013
02021
02022
02023
02031
02032
02033
020011
020012
020013
020021
020022
020023
020031
020032
020033
0311
0312
0313
0321
0322
0323
0331
0332
0333
03011
03012
03013
03021
03022
03023
03031
03032
03033
00211
00212
00213
00221
00222
00223
00231
00232
00233
00311
00312
00313
00321
00322
00323
00331
00332
00333
0000211
0000212
0000213
0000221
0000222
0000223
0000231
0000232
0000233
0000311
0000312
0000313
0000321
0000322
0000323
0000331
0000332
0000333
00003011
00003012
00003013
00003021
00003022
00003023
00003031
00003032
00003033
2000000
2100
220
230
2010
2020000
20300
20010
20020
200300
200010
200020
200030
2000010
20000200
200003000
2000001
2000002
2000003
2110
212
2130
2101
2102
2103
221
222
223
231
232
233
2011
2012
2013
20210
20220
20230
202010
202020
202030
2020010
2020020
2020030
2020001
2020002
2020003
20310
20320
20330
20301
20302
20303
20011
20012
20013
20021
20022
20023
200310
200320
200330
200301
200302
200303
200011
200012
200013
200021
200022
200023
200031
200032
200033
2000011
2000012
2000013
20000210
20000220
20000230
20000201
20000202
20000203
20000310
20000320
20000330
200003010
200003020
200003030
200003001
200003002
200003003
2111
2112
2113
2131
2132
2133
20211
20212
20213
20221
20222
20223
20231
20232
20233
202011
202012
202013
202021
202022
202023
202031
202032
202033
2020011
2020012
2020013
2020021
2020022
2020023
2020031
2020032
2020033
20311
20312
20313
20321
20322
20323
20331
20332
20333
200311
200312
200313
200321
200322
200323
200331
200332
200333
20000211
20000212
20000213
20000221
20000222
20000223
20000231
20000232
20000233
20000311
20000312
20000313
20000321
20000322
20000323
20000331
20000332
20000333
200003011
200003012
200003013
200003021
200003022
200003023
200003031
200003032
200003033
1000
110
120000000
130
1010000
1020
10300
1001
1002
1003
111
112
113
1210
1220
1230
120100
12020
12030
120010
120020
120030
1200010
1200020
1200030
12000010
12000020
12000030
120000010
1200000200
120000030
120000001
120000002
120000003
131
132
133
10110
10120
10130
101010
101020
101030
1010010
1010020
1010030
1010001
1010002
1010003
1021
1022
1023
10310
10320
10330
10301
10302
10303
1211
1212
1213
1221
1222
1223
1231
1232
1233
12011
120120
120130
120101
120102
120103
12021
12022
12023
12031
12032
12033
120011
120012
120013
120021
120022
120023
120031
120032
120033
1200011
1200012
1200013
1200021
1200022
1200023
1200031
1200032
1200033
12000011
12000012
12000013
12000021
12000022
12000023
12000031
12000032
12000033
120000011
120000012
120000013
1200000210
1200000220
1200000230
1200000201
1200000202
1200000203
120000031
120000032
120000033
10111
10112
10113
10121
10122
10123
10131
10132
10133
101011
101012
101013
101021
101022
101023
101031
101032
101033
1010011
1010012
1010013
1010021
1010022
1010023
1010031
1010032
1010033
10311
10312
10313
10321
10322
10323
10331
10332
10333
120121
120122
120123
120131
120132
120133
1200000211
1200000212
1200000213
1200000221
1200000222
1200000223
1200000231
1200000232
1200000233
3000
310000
3200
33000
3010
3020
30300
3001
3002
3003
3110
31200
313
31010
31020000
310300
310010
310020
310030
310001
310002
310003
3210
3220
3230
3201
3202
3203
3310
3320
3330
33010
33020
33030
33001
33002
33003
3011
3012
3013
3021
3022
3023
30310
30320
30330
30301
30302
30303
3111
3112
3113
31210
31220
31230
31201
31202
31203
31011
31012
31013
310210
310220
310230
3102010
3102020
3102030
31020010
31020020
31020030
31020001
31020002
31020003
310310
310320
310330
310301
310302
310303
310011
310012
310013
310021
310022
310023
310031
310032
310033
3211
3212
3213
3221
3222
3223
3231
3232
3233
3311
3312
3313
3321
3322
3323
3331
3332
3333
33011
33012
33013
33021
33022
33023
33031
33032
33033
30311
30312
30313
30321
30322
30323
30331
30332
30333
31211
31212
31213
31221
31222
31223
31231
31232
31233
310211
310212
310213
310221
310222
310223
310231
310232
310233
3102011
3102012
3102013
3102021
3102022
3102023
3102031
3102032
3102033
31020011
31020012
31020013
31020021
31020022
31020023
31020031
31020032
31020033
310311
310312
310313
310321
310322
310323
310331
310332
310333
