0000000
010
02000
030
00100
0020
0030
00010
00020
00030
0000100
000020
000030
0000010
0000020
0000030
0000001
0000002
0000003
011
012
013
02100
0220
0230
020100
02020
0203000
02001
02002
02003
031
032
033
00110
00120
00130
00101
00102
00103
0021
0022
0023
0031
0032
0033
00011
00012
00013
00021
00022
00023
000310
000320
000330
0000110
0000120
0000130
0000101
0000102
0000103
000021
000022
000023
000031
000032
000033
0000011
0000012
0000013
0000021
0000022
0000023
0000031
0000032
0000033
02110
02120
02130
02101
02102
02103
0221
0222
0223
0231
0232
0233
020110
020120
020130
020101
020102
020103
02021
02022
02023
020310
020320
020330
0203010
0203020
0203030
0203001
0203002
0203003
00111
00112
00113
00121
00122
00123
00131
00132
00133
000311
000312
000313
000321
000322
000323
000331
000332
000333
0000111
0000112
0000113
0000121
0000122
0000123
0000131
0000132
0000133
02111
02112
02113
02121
02122
02123
02131
02132
02133
020111
020112
020113
020121
020122
020123
020131
020132
020133
020311
020312
020313
020321
020322
020323
020331
020332
020333
0203011
0203012
0203013
0203021
0203022
0203023
0203031
0203032
0203033
20000
21000
220
2300
20100
2020
203000
20010
20020
20030
20001
20002
20003
21100
2120
213000
210100
21020
21030
21001
21002
21003
221
222
223
2310
2320
2330
2301
2302
2303
201100
20120
20130
20101
20102
20103
2021
2022
2023
20310
2032
20330
203010
203020
203030
203001
203002
203003
20011
20012
20013
20021
20022
20023
20031
20032
20033
21110
21120
21130
21101
21102
21103
2121
2122
2123
21310
21320
21330
213010
213020
213030
213001
213002
213003
210110
210120
210130
210101
210102
210103
21021
21022
21023
21031
21032
21033
2311
2312
2313
2321
2322
2323
2331
2332
2333
201110
201120
201130
201101
201102
201103
20121
20122
20123
20131
20132
20133
20311
20312
20313
20331
20332
20333
203011
203012
203013
203021
203022
203023
203031
203032
203033
21111
21112
21113
21121
21122
21123
21131
21132
21133
21311
21312
21313
21321
21322
21323
21331
21332
21333
213011
213012
213013
213021
213022
213023
213031
213032
213033
210111
210112
210113
210121
210122
210123
210131
210132
210133
201111
201112
201113
201121
201122
201123
201131
201132
201133
30000000
3100
3200
3300
3010
30200
3030
30010
30020
30030
300010
300020
3000300
30000100
3000020
3000030
30000010
30000020
30000030
30000001
30000002
30000003
3110
31200
3130
3101
3102
3103
3210
3220
32300
3201
3202
3203
3310
3320
3330
3301
3302
3303
3011
3012
3013
30210
30220
30230
30201
30202
30203
3031
3032
3033
30011
30012
30013
30021
30022
30023
30031
30032
30033
300011
300012
300013
300021
300022
300023
3000310
3000320
300033
3000301
3000302
3000303
30000110
30000120
30000130
30000101
30000102
30000103
3000021
3000022
3000023
3000031
3000032
3000033
30000011
30000012
30000013
30000021
30000022
30000023
30000031
30000032
30000033
3111
3112
3113
31210
31220
31230
31201
31202
31203
3131
3132
3133
3211
3212
3213
3221
3222
3223
32310
32320
32330
32301
32302
32303
3311
3312
3313
3321
3322
3323
3331
3332
3333
30211
30212
30213
30221
30222
30223
30231
30232
30233
3000311
3000312
3000313
3000321
3000322
3000323
30000111
30000112
30000113
30000121
30000122
30000123
30000131
30000132
30000133
31211
31212
31213
31221
31222
31223
31231
31232
31233
32311
32312
32313
32321
32322
32323
32331
32332
32333
10000000
1100
12000
1300
1010
1020
1030
10010
10020
10030
100010
100020
100030
10000100
1000020
1000030
10000010
10000020
10000030
10000001
10000002
10000003
111
1120
11300
1101
1102
1103
1210
1220
1230
12010
12020
1203000
12001
12002
12003
1310
1320
1330
1301
1302
1303
1011
1012
1013
1021
1022
1023
1031
1032
1033
10011
10012
10013
10021
10022
10023
10031
10032
10033
100011
100012
100013
100021
100022
100023
100031
100032
100033
10000110
10000120
10000130
10000101
10000102
10000103
1000021
1000022
1000023
1000031
1000032
1000033
10000011
10000012
10000013
10000021
10000022
10000023
10000031
10000032
10000033
1121
1122
1123
11310
11320
11330
11301
11302
11303
1211
1212
1213
1221
1222
1223
1231
1232
1233
12011
12012
12013
12021
12022
12023
120310
120320
120330
1203010
1203020
1203030
1203001
1203002
1203003
1311
1312
1313
1321
1322
1323
1331
1332
1333
10000111
10000112
10000113
10000121
10000122
10000123
10000131
10000132
10000133
11311
11312
11313
11321
11322
11323
11331
11332
11333
120311
120312
120313
120321
120322
120323
120331
120332
120333
1203011
1203012
1203013
1203021
1203022
1203023
1203031
1203032
1203033
