0111111111211111318141961421811
011111111121111131814196142181988
011111111121111131814196142181911
01111111112111113181419614218191111171711
01111111112111113181419614218191111171718
0111111111211111318141961421819111117179
01111111112111113181419614218191111171726401
011111111121111131814196142181911111717264065111
0111111111211111318141961421819111117172640651151
0111111111211111318141961421819111117172640651151
0111111111211111318141961421819111117172640651158
01111111112111113181419614218191111171726406511
011111111121111131814196142181911111717264061
011111111121111131814196142181911111717264016
01111111112111113181419614218191111171726401217
0111111111211111318141961421819111117172649
011111111121111130
0111111111211111310
0111111111211111311
0111111111211111311
0111111111211111311
011111111121111131
0111111
0111110
0111111
