200
210
22000000
2300
201
202
203
211
212
213
22100
222
22300
22010
220200
22030
22001000
220020
220030
2200010
2200020
2200030
22000010
22000020
22000030
22000001
22000002
22000003
2310
2320
2330
2301
2302
2303
22110
22120
22130
22101
22102
22103
22310
22320
22330
22301
22302
22303
22011
22012
22013
220210
220220
220230
220201
220202
220203
22031
22032
22033
2200110
2200120
2200130
22001010
22001020
22001030
22001001
22001002
22001003
220021
220022
220023
220031
220032
220033
2200011
2200012
2200013
2200021
2200022
2200023
2200031
2200032
2200033
22000011
22000012
22000013
22000021
22000022
22000023
22000031
22000032
22000033
2311
2312
2313
2321
2322
2323
2331
2332
2333
22111
22112
22113
22121
22122
22123
22131
22132
22133
22311
22312
22313
22321
22322
22323
22331
22332
22333
220211
220212
220213
220221
220222
220223
220231
220232
220233
2200111
2200112
2200113
2200121
2200122
2200123
2200131
2200132
2200133
22001011
22001012
22001013
22001021
22001022
22001023
22001031
22001032
22001033
000000
010
02000
030
00100000
0020
0030
00010
00020
00030
000010
000020
000030
0000010
00000200
0000030
011
012
013
0210
0220
0230
02010
02020
02030
02001
02002
02003
031
032
033
00110
00120
00130
001010
001020
001030
0010010
0010020
0010030
00100010
00100020
00100030
00100001
00100002
00100003
0021
0022
0023
0031
0032
0033
00011
00012
00013
00021
00022
00023
00031
00032
00033
000011
000012
000013
000021
000022
000023
000031
000032
000033
0000011
0000012
0000013
00000210
00000220
00000230
00000201
00000202
00000203
0000031
0000032
0000033
0211
0212
0213
0221
0222
0223
0231
0232
0233
02011
02012
02013
02021
02022
02023
02031
02032
02033
00111
00112
00113
00121
00122
00123
00131
00132
00133
001011
001012
001013
001021
001022
001023
001031
001032
001033
0010011
0010012
0010013
0010021
0010022
0010023
0010031
0010032
0010033
00100011
00100012
00100013
00100021
00100022
00100023
00100031
00100032
00100033
00000211
00000212
00000213
00000221
00000222
00000223
00000231
00000232
00000233
10000000
110000
120
1300
1010
1020
1030
10010
10020
10030
100010
100020
1000300
100001
1000020
1000030
10000010
100000200
10000030
10000001
10000002
10000003
1110
1120
1130
11010
11020
11030
110010
110020
110030
110001
110002
110003
121
122
123
1310
1320
1330
1301
1302
1303
1011
1012
1013
1021
1022
1023
1031
1032
1033
10011
10012
10013
10021
10022
10023
10031
10032
10033
100011
100012
100013
100021
100022
100023
1000310
1000320
1000330
1000301
1000302
1000303
1000021
1000022
1000023
1000031
1000032
1000033
10000011
10000012
10000013
100000210
100000220
100000230
100000201
100000202
100000203
10000031
10000032
10000033
1111
1112
1113
1121
1122
1123
1131
1132
1133
11011
11012
11013
11021
11022
11023
11031
11032
11033
110011
110012
110013
110021
110022
110023
110031
110032
110033
1311
1312
1313
1321
1322
1323
1331
1332
1333
1000311
1000312
1000313
1000321
1000322
1000323
1000331
1000332
1000333
100000211
100000212
100000213
100000221
100000222
100000223
100000231
100000232
100000233
300000000
3100
320
330
30100
3020
30300
30010
30020
30030
300010
300020
300030
3000010
3000020
30000300
30000010
30000020
3000003
300000010
3000000200
300000030
300000001
300000002
300000003
3110
3120
3130
3101
3102
3103
321
322
323
331
332
333
30110
30120
30130
30101
30102
30103
3021
3022
3023
30310
30320
30330
30301
30302
30303
30011
30012
30013
30021
30022
30023
30031
30032
30033
300011
300012
300013
300021
300022
300023
300031
300032
300033
3000011
3000012
3000013
3000021
3000022
3000023
30000310
30000320
30000330
30000301
30000302
30000303
30000011
30000012
30000013
30000021
30000022
30000023
300000011
300000012
300000013
3000000210
3000000220
3000000230
3000000201
3000000202
3000000203
300000031
300000032
300000033
3111
3112
3113
3121
3122
3123
3131
3132
3133
30111
30112
30113
30121
30122
30123
30131
30132
30133
30311
30312
30313
30321
30322
30323
30331
30332
30333
30000311
30000312
30000313
30000321
30000322
30000323
30000331
30000332
30000333
3000000211
3000000212
3000000213
3000000221
3000000222
3000000223
3000000231
3000000232
3000000233
