100000
110
1200
130
10100
1020
1030
1001000
100200
10030
10001
100020
100030
100001
100002
100003
111
112
113
12100
1220
1230
1201
1202
1203
131
132
133
10110
10120
10130
10101
10102
10103
1021
1022
1023
1031
1032
1033
100110
100120
100130
1001010
1001020
1001030
1001001
1001002
1001003
100210
100220
100230
100201
100202
100203
10031
10032
10033
100021
100022
100023
100031
100032
100033
12110
12120
12130
12101
12102
12103
1221
1222
1223
1231
1232
1233
10111
10112
10113
10121
10122
10123
10131
10132
10133
100111
100112
100113
100121
100122
100123
100131
100132
100133
1001011
1001012
1001013
1001021
1001022
1001023
1001031
1001032
1001033
100211
100212
100213
100221
100222
100223
100231
100232
100233
12111
12112
12113
12121
12122
12123
12131
12132
12133
00000
010
0200
030
00100
0020
0030
0001000
000200
00030
000010
000020
000030
011
012
013
02100
0220
0230
0201
0202
0203
031
032
033
00110
00120
00130
00101
00102
00103
0021
0022
0023
0031
0032
0033
000110
000120
000130
0001010
0001020
0001030
0001001
0001002
0001003
000210
000220
000230
000201
000202
000203
00031
00032
00033
000011
000012
000013
000021
000022
000023
000031
000032
000033
02110
02120
02130
02101
02102
02103
0221
0222
0223
0231
0232
0233
00111
00112
00113
00121
00122
00123
00131
00132
00133
000111
000112
000113
000121
000122
000123
000131
000132
000133
0001011
0001012
0001013
0001021
0001022
0001023
0001031
0001032
0001033
000211
000212
000213
000221
000222
000223
000231
000232
000233
02111
02112
02113
02121
02122
02123
02131
02132
02133
300
31000000
320
33000
301
302
303
3110
31200
3130
31010
31020
31030
3100100
310020
310030
3100010
3100020
3100030
31000010
31000020
3100003
31000001
31000002
31000003
321
322
323
3310
3320
3330
33010
33020
33030
33001
33002
33003
3111
3112
3113
31210
31220
31230
31201
31202
31203
3131
3132
3133
31011
31012
31013
31021
31022
31023
31031
31032
31033
3100110
3100120
3100130
3100101
3100102
3100103
310021
310022
310023
310031
310032
310033
3100011
3100012
3100013
3100021
3100022
3100023
3100031
3100032
3100033
31000011
31000012
31000013
31000021
31000022
31000023
3311
3312
3313
3321
3322
3323
3331
3332
3333
33011
33012
33013
33021
33022
33023
33031
33032
33033
31211
31212
31213
31221
31222
31223
31231
31232
31233
3100111
3100112
3100113
3100121
3100122
3100123
3100131
3100132
3100133
200000
2100
220
2300
201000
20200
2030
20010
2002
20030
200010
200020
200030
200001
200002
200003
2110
2120
2130
2101
2102
2103
221
222
223
23100
2320
2330
2301
2302
2303
20110
20120
20130
201010
201020
201030
201001
201002
201003
20210
20220
20230
20201
20202
20203
2031
2032
2033
20011
20012
20013
20031
20032
20033
200011
200012
200013
200021
200022
200023
200031
200032
200033
2111
2112
2113
2121
2122
2123
2131
2132
2133
23110
23120
23130
23101
23102
23103
2321
2322
2323
2331
2332
2333
20111
20112
20113
20121
20122
20123
20131
20132
20133
201011
201012
201013
201021
201022
201023
201031
201032
201033
20211
20212
20213
20221
20222
20223
20231
20232
20233
23111
23112
23113
23121
23122
23123
23131
23132
23133
