1000
110
120
130
10100000
1020
1030
1001
1002
1003
111
112
113
121
122
123
131
132
133
10110
10120
101300
101010
1010200
101030
1010010
1010020
1010030
10100010
10100020
10100030
10100001
10100002
10100003
1021
1022
1023
1031
1032
1033
10111
10112
10113
10121
10122
10123
101310
101320
101330
101301
101302
101303
101011
101012
101013
101021
1010220
1010230
1010201
1010202
1010203
101031
101032
101033
1010011
1010012
1010013
1010021
1010022
1010023
1010031
1010032
1010033
10100011
10100012
10100013
10100021
10100022
10100023
10100031
10100032
10100033
101311
101312
101313
101321
101322
101323
101331
101332
101333
1010221
1010222
1010223
1010231
1010232
1010233
300000000
310
320
33
3010
3020
30300
30010
30020
30030
300010
300020
300030
3000010
3000020
3000030
30000010
30000020
30000030
300000010
300000020
300000030
300000001
300000002
300000003
311
312
313
321
322
323
3011
3012
3013
3021
3022
3023
30310
30320
30330
30301
30302
30303
30011
30012
30013
30021
30022
30023
30031
30032
30033
300011
300012
300013
300021
300022
300023
300031
300032
300033
3000011
3000012
3000013
3000021
3000022
3000023
3000031
3000032
3000033
30000011
30000012
30000013
30000021
30000022
30000023
30000031
30000032
30000033
300000011
300000012
300000013
300000021
300000022
300000023
300000031
300000032
300000033
30311
30312
30313
30321
30322
30323
30331
30332
30333
00000000
010
020
0300
0010
0020
0030
00010
00020
00030
000010
000020
000030
0000010
0000020
0000030
00000010
00000020
00000030
00000001
00000002
00000003
011
012
013
021
022
023
0310
0320
0330
0301
0302
0303
0011
0012
0013
00210
00220
00230
0031
0032
0033
00011
00012
00013
00021
00022
00023
00031
00032
00033
000011
000012
000013
000021
000022
000023
000031
000032
000033
0000011
0000012
0000013
0000021
0000022
0000023
0000031
0000032
0000033
00000011
00000012
00000013
00000021
00000022
00000023
00000031
00000032
00000033
0311
0312
0313
0321
0322
0323
0331
0332
0333
00211
00212
00213
00221
00222
00223
00231
00232
00233
2000000
2100
2200
230
2010
20200
2030
20010
20020
20030
200010
200020
200030
2000010
2000020
2000030
2000001
2000002
2000003
2110
2120
2130
2101
2102
2103
2210
222
2230
2201
2202
2203
231
232
233
2011
2012
2013
20210
20220
20230
20201
20202
20203
2031
2032
2033
20011
20012
20013
20021
20022
20023
20031
20032
20033
200011
200012
200013
200021
200022
200023
200031
200032
200033
2000011
2000012
2000013
2000021
2000022
2000023
2000031
2000032
2000033
2111
2112
2113
2121
2122
2123
2131
2132
2133
2211
2212
2213
2231
2232
2233
20211
20212
20213
20221
20222
20223
20231
20232
20233
