0000110000012100000101022321012
0000110000012100000101022321013221301331
000011000001210000010102232101322130133213
00001100000121000001010223210132213013322
00001100000121000001010223210132213013323
00001100000121000001010223210132213013331
000011000001210000010102232101322130133321
0000110000012100000101022321013221301333221
0000110000012100000101022321013221301333222
0000110000012100000101022321013221301333223132
00001100000121000001010223210132213013332231331122233
00001100000121000001010223210132213013332231331123
00001100000121000001010223210132213013332231331132
00001100000121000001010223210132213013332231331133
000011000001210000010102232101322130133322313312
000011000001210000010102232101322130133322313313
000011000001210000010102232101323
