100000100020100102001101100300100010202020211010301121122030302012120131102030
1000001000201001020011011003001000102020202110103011211220303020121201311020312130
1000001000201001020011011003001000102020202110103011211220303020121201311020312131120
10000010002010010200110110030010001020202021101030112112203030201212013110203121311212130
10000010002010010200110110030010001020202021101030112112203030201212013110203121311212131
1000001000201001020011011003001000102020202110103011211220303020121201311020312131121213220211030
1000001000201001020011011003001000102020202110103011211220303020121201311020312131121213220211031
10000010002010010200110110030010001020202021101030112112203030201212013110203121311212132202110322113130
10000010002010010200110110030010001020202021101030112112203030201212013110203121311212132202110322113131
10000010002010010200110110030010001020202021101030112112203030201212013110203121311212132202110322113132230
10000010002010010200110110030010001020202021101030112112203030201212013110203121311212132202110322113132231
10000010002010010200110110030010001020202021101030112112203030201212013110203121311212132202110322113132232333
1000001000201001020011011003001000102020202110103011211220303020121201311020312131121213220211032211313231
1000001000201001020011011003001000102020202110103011211220303020121201311020312131121213220211032211313232230
1000001000201001020011011003001000102020202110103011211220303020121201311020312131121213220211032211313232231
1000001000201001020011011003001000102020202110103011211220303020121201311020312131121213220211032211313232232
10000010002010010200110110030010001020202021101030112112203030201212013110203121311212132202110322113132322333
100000100020100102001101100300100010202020211010301121122030302012120131102031213112121322021103221131332
100000100020100102001101100300100010202020211010301121122030302012120131102031213112121322021103221131333
100000100020100102001101100300100010202020211010301121122030302012120131102031213112121322021103221132
100000100020100102001101100300100010202020211010301121122030302012120131102031213112121322021103221133
10000010002010010200110110030010001020202021101030112112203030201212013110203121311212132202110322122
10000010002010010200110110030010001020202021101030112112203030201212013110203121311212132202110322123
100000100020100102001101100300100010202020211010301121122030302012120131102031213112121322021103221322
100000100020100102001101100300100010202020211010301121122030302012120131102031213112121322021103221323
100000100020100102001101100300100010202020211010301121122030302012120131102031213112121322021103221333
10000010002010010200110110030010001020202021101030112112203030201212013110203121311212132202110322202
10000010002010010200110110030010001020202021101030112112203030201212013110203121311212132202110322203
10000010002010010200110110030010001020202021101030112112203030201212013110203121311212132202110322211
1000001000201001020011011003001000102020202110103011211220303020121201311020312131121213220211032221221
1000001000201001020011011003001000102020202110103011211220303020121201311020312131121213220211032221222
1000001000201001020011011003001000102020202110103011211220303020121201311020312131121213220211032221223
100000100020100102001101100300100010202020211010301121122030302012120131102031213112121322021103222123130
100000100020100102001101100300100010202020211010301121122030302012120131102031213112121322021103222123131
100000100020100102001101100300100010202020211010301121122030302012120131102031213112121322021103222123132
100000100020100102001101100300100010202020211010301121122030302012120131102031213112121322021103222123133
1000001000201001020011011003001000102020202110103011211220303020121201311020312131121213220211032221232
1000001000201001020011011003001000102020202110103011211220303020121201311020312131121213220211032221233
100000100020100102001101100300100010202020211010301121122030302012120131102031213112121322021103223
1000001000201001020011011003001000102020202110103011211220303020121201311020312131121213220212
1000001000201001020011011003001000102020202110103011211220303020121201311020312131121213220213
10000010002010010200110110030010001020202021101030112112203030201212013110203121311212132203
100000100020100102001101100300100010202020211010301121122030302012120131102031213113
100000100020100102001101100300100010202020211010301121122030302012120131102032
100000100020100102001101100300100010202020211010301121122030302012120131102033
100000100020100102001101100300100010202020211010301121122030302012120131103
1000001000201001020011011003001000102020202110103011211220303020121202
1000001000201001020011011003001000102020202110103011211220303020121203
1000001000201001020011011003001000102020202110103011211220303020121211
1000001000201001020011011003001000102020202110103011211220303020121212
1000001000201001020011011003001000102020202110103011211220303020121213
1000001000201001020011011003001000102020202110103011211220303020121221
1000001000201001020011011003001000102020202110103011211220303020121222
1000001000201001020011011003001000102020202110103011211220303020121223
100000100020100102001101100300100010202020211010301121122030302012123
100000100020100102001101100300100010202020211010301121123
10000010002010010200110110030010001020202021101030113
1000001000201001020011011003001000102020202111
1000001000201001020011011003001000102020202112
1000001000201001020011011003001000102020202113
1000001000201001020011011003001000103
100000100020100102001101101
100000100020100102001101102
100000100020100102001101103
200000101000201001020011011003001000102020202110103011211220303020211030
2000001010002010010200110110030010001020202021101030112112203030202110312120131102030
20000010100020100102001101100300100010202020211010301121122030302021103121201311020312130
20000010100020100102001101100300100010202020211010301121122030302021103121201311020312131120
200000101000201001020011011003001000102020202110103011211220303020211031212013110203121311212130
200000101000201001020011011003001000102020202110103011211220303020211031212013110203121311212131
20000010100020100102001101100300100010202020211010301121122030302021103121201311020312131121213222113130
20000010100020100102001101100300100010202020211010301121122030302021103121201311020312131121213222113131
20000010100020100102001101100300100010202020211010301121122030302021103121201311020312131121213222113132230
20000010100020100102001101100300100010202020211010301121122030302021103121201311020312131121213222113132231
2000001010002010010200110110030010001020202021101030112112203030202110312120131102031213112121322211313223232
20000010100020100102001101100300100010202020211010301121122030302021103121201311020312131121213222113132232333
2000001010002010010200110110030010001020202021101030112112203030202110312120131102031213112121322211313231
2000001010002010010200110110030010001020202021101030112112203030202110312120131102031213112121322211313232230
2000001010002010010200110110030010001020202021101030112112203030202110312120131102031213112121322211313232231
2000001010002010010200110110030010001020202021101030112112203030202110312120131102031213112121322211313232232
20000010100020100102001101100300100010202020211010301121122030302021103121201311020312131121213222113132322333
200000101000201001020011011003001000102020202110103011211220303020211031212013110203121311212132221131332
200000101000201001020011011003001000102020202110103011211220303020211031212013110203121311212132221131333
200000101000201001020011011003001000102020202110103011211220303020211031212013110203121311212132221132
200000101000201001020011011003001000102020202110103011211220303020211031212013110203121311212132221133
20000010100020100102001101100300100010202020211010301121122030302021103121201311020312131121213222122
20000010100020100102001101100300100010202020211010301121122030302021103121201311020312131121213222123
200000101000201001020011011003001000102020202110103011211220303020211031212013110203121311212132221322
200000101000201001020011011003001000102020202110103011211220303020211031212013110203121311212132221323
200000101000201001020011011003001000102020202110103011211220303020211031212013110203121311212132221333
20000010100020100102001101100300100010202020211010301121122030302021103121201311020312131121213222202
20000010100020100102001101100300100010202020211010301121122030302021103121201311020312131121213222203
20000010100020100102001101100300100010202020211010301121122030302021103121201311020312131121213222211
2000001010002010010200110110030010001020202021101030112112203030202110312120131102031213112121322221221
2000001010002010010200110110030010001020202021101030112112203030202110312120131102031213112121322221222
2000001010002010010200110110030010001020202021101030112112203030202110312120131102031213112121322221223
200000101000201001020011011003001000102020202110103011211220303020211031212013110203121311212132222123130
200000101000201001020011011003001000102020202110103011211220303020211031212013110203121311212132222123131
200000101000201001020011011003001000102020202110103011211220303020211031212013110203121311212132222123132
200000101000201001020011011003001000102020202110103011211220303020211031212013110203121311212132222123133
2000001010002010010200110110030010001020202021101030112112203030202110312120131102031213112121322221232
2000001010002010010200110110030010001020202021101030112112203030202110312120131102031213112121322221233
200000101000201001020011011003001000102020202110103011211220303020211031212013110203121311212132223
2000001010002010010200110110030010001020202021101030112112203030202110312120131102031213113
2000001010002010010200110110030010001020202021101030112112203030202110312120131102032
2000001010002010010200110110030010001020202021101030112112203030202110312120131102033
2000001010002010010200110110030010001020202021101030112112203030202110312120131103
20000010100020100102001101100300100010202020211010301121122030302021103121202
20000010100020100102001101100300100010202020211010301121122030302021103121203
20000010100020100102001101100300100010202020211010301121122030302021103121211
20000010100020100102001101100300100010202020211010301121122030302021103121212
20000010100020100102001101100300100010202020211010301121122030302021103121213
200000101000201001020011011003001000102020202110103011211220303020211031212212
200000101000201001020011011003001000102020202110103011211220303020211031212213
20000010100020100102001101100300100010202020211010301121122030302021103121222
20000010100020100102001101100300100010202020211010301121122030302021103121223
2000001010002010010200110110030010001020202021101030112112203030202110312123
2000001010002010010200110110030010001020202021101030112112203030203
20000010100020100102001101100300100010202020211010301121123
2000001010002010010200110110030010001020202021101030113
200000101000201001020011011003001000102020202111
200000101000201001020011011003001000102020202112
200000101000201001020011011003001000102020202113
200000101000201001020011011003001000103
20000010100020100102001101101
20000010100020100102001101102
20000010100020100102001101103
000001000101001020011011003001000202020301121020211010
000001000101001020011011003001000202020301121020211011122030302012120131102030
0000010001010010200110110030010002020203011210202110111220303020121201311020312130
0000010001010010200110110030010002020203011210202110111220303020121201311020312131120
00000100010100102001101100300100020202030112102021101112203030201212013110203121311212130
00000100010100102001101100300100020202030112102021101112203030201212013110203121311212131
0000010001010010200110110030010002020203011210202110111220303020121201311020312131121213220211030
0000010001010010200110110030010002020203011210202110111220303020121201311020312131121213220211031
00000100010100102001101100300100020202030112102021101112203030201212013110203121311212132202110322113130
00000100010100102001101100300100020202030112102021101112203030201212013110203121311212132202110322113131
00000100010100102001101100300100020202030112102021101112203030201212013110203121311212132202110322113132230
00000100010100102001101100300100020202030112102021101112203030201212013110203121311212132202110322113132231
00000100010100102001101100300100020202030112102021101112203030201212013110203121311212132202110322113132232333
0000010001010010200110110030010002020203011210202110111220303020121201311020312131121213220211032211313231
0000010001010010200110110030010002020203011210202110111220303020121201311020312131121213220211032211313232230
0000010001010010200110110030010002020203011210202110111220303020121201311020312131121213220211032211313232231
0000010001010010200110110030010002020203011210202110111220303020121201311020312131121213220211032211313232232
00000100010100102001101100300100020202030112102021101112203030201212013110203121311212132202110322113132322333
000001000101001020011011003001000202020301121020211011122030302012120131102031213112121322021103221131332
000001000101001020011011003001000202020301121020211011122030302012120131102031213112121322021103221131333
000001000101001020011011003001000202020301121020211011122030302012120131102031213112121322021103221132
000001000101001020011011003001000202020301121020211011122030302012120131102031213112121322021103221133
00000100010100102001101100300100020202030112102021101112203030201212013110203121311212132202110322122
00000100010100102001101100300100020202030112102021101112203030201212013110203121311212132202110322123
000001000101001020011011003001000202020301121020211011122030302012120131102031213112121322021103221322
000001000101001020011011003001000202020301121020211011122030302012120131102031213112121322021103221323
000001000101001020011011003001000202020301121020211011122030302012120131102031213112121322021103221333
00000100010100102001101100300100020202030112102021101112203030201212013110203121311212132202110322202
00000100010100102001101100300100020202030112102021101112203030201212013110203121311212132202110322203
00000100010100102001101100300100020202030112102021101112203030201212013110203121311212132202110322211
0000010001010010200110110030010002020203011210202110111220303020121201311020312131121213220211032221221
0000010001010010200110110030010002020203011210202110111220303020121201311020312131121213220211032221222
0000010001010010200110110030010002020203011210202110111220303020121201311020312131121213220211032221223
000001000101001020011011003001000202020301121020211011122030302012120131102031213112121322021103222123130
000001000101001020011011003001000202020301121020211011122030302012120131102031213112121322021103222123131
000001000101001020011011003001000202020301121020211011122030302012120131102031213112121322021103222123132
000001000101001020011011003001000202020301121020211011122030302012120131102031213112121322021103222123133
0000010001010010200110110030010002020203011210202110111220303020121201311020312131121213220211032221232
0000010001010010200110110030010002020203011210202110111220303020121201311020312131121213220211032221233
000001000101001020011011003001000202020301121020211011122030302012120131102031213112121322021103223
0000010001010010200110110030010002020203011210202110111220303020121201311020312131121213220212
0000010001010010200110110030010002020203011210202110111220303020121201311020312131121213220213
00000100010100102001101100300100020202030112102021101112203030201212013110203121311212132203
000001000101001020011011003001000202020301121020211011122030302012120131102031213113
000001000101001020011011003001000202020301121020211011122030302012120131102032
000001000101001020011011003001000202020301121020211011122030302012120131102033
000001000101001020011011003001000202020301121020211011122030302012120131103
0000010001010010200110110030010002020203011210202110111220303020121202
0000010001010010200110110030010002020203011210202110111220303020121203
0000010001010010200110110030010002020203011210202110111220303020121212
0000010001010010200110110030010002020203011210202110111220303020121213
0000010001010010200110110030010002020203011210202110111220303020121221
0000010001010010200110110030010002020203011210202110111220303020121222
0000010001010010200110110030010002020203011210202110111220303020121223
000001000101001020011011003001000202020301121020211011122030302012123
000001000101001020011011003001000202020301121020211011123
0000010001010010200110110030010002020203011210202111
0000010001010010200110110030010002020203011210202112
0000010001010010200110110030010002020203011210202113
0000010001010010200110110030010002020203011210203
00000100010100102001101100300100020202030113
00000100010100102001101101
00000100010100102001101102
00000100010100102001101103
3000001000101001020011011003001000202020301121020211010
3000001000101001020011011003001000202020301121020211011122030302012120131102030
30000010001010010200110110030010002020203011210202110111220303020121201311020312130
30000010001010010200110110030010002020203011210202110111220303020121201311020312131120
300000100010100102001101100300100020202030112102021101112203030201212013110203121311212130
300000100010100102001101100300100020202030112102021101112203030201212013110203121311212131
30000010001010010200110110030010002020203011210202110111220303020121201311020312131121213220211030
30000010001010010200110110030010002020203011210202110111220303020121201311020312131121213220211031
300000100010100102001101100300100020202030112102021101112203030201212013110203121311212132202110322113130
300000100010100102001101100300100020202030112102021101112203030201212013110203121311212132202110322113131
300000100010100102001101100300100020202030112102021101112203030201212013110203121311212132202110322113132231
300000100010100102001101100300100020202030112102021101112203030201212013110203121311212132202110322113132232333
30000010001010010200110110030010002020203011210202110111220303020121201311020312131121213220211032211313231
30000010001010010200110110030010002020203011210202110111220303020121201311020312131121213220211032211313232230
30000010001010010200110110030010002020203011210202110111220303020121201311020312131121213220211032211313232231
30000010001010010200110110030010002020203011210202110111220303020121201311020312131121213220211032211313232232
300000100010100102001101100300100020202030112102021101112203030201212013110203121311212132202110322113132322333
3000001000101001020011011003001000202020301121020211011122030302012120131102031213112121322021103221131332
3000001000101001020011011003001000202020301121020211011122030302012120131102031213112121322021103221131333
3000001000101001020011011003001000202020301121020211011122030302012120131102031213112121322021103221132
3000001000101001020011011003001000202020301121020211011122030302012120131102031213112121322021103221133
300000100010100102001101100300100020202030112102021101112203030201212013110203121311212132202110322122
300000100010100102001101100300100020202030112102021101112203030201212013110203121311212132202110322123
3000001000101001020011011003001000202020301121020211011122030302012120131102031213112121322021103221322
3000001000101001020011011003001000202020301121020211011122030302012120131102031213112121322021103221323
3000001000101001020011011003001000202020301121020211011122030302012120131102031213112121322021103221333
300000100010100102001101100300100020202030112102021101112203030201212013110203121311212132202110322202
300000100010100102001101100300100020202030112102021101112203030201212013110203121311212132202110322203
300000100010100102001101100300100020202030112102021101112203030201212013110203121311212132202110322211
30000010001010010200110110030010002020203011210202110111220303020121201311020312131121213220211032221221
30000010001010010200110110030010002020203011210202110111220303020121201311020312131121213220211032221222
30000010001010010200110110030010002020203011210202110111220303020121201311020312131121213220211032221223
3000001000101001020011011003001000202020301121020211011122030302012120131102031213112121322021103222123130
3000001000101001020011011003001000202020301121020211011122030302012120131102031213112121322021103222123131
3000001000101001020011011003001000202020301121020211011122030302012120131102031213112121322021103222123132
3000001000101001020011011003001000202020301121020211011122030302012120131102031213112121322021103222123133
30000010001010010200110110030010002020203011210202110111220303020121201311020312131121213220211032221232
30000010001010010200110110030010002020203011210202110111220303020121201311020312131121213220211032221233
3000001000101001020011011003001000202020301121020211011122030302012120131102031213112121322021103223
30000010001010010200110110030010002020203011210202110111220303020121201311020312131121213220212
30000010001010010200110110030010002020203011210202110111220303020121201311020312131121213220213
300000100010100102001101100300100020202030112102021101112203030201212013110203121311212132203
3000001000101001020011011003001000202020301121020211011122030302012120131102031213113
3000001000101001020011011003001000202020301121020211011122030302012120131102032
3000001000101001020011011003001000202020301121020211011122030302012120131102033
3000001000101001020011011003001000202020301121020211011122030302012120131103
30000010001010010200110110030010002020203011210202110111220303020121202
30000010001010010200110110030010002020203011210202110111220303020121203
30000010001010010200110110030010002020203011210202110111220303020121212
30000010001010010200110110030010002020203011210202110111220303020121213
30000010001010010200110110030010002020203011210202110111220303020121221
30000010001010010200110110030010002020203011210202110111220303020121222
30000010001010010200110110030010002020203011210202110111220303020121223
3000001000101001020011011003001000202020301121020211011122030302012123
3000001000101001020011011003001000202020301121020211011123
30000010001010010200110110030010002020203011210202111
30000010001010010200110110030010002020203011210202112
30000010001010010200110110030010002020203011210202113
30000010001010010200110110030010002020203011210203
300000100010100102001101100300100020202030113
300000100010100102001101101
300000100010100102001101102
300000100010100102001101103
