0,7,10,9,2,5,3,0,0,10,13,13,3,1,1,5,4,2,13,2,3,3,11,7,5,12,6,10,12,3
0,7,10,9,2,5,3,0,0,10,13,13,3,1,1,5,4,2,13,2,3,3,11,7,5,12,6,10,12,0,7,0
0,7,10,9,2,5,3,0,0,10,13,13,3,1,1,5,4,2,13,2,3,3,11,7,5,12,6,10,12,0,7,2,3
0,7,10,9,2,5,3,0,0,10,13,13,3,1,1,5,4,2,13,2,3,3,11,7,5,12,6,10,12,13,7
0,7,10,9,2,5,3,0,0,10,13,13,3,1,1,5,4,2,13,2,3,3,11,7,5,12,6,10,0
0,7,10,9,2,5,3,0,0,10,13,13,3,1,1,5,4,2,13,2,3,3,11,7,5,12,6,8,9,2
0,7,10,9,2,5,3,0,0,10,13,13,3,1,1,5,4,2,13,2,3,3,11,7,5,12,6,8,9,8,5,8,12
0,7,10,9,2,5,3,0,0,10,13,13,3,1,1,5,4,2,13,2,3,3,11,7,5,12,6,8,9,8,5,8,4,1,3
0,7,10,9,2,5,3,0,0,10,13,13,3,1,1,5,4,2,13,2,3,3,11,7,5,12,6,8,9,8,5,8,4,1,13
0,7,10,9,2,5,3,0,0,10,13,13,3,1,1,5,4,2,13,2,3,3,11,7,5,12,6,8,9,8,5,8,4,7
0,7,10,9,2,5,3,0,0,10,13,13,3,1,1,5,4,2,13,2,3,3,11,7,5,12,6,8,9,7
0,7,10,9,2,5,3,0,0,10,13,13,3,1,1,5,4,2,13,2,3,3,11,7,5,12,6,13
0,7,10,9,2,5,3,0,0,10,13,13,3,1,1,5,4,2,13,2,3,3,11,10
0,7,10,9,2,5,3,0,0,10,13,13,3,1,1,5,4,2,13,2,3,3,11,11,9
