20000000001000100201010101001001000110301110
2000000000100010020101010100100100011030111120010201002021101130
2000000000100010020101010100100100011030111120010201002021101131
20000000001000100201010101001001000110301111200102010020211011322111020302010201
20000000001000100201010101001001000110301111200102010020211011322111020302010202311120300
200000000010001002010101010010010001103011112001020100202110113221110203020102023111203012030012
2000000000100010020101010100100100011030111120010201002021101132211102030201020231112030120300131020201
2000000000100010020101010100100100011030111120010201002021101132211102030201020231112030120300131020202021030
200000000010001002010101010010010001103011112001020100202110113221110203020102023111203012030013102020202103110
2000000000100010020101010100100100011030111120010201002021101132211102030201020231112030120300131020202021031112020
2000000000100010020101010100100100011030111120010201002021101132211102030201020231112030120300131020202021031112021
2000000000100010020101010100100100011030111120010201002021101132211102030201020231112030120300131020202021031112022121122112113020
200000000010001002010101010010010001103011112001020100202110113221110203020102023111203012030013102020202103111202212112211211302130300221
2000000000100010020101010100100100011030111120010201002021101132211102030201020231112030120300131020202021031112022121122112113021303002222303012211
2000000000100010020101010100100100011030111120010201002021101132211102030201020231112030120300131020202021031112022121122112113021303002222303012212212
2000000000100010020101010100100100011030111120010201002021101132211102030201020231112030120300131020202021031112022121122112113021303002222303012212213130
2000000000100010020101010100100100011030111120010201002021101132211102030201020231112030120300131020202021031112022121122112113021303002222303012212213131
200000000010001002010101010010010001103011112001020100202110113221110203020102023111203012030013102020202103111202212112211211302130300222230301221221313231
200000000010001002010101010010010001103011112001020100202110113221110203020102023111203012030013102020202103111202212112211211302130300222230301221221313232
200000000010001002010101010010010001103011112001020100202110113221110203020102023111203012030013102020202103111202212112211211302130300222230301221221313233232
20000000001000100201010101001001000110301111200102010020211011322111020302010202311120301203001310202020210311120221211221121130213030022223030122122131323323310
20000000001000100201010101001001000110301111200102010020211011322111020302010202311120301203001310202020210311120221211221121130213030022223030122122131323323311
20000000001000100201010101001001000110301111200102010020211011322111020302010202311120301203001310202020210311120221211221121130213030022223030122122131323323312
2000000000100010020101010100100100011030111120010201002021101132211102030201020231112030120300131020202021031112022121122112113021303002222303012212213132332331320
2000000000100010020101010100100100011030111120010201002021101132211102030201020231112030120300131020202021031112022121122112113021303002222303012212213132332331321
2000000000100010020101010100100100011030111120010201002021101132211102030201020231112030120300131020202021031112022121122112113021303002222303012212213132332331322
2000000000100010020101010100100100011030111120010201002021101132211102030201020231112030120300131020202021031112022121122112113021303002222303012212213132332331323230
2000000000100010020101010100100100011030111120010201002021101132211102030201020231112030120300131020202021031112022121122112113021303002222303012212213132332331323231
2000000000100010020101010100100100011030111120010201002021101132211102030201020231112030120300131020202021031112022121122112113021303002222303012212213132332331323232
2000000000100010020101010100100100011030111120010201002021101132211102030201020231112030120300131020202021031112022121122112113021303002222303012212213132332331323233330
2000000000100010020101010100100100011030111120010201002021101132211102030201020231112030120300131020202021031112022121122112113021303002222303012212213132332331323233331
2000000000100010020101010100100100011030111120010201002021101132211102030201020231112030120300131020202021031112022121122112113021303002222303012212213132332331323233332
200000000010001002010101010010010001103011112001020100202110113221110203020102023111203012030013102020202103111202212112211211302130300222230301221221313233233132323333320302
20000000001000100201010101001001000110301111200102010020211011322111020302010202311120301203001310202020210311120221211221121130213030022223030122122131323323313232333332030330
20000000001000100201010101001001000110301111200102010020211011322111020302010202311120301203001310202020210311120221211221121130213030022223030122122131323323313232333332030331212
20000000001000100201010101001001000110301111200102010020211011322111020302010202311120301203001310202020210311120221211221121130213030022223030122122131323323313232333332030331213
2000000000100010020101010100100100011030111120010201002021101132211102030201020231112030120300131020202021031112022121122112113021303002222303012212213132332331323233333203033122213133030213
200000000010001002010101010010010001103011112001020100202110113221110203020102023111203012030013102020202103111202212112211211302130300222230301221221313233233132323333320303312221313303022310
200000000010001002010101010010010001103011112001020100202110113221110203020102023111203012030013102020202103111202212112211211302130300222230301221221313233233132323333320303312221313303022311
200000000010001002010101010010010001103011112001020100202110113221110203020102023111203012030013102020202103111202212112211211302130300222230301221221313233233132323333320303312221313303022312
200000000010001002010101010010010001103011112001020100202110113221110203020102023111203012030013102020202103111202212112211211302130300222230301221221313233233132323333320303312221313303022313
200000000010001002010101010010010001103011112001020100202110113221110203020102023111203012030013102020202103111202212112211211302130300222230301221221313233233132323333320303312221313303022320
200000000010001002010101010010010001103011112001020100202110113221110203020102023111203012030013102020202103111202212112211211302130300222230301221221313233233132323333320303312221313303022321
200000000010001002010101010010010001103011112001020100202110113221110203020102023111203012030013102020202103111202212112211211302130300222230301221221313233233132323333320303312221313303022322
20000000001000100201010101001001000110301111200102010020211011322111020302010202311120301203001310202020210311120221211221121130213030022223030122122131323323313232333332030331222131330302232321
2000000000100010020101010100100100011030111120010201002021101132211102030201020231112030120300131020202021031112022121122112113021303002222303012212213132332331323233333203033122213133030223232231
2000000000100010020101010100100100011030111120010201002021101132211102030201020231112030120300131020202021031112022121122112113021303002222303012212213132332331323233333203033122213133030223232232
200000000010001002010101010010010001103011112001020100202110113221110203020102023111203012030013102020202103111202212112211211302130300222230301221221313233233132323333320303312221313303022323223303
20000000001000100201010101001001000110301111200102010020211011322111020302010202311120301203001310202020210311120221211221121130213030022223030122122131323323313232333332030331222131330302232322331
2000000000100010020101010100100100011030111120010201002021101132211102030201020231112030120300131020202021031112022121122112113021303002222303012212213132332331323233333203033122213133030223232233231
2000000000100010020101010100100100011030111120010201002021101132211102030201020231112030120300131020202021031112022121122112113021303002222303012212213132332331323233333203033122213133030223232233232
200000000010001002010101010010010001103011112001020100202110113221110203020102023111203012030013102020202103111202212112211211302130300222230301221221313233233132323333320303312221313303022323223323331
200000000010001002010101010010010001103011112001020100202110113221110203020102023111203012030013102020202103111202212112211211302130300222230301221221313233233132323333320303312221313303022323223323332
20000000001000100201010101001001000110301111200102010020211011322111020302010202311120301203001310202020210311120221211221121130213030022223030122122131323323313232333332030331222131330302232322332333333
20000000001000100201010101001001000110301111200102010020211011322111020302010202311120301203001310202020210311120221211221121130213030022223030122122131323323313232333332030331222131330302232323
200000000010001002010101010010010001103011112001020100202110113221110203020102023111203012030013102020202103111202212112211211302130300222230301221221313233233132323333320303312221313303023
2000000000100010020101010100100100011030111120010201002021101132211102030201020231112030120300131020202021031112022121122112113021303002222303012212213132332331323233333203033122213133030312
20000000001000100201010101001001000110301111200102010020211011322111020302010202311120301203001310202020210311120221211221121130213030022223030122122131323323313232333332030331222131330303132
20000000001000100201010101001001000110301111200102010020211011322111020302010202311120301203001310202020210311120221211221121130213030022223030122122131323323313232333332030331222131330303133
200000000010001002010101010010010001103011112001020100202110113221110203020102023111203012030013102020202103111202212112211211302130300222230301221221313233233132323333320303312221313313
2000000000100010020101010100100100011030111120010201002021101132211102030201020231112030120300131020202021031112022121122112113021303002222303012212213132332331323233333203033122213133220
2000000000100010020101010100100100011030111120010201002021101132211102030201020231112030120300131020202021031112022121122112113021303002222303012212213132332331323233333203033122213133221
2000000000100010020101010100100100011030111120010201002021101132211102030201020231112030120300131020202021031112022121122112113021303002222303012212213132332331323233333203033122213133222
2000000000100010020101010100100100011030111120010201002021101132211102030201020231112030120300131020202021031112022121122112113021303002222303012212213132332331323233333203033122213133223
200000000010001002010101010010010001103011112001020100202110113221110203020102023111203012030013102020202103111202212112211211302130300222230301221221313233233132323333320303312221313323011
200000000010001002010101010010010001103011112001020100202110113221110203020102023111203012030013102020202103111202212112211211302130300222230301221221313233233132323333320303312221313323012
200000000010001002010101010010010001103011112001020100202110113221110203020102023111203012030013102020202103111202212112211211302130300222230301221221313233233132323333320303312221313323013
20000000001000100201010101001001000110301111200102010020211011322111020302010202311120301203001310202020210311120221211221121130213030022223030122122131323323313232333332030331222131332302
20000000001000100201010101001001000110301111200102010020211011322111020302010202311120301203001310202020210311120221211221121130213030022223030122122131323323313232333332030331222131332303112
20000000001000100201010101001001000110301111200102010020211011322111020302010202311120301203001310202020210311120221211221121130213030022223030122122131323323313232333332030331222131332303113
200000000010001002010101010010010001103011112001020100202110113221110203020102023111203012030013102020202103111202212112211211302130300222230301221221313233233132323333320303312221313323031222
200000000010001002010101010010010001103011112001020100202110113221110203020102023111203012030013102020202103111202212112211211302130300222230301221221313233233132323333320303312221313323031223
20000000001000100201010101001001000110301111200102010020211011322111020302010202311120301203001310202020210311120221211221121130213030022223030122122131323323313232333332030331222131332303123
2000000000100010020101010100100100011030111120010201002021101132211102030201020231112030120300131020202021031112022121122112113021303002222303012212213132332331323233333203033122213133230313
2000000000100010020101010100100100011030111120010201002021101132211102030201020231112030120300131020202021031112022121122112113021303002222303012212213132332331323233333203033122213133230321
2000000000100010020101010100100100011030111120010201002021101132211102030201020231112030120300131020202021031112022121122112113021303002222303012212213132332331323233333203033122213133230322
2000000000100010020101010100100100011030111120010201002021101132211102030201020231112030120300131020202021031112022121122112113021303002222303012212213132332331323233333203033122213133230323
20000000001000100201010101001001000110301111200102010020211011322111020302010202311120301203001310202020210311120221211221121130213030022223030122122131323323313232333332030331222131332303323
20000000001000100201010101001001000110301111200102010020211011322111020302010202311120301203001310202020210311120221211221121130213030022223030122122131323323313232333332030331222131332303333
200000000010001002010101010010010001103011112001020100202110113221110203020102023111203012030013102020202103111202212112211211302130300222230301221221313233233132323333320303312221313333
200000000010001002010101010010010001103011112001020100202110113221110203020102023111203012030013102020202103111202212112211211302130300222230301221221313233233132323333320303312222
200000000010001002010101010010010001103011112001020100202110113221110203020102023111203012030013102020202103111202212112211211302130300222230301221221313233233132323333320303312223
2000000000100010020101010100100100011030111120010201002021101132211102030201020231112030120300131020202021031112022121122112113021303002222303013
20000000001000100201010101001001000110301111200102010020211011322111020302010202311120301203001310202020210311120221211221121130213030023
2000000000100010020101010100100100011030111120010201002021101132211102030201020231112030120300131020202021031112022121122112113021303003
200000000010001002010101010010010001103011112001020100202110113221110203020102023111203012030013102020202103111202212112211211303
20000000001000100201010101001001000110301111200102010020211011322111020302010202311120301203001310202020210311120221212
20000000001000100201010101001001000110301111200102010020211011322111020302010202311120301203001310202020210311120221213
200000000010001002010101010010010001103011112001020100202110113221110203020102023111203012030013102020202103111202213
200000000010001002010101010010010001103011112001020100202110113221110203020102023111203012030013102020203
2000000000100010020101010100100100011030111120010201002021101132211102030201020231112030120300131020203
20000000001000100201010101001001000110301111200102010020211011322111020302010202311120301203002
20000000001000100201010101001001000110301111200102010020211011322111020302010202311120301203003
20000000001000100201010101001001000110301111200102010020211011322111020302010202311120302
20000000001000100201010101001001000110301111200102010020211011322111020302010202311120303
200000000010001002010101010010010001103011112001020100203
000000000100201010101000030110000110
000000000100201010101000030110000111200102010020201010110
00000000010020101010100003011000011120010201002020101011130
00000000010020101010100003011000011120010201002020101011131
00000000010020101010100003011000011120010201002020101011132110122111020302010201
00000000010020101010100003011000011120010201002020101011132110122111020302010202311120300
000000000100201010101000030110000111200102010020201010111321101221110203020102023111203012030012
0000000001002010101010000301100001112001020100202010101113211012211102030201020231112030120300131020201
0000000001002010101010000301100001112001020100202010101113211012211102030201020231112030120300131020202021030
000000000100201010101000030110000111200102010020201010111321101221110203020102023111203012030013102020202103110
0000000001002010101010000301100001112001020100202010101113211012211102030201020231112030120300131020202021031112020
0000000001002010101010000301100001112001020100202010101113211012211102030201020231112030120300131020202021031112021
0000000001002010101010000301100001112001020100202010101113211012211102030201020231112030120300131020202021031112022121122112113020
000000000100201010101000030110000111200102010020201010111321101221110203020102023111203012030013102020202103111202212112211211302130300221
0000000001002010101010000301100001112001020100202010101113211012211102030201020231112030120300131020202021031112022121122112113021303002222303012211
0000000001002010101010000301100001112001020100202010101113211012211102030201020231112030120300131020202021031112022121122112113021303002222303012212212
0000000001002010101010000301100001112001020100202010101113211012211102030201020231112030120300131020202021031112022121122112113021303002222303012212213130
0000000001002010101010000301100001112001020100202010101113211012211102030201020231112030120300131020202021031112022121122112113021303002222303012212213131
000000000100201010101000030110000111200102010020201010111321101221110203020102023111203012030013102020202103111202212112211211302130300222230301221221313231
000000000100201010101000030110000111200102010020201010111321101221110203020102023111203012030013102020202103111202212112211211302130300222230301221221313232
000000000100201010101000030110000111200102010020201010111321101221110203020102023111203012030013102020202103111202212112211211302130300222230301221221313233232
00000000010020101010100003011000011120010201002020101011132110122111020302010202311120301203001310202020210311120221211221121130213030022223030122122131323323310
00000000010020101010100003011000011120010201002020101011132110122111020302010202311120301203001310202020210311120221211221121130213030022223030122122131323323311
00000000010020101010100003011000011120010201002020101011132110122111020302010202311120301203001310202020210311120221211221121130213030022223030122122131323323312
0000000001002010101010000301100001112001020100202010101113211012211102030201020231112030120300131020202021031112022121122112113021303002222303012212213132332331320
0000000001002010101010000301100001112001020100202010101113211012211102030201020231112030120300131020202021031112022121122112113021303002222303012212213132332331321
0000000001002010101010000301100001112001020100202010101113211012211102030201020231112030120300131020202021031112022121122112113021303002222303012212213132332331322
0000000001002010101010000301100001112001020100202010101113211012211102030201020231112030120300131020202021031112022121122112113021303002222303012212213132332331323230
0000000001002010101010000301100001112001020100202010101113211012211102030201020231112030120300131020202021031112022121122112113021303002222303012212213132332331323231
0000000001002010101010000301100001112001020100202010101113211012211102030201020231112030120300131020202021031112022121122112113021303002222303012212213132332331323232
0000000001002010101010000301100001112001020100202010101113211012211102030201020231112030120300131020202021031112022121122112113021303002222303012212213132332331323233330
0000000001002010101010000301100001112001020100202010101113211012211102030201020231112030120300131020202021031112022121122112113021303002222303012212213132332331323233331
0000000001002010101010000301100001112001020100202010101113211012211102030201020231112030120300131020202021031112022121122112113021303002222303012212213132332331323233332
000000000100201010101000030110000111200102010020201010111321101221110203020102023111203012030013102020202103111202212112211211302130300222230301221221313233233132323333320302
00000000010020101010100003011000011120010201002020101011132110122111020302010202311120301203001310202020210311120221211221121130213030022223030122122131323323313232333332030330
00000000010020101010100003011000011120010201002020101011132110122111020302010202311120301203001310202020210311120221211221121130213030022223030122122131323323313232333332030331213
0000000001002010101010000301100001112001020100202010101113211012211102030201020231112030120300131020202021031112022121122112113021303002222303012212213132332331323233333203033122213133030213
000000000100201010101000030110000111200102010020201010111321101221110203020102023111203012030013102020202103111202212112211211302130300222230301221221313233233132323333320303312221313303022310
000000000100201010101000030110000111200102010020201010111321101221110203020102023111203012030013102020202103111202212112211211302130300222230301221221313233233132323333320303312221313303022311
000000000100201010101000030110000111200102010020201010111321101221110203020102023111203012030013102020202103111202212112211211302130300222230301221221313233233132323333320303312221313303022312
000000000100201010101000030110000111200102010020201010111321101221110203020102023111203012030013102020202103111202212112211211302130300222230301221221313233233132323333320303312221313303022313
000000000100201010101000030110000111200102010020201010111321101221110203020102023111203012030013102020202103111202212112211211302130300222230301221221313233233132323333320303312221313303022320
000000000100201010101000030110000111200102010020201010111321101221110203020102023111203012030013102020202103111202212112211211302130300222230301221221313233233132323333320303312221313303022321
000000000100201010101000030110000111200102010020201010111321101221110203020102023111203012030013102020202103111202212112211211302130300222230301221221313233233132323333320303312221313303022322
00000000010020101010100003011000011120010201002020101011132110122111020302010202311120301203001310202020210311120221211221121130213030022223030122122131323323313232333332030331222131330302232321
0000000001002010101010000301100001112001020100202010101113211012211102030201020231112030120300131020202021031112022121122112113021303002222303012212213132332331323233333203033122213133030223232231
0000000001002010101010000301100001112001020100202010101113211012211102030201020231112030120300131020202021031112022121122112113021303002222303012212213132332331323233333203033122213133030223232232
000000000100201010101000030110000111200102010020201010111321101221110203020102023111203012030013102020202103111202212112211211302130300222230301221221313233233132323333320303312221313303022323223303
00000000010020101010100003011000011120010201002020101011132110122111020302010202311120301203001310202020210311120221211221121130213030022223030122122131323323313232333332030331222131330302232322331
0000000001002010101010000301100001112001020100202010101113211012211102030201020231112030120300131020202021031112022121122112113021303002222303012212213132332331323233333203033122213133030223232233231
0000000001002010101010000301100001112001020100202010101113211012211102030201020231112030120300131020202021031112022121122112113021303002222303012212213132332331323233333203033122213133030223232233232
000000000100201010101000030110000111200102010020201010111321101221110203020102023111203012030013102020202103111202212112211211302130300222230301221221313233233132323333320303312221313303022323223323331
000000000100201010101000030110000111200102010020201010111321101221110203020102023111203012030013102020202103111202212112211211302130300222230301221221313233233132323333320303312221313303022323223323332
00000000010020101010100003011000011120010201002020101011132110122111020302010202311120301203001310202020210311120221211221121130213030022223030122122131323323313232333332030331222131330302232322332333333
00000000010020101010100003011000011120010201002020101011132110122111020302010202311120301203001310202020210311120221211221121130213030022223030122122131323323313232333332030331222131330302232323
000000000100201010101000030110000111200102010020201010111321101221110203020102023111203012030013102020202103111202212112211211302130300222230301221221313233233132323333320303312221313303023
0000000001002010101010000301100001112001020100202010101113211012211102030201020231112030120300131020202021031112022121122112113021303002222303012212213132332331323233333203033122213133030312
00000000010020101010100003011000011120010201002020101011132110122111020302010202311120301203001310202020210311120221211221121130213030022223030122122131323323313232333332030331222131330303132
00000000010020101010100003011000011120010201002020101011132110122111020302010202311120301203001310202020210311120221211221121130213030022223030122122131323323313232333332030331222131330303133
000000000100201010101000030110000111200102010020201010111321101221110203020102023111203012030013102020202103111202212112211211302130300222230301221221313233233132323333320303312221313313
0000000001002010101010000301100001112001020100202010101113211012211102030201020231112030120300131020202021031112022121122112113021303002222303012212213132332331323233333203033122213133220
0000000001002010101010000301100001112001020100202010101113211012211102030201020231112030120300131020202021031112022121122112113021303002222303012212213132332331323233333203033122213133221
0000000001002010101010000301100001112001020100202010101113211012211102030201020231112030120300131020202021031112022121122112113021303002222303012212213132332331323233333203033122213133222
0000000001002010101010000301100001112001020100202010101113211012211102030201020231112030120300131020202021031112022121122112113021303002222303012212213132332331323233333203033122213133223
000000000100201010101000030110000111200102010020201010111321101221110203020102023111203012030013102020202103111202212112211211302130300222230301221221313233233132323333320303312221313323011
000000000100201010101000030110000111200102010020201010111321101221110203020102023111203012030013102020202103111202212112211211302130300222230301221221313233233132323333320303312221313323012
000000000100201010101000030110000111200102010020201010111321101221110203020102023111203012030013102020202103111202212112211211302130300222230301221221313233233132323333320303312221313323013
00000000010020101010100003011000011120010201002020101011132110122111020302010202311120301203001310202020210311120221211221121130213030022223030122122131323323313232333332030331222131332302
00000000010020101010100003011000011120010201002020101011132110122111020302010202311120301203001310202020210311120221211221121130213030022223030122122131323323313232333332030331222131332303112
00000000010020101010100003011000011120010201002020101011132110122111020302010202311120301203001310202020210311120221211221121130213030022223030122122131323323313232333332030331222131332303113
000000000100201010101000030110000111200102010020201010111321101221110203020102023111203012030013102020202103111202212112211211302130300222230301221221313233233132323333320303312221313323031222
000000000100201010101000030110000111200102010020201010111321101221110203020102023111203012030013102020202103111202212112211211302130300222230301221221313233233132323333320303312221313323031223
00000000010020101010100003011000011120010201002020101011132110122111020302010202311120301203001310202020210311120221211221121130213030022223030122122131323323313232333332030331222131332303123
0000000001002010101010000301100001112001020100202010101113211012211102030201020231112030120300131020202021031112022121122112113021303002222303012212213132332331323233333203033122213133230313
0000000001002010101010000301100001112001020100202010101113211012211102030201020231112030120300131020202021031112022121122112113021303002222303012212213132332331323233333203033122213133230321
0000000001002010101010000301100001112001020100202010101113211012211102030201020231112030120300131020202021031112022121122112113021303002222303012212213132332331323233333203033122213133230322
0000000001002010101010000301100001112001020100202010101113211012211102030201020231112030120300131020202021031112022121122112113021303002222303012212213132332331323233333203033122213133230323
00000000010020101010100003011000011120010201002020101011132110122111020302010202311120301203001310202020210311120221211221121130213030022223030122122131323323313232333332030331222131332303323
00000000010020101010100003011000011120010201002020101011132110122111020302010202311120301203001310202020210311120221211221121130213030022223030122122131323323313232333332030331222131332303333
000000000100201010101000030110000111200102010020201010111321101221110203020102023111203012030013102020202103111202212112211211302130300222230301221221313233233132323333320303312221313333
000000000100201010101000030110000111200102010020201010111321101221110203020102023111203012030013102020202103111202212112211211302130300222230301221221313233233132323333320303312222
000000000100201010101000030110000111200102010020201010111321101221110203020102023111203012030013102020202103111202212112211211302130300222230301221221313233233132323333320303312223
0000000001002010101010000301100001112001020100202010101113211012211102030201020231112030120300131020202021031112022121122112113021303002222303013
00000000010020101010100003011000011120010201002020101011132110122111020302010202311120301203001310202020210311120221211221121130213030023
0000000001002010101010000301100001112001020100202010101113211012211102030201020231112030120300131020202021031112022121122112113021303003
000000000100201010101000030110000111200102010020201010111321101221110203020102023111203012030013102020202103111202212112211211303
00000000010020101010100003011000011120010201002020101011132110122111020302010202311120301203001310202020210311120221212
00000000010020101010100003011000011120010201002020101011132110122111020302010202311120301203001310202020210311120221213
000000000100201010101000030110000111200102010020201010111321101221110203020102023111203012030013102020202103111202213
000000000100201010101000030110000111200102010020201010111321101221110203020102023111203012030013102020203
0000000001002010101010000301100001112001020100202010101113211012211102030201020231112030120300131020203
00000000010020101010100003011000011120010201002020101011132110122111020302010202311120301203002
00000000010020101010100003011000011120010201002020101011132110122111020302010202311120301203003
00000000010020101010100003011000011120010201002020101011132110122111020302010202311120302
00000000010020101010100003011000011120010201002020101011132110122111020302010202311120303
0000000001002010101010000301100001112001020100203
100000000010101000010020110000110301200102010020201010110
10000000001010100001002011000011030120010201002020101011130
10000000001010100001002011000011030120010201002020101011131
10000000001010100001002011000011030120010201002020101011132110122111020302010201
10000000001010100001002011000011030120010201002020101011132110122111020302010202311120300
100000000010101000010020110000110301200102010020201010111321101221110203020102023111203012030011
100000000010101000010020110000110301200102010020201010111321101221110203020102023111203012030012
1000000000101010000100201100001103012001020100202010101113211012211102030201020231112030120300131020201
1000000000101010000100201100001103012001020100202010101113211012211102030201020231112030120300131020202021030
100000000010101000010020110000110301200102010020201010111321101221110203020102023111203012030013102020202103110
1000000000101010000100201100001103012001020100202010101113211012211102030201020231112030120300131020202021031112020
1000000000101010000100201100001103012001020100202010101113211012211102030201020231112030120300131020202021031112021
1000000000101010000100201100001103012001020100202010101113211012211102030201020231112030120300131020202021031112022121122112113020
100000000010101000010020110000110301200102010020201010111321101221110203020102023111203012030013102020202103111202212112211211302130300221
1000000000101010000100201100001103012001020100202010101113211012211102030201020231112030120300131020202021031112022121122112113021303002222303012211
1000000000101010000100201100001103012001020100202010101113211012211102030201020231112030120300131020202021031112022121122112113021303002222303012212212
1000000000101010000100201100001103012001020100202010101113211012211102030201020231112030120300131020202021031112022121122112113021303002222303012212213130
1000000000101010000100201100001103012001020100202010101113211012211102030201020231112030120300131020202021031112022121122112113021303002222303012212213131
100000000010101000010020110000110301200102010020201010111321101221110203020102023111203012030013102020202103111202212112211211302130300222230301221221313231
100000000010101000010020110000110301200102010020201010111321101221110203020102023111203012030013102020202103111202212112211211302130300222230301221221313232
100000000010101000010020110000110301200102010020201010111321101221110203020102023111203012030013102020202103111202212112211211302130300222230301221221313233232
10000000001010100001002011000011030120010201002020101011132110122111020302010202311120301203001310202020210311120221211221121130213030022223030122122131323323310
10000000001010100001002011000011030120010201002020101011132110122111020302010202311120301203001310202020210311120221211221121130213030022223030122122131323323311
10000000001010100001002011000011030120010201002020101011132110122111020302010202311120301203001310202020210311120221211221121130213030022223030122122131323323312
1000000000101010000100201100001103012001020100202010101113211012211102030201020231112030120300131020202021031112022121122112113021303002222303012212213132332331320
1000000000101010000100201100001103012001020100202010101113211012211102030201020231112030120300131020202021031112022121122112113021303002222303012212213132332331321
1000000000101010000100201100001103012001020100202010101113211012211102030201020231112030120300131020202021031112022121122112113021303002222303012212213132332331322
1000000000101010000100201100001103012001020100202010101113211012211102030201020231112030120300131020202021031112022121122112113021303002222303012212213132332331323230
1000000000101010000100201100001103012001020100202010101113211012211102030201020231112030120300131020202021031112022121122112113021303002222303012212213132332331323231
1000000000101010000100201100001103012001020100202010101113211012211102030201020231112030120300131020202021031112022121122112113021303002222303012212213132332331323232
1000000000101010000100201100001103012001020100202010101113211012211102030201020231112030120300131020202021031112022121122112113021303002222303012212213132332331323233330
1000000000101010000100201100001103012001020100202010101113211012211102030201020231112030120300131020202021031112022121122112113021303002222303012212213132332331323233331
1000000000101010000100201100001103012001020100202010101113211012211102030201020231112030120300131020202021031112022121122112113021303002222303012212213132332331323233332
100000000010101000010020110000110301200102010020201010111321101221110203020102023111203012030013102020202103111202212112211211302130300222230301221221313233233132323333320302
10000000001010100001002011000011030120010201002020101011132110122111020302010202311120301203001310202020210311120221211221121130213030022223030122122131323323313232333332030330
10000000001010100001002011000011030120010201002020101011132110122111020302010202311120301203001310202020210311120221211221121130213030022223030122122131323323313232333332030331213
1000000000101010000100201100001103012001020100202010101113211012211102030201020231112030120300131020202021031112022121122112113021303002222303012212213132332331323233333203033122213133030213
100000000010101000010020110000110301200102010020201010111321101221110203020102023111203012030013102020202103111202212112211211302130300222230301221221313233233132323333320303312221313303022310
100000000010101000010020110000110301200102010020201010111321101221110203020102023111203012030013102020202103111202212112211211302130300222230301221221313233233132323333320303312221313303022311
100000000010101000010020110000110301200102010020201010111321101221110203020102023111203012030013102020202103111202212112211211302130300222230301221221313233233132323333320303312221313303022312
100000000010101000010020110000110301200102010020201010111321101221110203020102023111203012030013102020202103111202212112211211302130300222230301221221313233233132323333320303312221313303022313
100000000010101000010020110000110301200102010020201010111321101221110203020102023111203012030013102020202103111202212112211211302130300222230301221221313233233132323333320303312221313303022320
100000000010101000010020110000110301200102010020201010111321101221110203020102023111203012030013102020202103111202212112211211302130300222230301221221313233233132323333320303312221313303022321
100000000010101000010020110000110301200102010020201010111321101221110203020102023111203012030013102020202103111202212112211211302130300222230301221221313233233132323333320303312221313303022322
10000000001010100001002011000011030120010201002020101011132110122111020302010202311120301203001310202020210311120221211221121130213030022223030122122131323323313232333332030331222131330302232321
1000000000101010000100201100001103012001020100202010101113211012211102030201020231112030120300131020202021031112022121122112113021303002222303012212213132332331323233333203033122213133030223232231
1000000000101010000100201100001103012001020100202010101113211012211102030201020231112030120300131020202021031112022121122112113021303002222303012212213132332331323233333203033122213133030223232232
100000000010101000010020110000110301200102010020201010111321101221110203020102023111203012030013102020202103111202212112211211302130300222230301221221313233233132323333320303312221313303022323223303
10000000001010100001002011000011030120010201002020101011132110122111020302010202311120301203001310202020210311120221211221121130213030022223030122122131323323313232333332030331222131330302232322331
1000000000101010000100201100001103012001020100202010101113211012211102030201020231112030120300131020202021031112022121122112113021303002222303012212213132332331323233333203033122213133030223232233231
1000000000101010000100201100001103012001020100202010101113211012211102030201020231112030120300131020202021031112022121122112113021303002222303012212213132332331323233333203033122213133030223232233232
100000000010101000010020110000110301200102010020201010111321101221110203020102023111203012030013102020202103111202212112211211302130300222230301221221313233233132323333320303312221313303022323223323331
100000000010101000010020110000110301200102010020201010111321101221110203020102023111203012030013102020202103111202212112211211302130300222230301221221313233233132323333320303312221313303022323223323332
10000000001010100001002011000011030120010201002020101011132110122111020302010202311120301203001310202020210311120221211221121130213030022223030122122131323323313232333332030331222131330302232322332333333
10000000001010100001002011000011030120010201002020101011132110122111020302010202311120301203001310202020210311120221211221121130213030022223030122122131323323313232333332030331222131330302232323
100000000010101000010020110000110301200102010020201010111321101221110203020102023111203012030013102020202103111202212112211211302130300222230301221221313233233132323333320303312221313303023
1000000000101010000100201100001103012001020100202010101113211012211102030201020231112030120300131020202021031112022121122112113021303002222303012212213132332331323233333203033122213133030312
10000000001010100001002011000011030120010201002020101011132110122111020302010202311120301203001310202020210311120221211221121130213030022223030122122131323323313232333332030331222131330303132
10000000001010100001002011000011030120010201002020101011132110122111020302010202311120301203001310202020210311120221211221121130213030022223030122122131323323313232333332030331222131330303133
100000000010101000010020110000110301200102010020201010111321101221110203020102023111203012030013102020202103111202212112211211302130300222230301221221313233233132323333320303312221313313
1000000000101010000100201100001103012001020100202010101113211012211102030201020231112030120300131020202021031112022121122112113021303002222303012212213132332331323233333203033122213133220
1000000000101010000100201100001103012001020100202010101113211012211102030201020231112030120300131020202021031112022121122112113021303002222303012212213132332331323233333203033122213133221
1000000000101010000100201100001103012001020100202010101113211012211102030201020231112030120300131020202021031112022121122112113021303002222303012212213132332331323233333203033122213133222
1000000000101010000100201100001103012001020100202010101113211012211102030201020231112030120300131020202021031112022121122112113021303002222303012212213132332331323233333203033122213133223
100000000010101000010020110000110301200102010020201010111321101221110203020102023111203012030013102020202103111202212112211211302130300222230301221221313233233132323333320303312221313323011
100000000010101000010020110000110301200102010020201010111321101221110203020102023111203012030013102020202103111202212112211211302130300222230301221221313233233132323333320303312221313323012
100000000010101000010020110000110301200102010020201010111321101221110203020102023111203012030013102020202103111202212112211211302130300222230301221221313233233132323333320303312221313323013
10000000001010100001002011000011030120010201002020101011132110122111020302010202311120301203001310202020210311120221211221121130213030022223030122122131323323313232333332030331222131332302
10000000001010100001002011000011030120010201002020101011132110122111020302010202311120301203001310202020210311120221211221121130213030022223030122122131323323313232333332030331222131332303112
10000000001010100001002011000011030120010201002020101011132110122111020302010202311120301203001310202020210311120221211221121130213030022223030122122131323323313232333332030331222131332303113
100000000010101000010020110000110301200102010020201010111321101221110203020102023111203012030013102020202103111202212112211211302130300222230301221221313233233132323333320303312221313323031222
100000000010101000010020110000110301200102010020201010111321101221110203020102023111203012030013102020202103111202212112211211302130300222230301221221313233233132323333320303312221313323031223
10000000001010100001002011000011030120010201002020101011132110122111020302010202311120301203001310202020210311120221211221121130213030022223030122122131323323313232333332030331222131332303123
1000000000101010000100201100001103012001020100202010101113211012211102030201020231112030120300131020202021031112022121122112113021303002222303012212213132332331323233333203033122213133230313
1000000000101010000100201100001103012001020100202010101113211012211102030201020231112030120300131020202021031112022121122112113021303002222303012212213132332331323233333203033122213133230321
1000000000101010000100201100001103012001020100202010101113211012211102030201020231112030120300131020202021031112022121122112113021303002222303012212213132332331323233333203033122213133230322
1000000000101010000100201100001103012001020100202010101113211012211102030201020231112030120300131020202021031112022121122112113021303002222303012212213132332331323233333203033122213133230323
10000000001010100001002011000011030120010201002020101011132110122111020302010202311120301203001310202020210311120221211221121130213030022223030122122131323323313232333332030331222131332303323
10000000001010100001002011000011030120010201002020101011132110122111020302010202311120301203001310202020210311120221211221121130213030022223030122122131323323313232333332030331222131332303333
100000000010101000010020110000110301200102010020201010111321101221110203020102023111203012030013102020202103111202212112211211302130300222230301221221313233233132323333320303312221313333
100000000010101000010020110000110301200102010020201010111321101221110203020102023111203012030013102020202103111202212112211211302130300222230301221221313233233132323333320303312222
100000000010101000010020110000110301200102010020201010111321101221110203020102023111203012030013102020202103111202212112211211302130300222230301221221313233233132323333320303312223
1000000000101010000100201100001103012001020100202010101113211012211102030201020231112030120300131020202021031112022121122112113021303002222303013
10000000001010100001002011000011030120010201002020101011132110122111020302010202311120301203001310202020210311120221211221121130213030023
1000000000101010000100201100001103012001020100202010101113211012211102030201020231112030120300131020202021031112022121122112113021303003
100000000010101000010020110000110301200102010020201010111321101221110203020102023111203012030013102020202103111202212112211211303
10000000001010100001002011000011030120010201002020101011132110122111020302010202311120301203001310202020210311120221212
10000000001010100001002011000011030120010201002020101011132110122111020302010202311120301203001310202020210311120221213
100000000010101000010020110000110301200102010020201010111321101221110203020102023111203012030013102020202103111202213
100000000010101000010020110000110301200102010020201010111321101221110203020102023111203012030013102020203
1000000000101010000100201100001103012001020100202010101113211012211102030201020231112030120300131020203
10000000001010100001002011000011030120010201002020101011132110122111020302010202311120301203002
10000000001010100001002011000011030120010201002020101011132110122111020302010202311120301203003
10000000001010100001002011000011030120010201002020101011132110122111020302010202311120302
10000000001010100001002011000011030120010201002020101011132110122111020302010202311120303
1000000000101010000100201100001103012001020100203
300000000000000101010100001002010102010020201010110301110
30000000000000010101010000100201010201002020101011030111120121101130
30000000000000010101010000100201010201002020101011030111120121101131
300000000000000101010100001002010102010020201010110301111201211011322111020302010201
300000000000000101010100001002010102010020201010110301111201211011322111020302010202311120300
3000000000000001010101000010020101020100202010101103011112012110113221110203020102023111203012031020201320302
300000000000000101010100001002010102010020201010110301111201211011322111020302010202311120301203102020132030330
3000000000000001010101000010020101020100202010101103011112012110113221110203020102023111203012031020201320303311030
3000000000000001010101000010020101020100202010101103011112012110113221110203020102023111203012031020201320303311031112020
3000000000000001010101000010020101020100202010101103011112012110113221110203020102023111203012031020201320303311031112021
30000000000000010101010000100201010201002020101011030111120121101132211102030201020231112030120310202013203033110311120220210
300000000000000101010100001002010102010020201010110301111201211011322111020302010202311120301203102020132030331103111202202113020
3000000000000001010101000010020101020100202010101103011112012110113221110203020102023111203012031020201320303311031112022021130213030021212
3000000000000001010101000010020101020100202010101103011112012110113221110203020102023111203012031020201320303311031112022021130213030021213
3000000000000001010101000010020101020100202010101103011112012110113221110203020102023111203012031020201320303311031112022021130213030021221121221311
300000000000000101010100001002010102010020201010110301111201211011322111020302010202311120301203102020132030331103111202202113021303002122112122131211
300000000000000101010100001002010102010020201010110301111201211011322111020302010202311120301203102020132030331103111202202113021303002122112122131212212230301221310
300000000000000101010100001002010102010020201010110301111201211011322111020302010202311120301203102020132030331103111202202113021303002122112122131212212230301221311
30000000000000010101010000100201010201002020101011030111120121101132211102030201020231112030120310202013203033110311120220211302130300212211212213121221223030122131231
30000000000000010101010000100201010201002020101011030111120121101132211102030201020231112030120310202013203033110311120220211302130300212211212213121221223030122131232
30000000000000010101010000100201010201002020101011030111120121101132211102030201020231112030120310202013203033110311120220211302130300212211212213121221223030122131233130
30000000000000010101010000100201010201002020101011030111120121101132211102030201020231112030120310202013203033110311120220211302130300212211212213121221223030122131233131
30000000000000010101010000100201010201002020101011030111120121101132211102030201020231112030120310202013203033110311120220211302130300212211212213121221223030122131233132
3000000000000001010101000010020101020100202010101103011112012110113221110203020102023111203012031020201320303311031112022021130213030021221121221312122122303012213123313320
3000000000000001010101000010020101020100202010101103011112012110113221110203020102023111203012031020201320303311031112022021130213030021221121221312122122303012213123313321
300000000000000101010100001002010102010020201010110301111201211011322111020302010202311120301203102020132030331103111202202113021303002122112122131212212230301221312331332232
3000000000000001010101000010020101020100202010101103011112012110113221110203020102023111203012031020201320303311031112022021130213030021221121221312122122303012213123313322333030212
3000000000000001010101000010020101020100202010101103011112012110113221110203020102023111203012031020201320303311031112022021130213030021221121221312122122303012213123313322333030213
300000000000000101010100001002010102010020201010110301111201211011322111020302010202311120301203102020132030331103111202202113021303002122112122131212212230301221312331332233303022310
300000000000000101010100001002010102010020201010110301111201211011322111020302010202311120301203102020132030331103111202202113021303002122112122131212212230301221312331332233303022311
300000000000000101010100001002010102010020201010110301111201211011322111020302010202311120301203102020132030331103111202202113021303002122112122131212212230301221312331332233303022312
300000000000000101010100001002010102010020201010110301111201211011322111020302010202311120301203102020132030331103111202202113021303002122112122131212212230301221312331332233303022313
300000000000000101010100001002010102010020201010110301111201211011322111020302010202311120301203102020132030331103111202202113021303002122112122131212212230301221312331332233303022320
300000000000000101010100001002010102010020201010110301111201211011322111020302010202311120301203102020132030331103111202202113021303002122112122131212212230301221312331332233303022321
300000000000000101010100001002010102010020201010110301111201211011322111020302010202311120301203102020132030331103111202202113021303002122112122131212212230301221312331332233303022322
30000000000000010101010000100201010201002020101011030111120121101132211102030201020231112030120310202013203033110311120220211302130300212211212213121221223030122131233133223330302232321
30000000000000010101010000100201010201002020101011030111120121101132211102030201020231112030120310202013203033110311120220211302130300212211212213121221223030122131233133223330302232322221
30000000000000010101010000100201010201002020101011030111120121101132211102030201020231112030120310202013203033110311120220211302130300212211212213121221223030122131233133223330302232322222
300000000000000101010100001002010102010020201010110301111201211011322111020302010202311120301203102020132030331103111202202113021303002122112122131212212230301221312331332233303022323222232
300000000000000101010100001002010102010020201010110301111201211011322111020302010202311120301203102020132030331103111202202113021303002122112122131212212230301221312331332233303022323222233230
300000000000000101010100001002010102010020201010110301111201211011322111020302010202311120301203102020132030331103111202202113021303002122112122131212212230301221312331332233303022323222233231
300000000000000101010100001002010102010020201010110301111201211011322111020302010202311120301203102020132030331103111202202113021303002122112122131212212230301221312331332233303022323222233232
300000000000000101010100001002010102010020201010110301111201211011322111020302010202311120301203102020132030331103111202202113021303002122112122131212212230301221312331332233303022323222233233
30000000000000010101010000100201010201002020101011030111120121101132211102030201020231112030120310202013203033110311120220211302130300212211212213121221223030122131233133223330302232322223330
30000000000000010101010000100201010201002020101011030111120121101132211102030201020231112030120310202013203033110311120220211302130300212211212213121221223030122131233133223330302232322223331
30000000000000010101010000100201010201002020101011030111120121101132211102030201020231112030120310202013203033110311120220211302130300212211212213121221223030122131233133223330302232322223332
30000000000000010101010000100201010201002020101011030111120121101132211102030201020231112030120310202013203033110311120220211302130300212211212213121221223030122131233133223330302232322223333
3000000000000001010101000010020101020100202010101103011112012110113221110203020102023111203012031020201320303311031112022021130213030021221121221312122122303012213123313322333030223232223
3000000000000001010101000010020101020100202010101103011112012110113221110203020102023111203012031020201320303311031112022021130213030021221121221312122122303012213123313322333030223232231
3000000000000001010101000010020101020100202010101103011112012110113221110203020102023111203012031020201320303311031112022021130213030021221121221312122122303012213123313322333030223232232
300000000000000101010100001002010102010020201010110301111201211011322111020302010202311120301203102020132030331103111202202113021303002122112122131212212230301221312331332233303022323223303
30000000000000010101010000100201010201002020101011030111120121101132211102030201020231112030120310202013203033110311120220211302130300212211212213121221223030122131233133223330302232322331
3000000000000001010101000010020101020100202010101103011112012110113221110203020102023111203012031020201320303311031112022021130213030021221121221312122122303012213123313322333030223232233231
3000000000000001010101000010020101020100202010101103011112012110113221110203020102023111203012031020201320303311031112022021130213030021221121221312122122303012213123313322333030223232233232
300000000000000101010100001002010102010020201010110301111201211011322111020302010202311120301203102020132030331103111202202113021303002122112122131212212230301221312331332233303022323223323331
300000000000000101010100001002010102010020201010110301111201211011322111020302010202311120301203102020132030331103111202202113021303002122112122131212212230301221312331332233303022323223323332
30000000000000010101010000100201010201002020101011030111120121101132211102030201020231112030120310202013203033110311120220211302130300212211212213121221223030122131233133223330302232322332333333
30000000000000010101010000100201010201002020101011030111120121101132211102030201020231112030120310202013203033110311120220211302130300212211212213121221223030122131233133223330302232323
300000000000000101010100001002010102010020201010110301111201211011322111020302010202311120301203102020132030331103111202202113021303002122112122131212212230301221312331332233303023
3000000000000001010101000010020101020100202010101103011112012110113221110203020102023111203012031020201320303311031112022021130213030021221121221312122122303012213123313322333030312
30000000000000010101010000100201010201002020101011030111120121101132211102030201020231112030120310202013203033110311120220211302130300212211212213121221223030122131233133223330303132
30000000000000010101010000100201010201002020101011030111120121101132211102030201020231112030120310202013203033110311120220211302130300212211212213121221223030122131233133223330303133
300000000000000101010100001002010102010020201010110301111201211011322111020302010202311120301203102020132030331103111202202113021303002122112122131212212230301221312331332233313
3000000000000001010101000010020101020100202010101103011112012110113221110203020102023111203012031020201320303311031112022021130213030021221121221312122122303012213123313322333220
3000000000000001010101000010020101020100202010101103011112012110113221110203020102023111203012031020201320303311031112022021130213030021221121221312122122303012213123313322333221
3000000000000001010101000010020101020100202010101103011112012110113221110203020102023111203012031020201320303311031112022021130213030021221121221312122122303012213123313322333222
3000000000000001010101000010020101020100202010101103011112012110113221110203020102023111203012031020201320303311031112022021130213030021221121221312122122303012213123313322333223
300000000000000101010100001002010102010020201010110301111201211011322111020302010202311120301203102020132030331103111202202113021303002122112122131212212230301221312331332233323012
300000000000000101010100001002010102010020201010110301111201211011322111020302010202311120301203102020132030331103111202202113021303002122112122131212212230301221312331332233323013
30000000000000010101010000100201010201002020101011030111120121101132211102030201020231112030120310202013203033110311120220211302130300212211212213121221223030122131233133223332302
30000000000000010101010000100201010201002020101011030111120121101132211102030201020231112030120310202013203033110311120220211302130300212211212213121221223030122131233133223332303113
300000000000000101010100001002010102010020201010110301111201211011322111020302010202311120301203102020132030331103111202202113021303002122112122131212212230301221312331332233323031222
300000000000000101010100001002010102010020201010110301111201211011322111020302010202311120301203102020132030331103111202202113021303002122112122131212212230301221312331332233323031223
30000000000000010101010000100201010201002020101011030111120121101132211102030201020231112030120310202013203033110311120220211302130300212211212213121221223030122131233133223332303123
3000000000000001010101000010020101020100202010101103011112012110113221110203020102023111203012031020201320303311031112022021130213030021221121221312122122303012213123313322333230313
3000000000000001010101000010020101020100202010101103011112012110113221110203020102023111203012031020201320303311031112022021130213030021221121221312122122303012213123313322333230321
3000000000000001010101000010020101020100202010101103011112012110113221110203020102023111203012031020201320303311031112022021130213030021221121221312122122303012213123313322333230322
3000000000000001010101000010020101020100202010101103011112012110113221110203020102023111203012031020201320303311031112022021130213030021221121221312122122303012213123313322333230323
3000000000000001010101000010020101020100202010101103011112012110113221110203020102023111203012031020201320303311031112022021130213030021221121221312122122303012213123313322333230332
3000000000000001010101000010020101020100202010101103011112012110113221110203020102023111203012031020201320303311031112022021130213030021221121221312122122303012213123313322333230333
300000000000000101010100001002010102010020201010110301111201211011322111020302010202311120301203102020132030331103111202202113021303002122112122131212212230301221312331332233333
3000000000000001010101000010020101020100202010101103011112012110113221110203020102023111203012031020201320303311031112022021130213030021221121221312122122303012213123313323
300000000000000101010100001002010102010020201010110301111201211011322111020302010202311120301203102020132030331103111202202113021303002122112122131212212230301221313
3000000000000001010101000010020101020100202010101103011112012110113221110203020102023111203012031020201320303311031112022021130213030021221121221312122122303013
300000000000000101010100001002010102010020201010110301111201211011322111020302010202311120301203102020132030331103111202202113021303002122112122131212213
3000000000000001010101000010020101020100202010101103011112012110113221110203020102023111203012031020201320303311031112022021130213030021221121222
3000000000000001010101000010020101020100202010101103011112012110113221110203020102023111203012031020201320303311031112022021130213030021221121223
30000000000000010101010000100201010201002020101011030111120121101132211102030201020231112030120310202013203033110311120220211302130300212211213
30000000000000010101010000100201010201002020101011030111120121101132211102030201020231112030120310202013203033110311120220211302130300212212
30000000000000010101010000100201010201002020101011030111120121101132211102030201020231112030120310202013203033110311120220211302130300212213
300000000000000101010100001002010102010020201010110301111201211011322111020302010202311120301203102020132030331103111202202113021303003
30000000000000010101010000100201010201002020101011030111120121101132211102030201020231112030120310202013203033110311120220211303
300000000000000101010100001002010102010020201010110301111201211011322111020302010202311120301203102020132030331103111202203
3000000000000001010101000010020101020100202010101103011112012110113221110203020102023111203012031020202
3000000000000001010101000010020101020100202010101103011112012110113221110203020102023111203012031020203
300000000000000101010100001002010102010020201010110301111201211011322111020302010202311120302
300000000000000101010100001002010102010020201010110301111201211011322111020302010202311120303
300000000000000101010100001002010102010020201010110301111202
300000000000000101010100001002010102010020201010110301111203
3000000000000001010101000010020101020100203
