0,13,4,6,7,4
0,0
0,4
0,14,2,17,12,10,15,15
0,13,2
0,13,3,7
0,13,7
0,13,4,7
0,13,4,1,8,9,13
0,13,4,0
0,13,4,6,9
0,13,4,6,3
0,13,4,6,15
0,13,4,6,7,9
0,13,4,6,7,3
0,13,4,6,7,2
0,14,6
0,14,13
0,14,2,13
0,14,2,0
0,14,2,9
0,14,2,17,7
0,14,2,17,13
0,14,2,17,9
0,14,2,17,12,4
0,14,2,17,12,6
0,14,2,17,12,9
0,14,2,17,12,10,10
0,14,2,17,12,10,6
0,14,2,17,12,10,11,13
0,14,2,17,12,10,15,12
0,14,2,17,12,10,15,9
0,14,2,17,12,10,15,3
0,13,3,3
0,13,3,2
0,13,3,16,15
0,13,4,1,17
0,13,4,1,9
0,13,4,1,13
0,13,4,1,8,7
0,13,4,1,8,11
0,13,4,1,8,2
0,13,4,1,8,9,16
0,13,4,1,8,9,5,3
0,13,4,1,8,9,9
0,14,2,17,12,10,11,16
0,14,2,17,12,10,11,8
0,14,2,17,12,10,11,12
0,13,3,16,6
0,13,3,16,4
0,13,3,16,8
0,13,4,1,8,9,5,17
0,13,4,1,8,9,5,11
0,13,4,1,8,9,5,13
