000000
01000000
0200
030
0010
0020000
0030
00010
00020
00030
000010
000020
000030
000001
000002
000003
0110
0120
0130
01010
01020
01030
010010
010020
010030
0100010
0100020
01000300
01000010
01000020
01000030
01000001
01000002
01000003
0210
0220
02300
0201
0202
0203
031
032
033
0011
0012
0013
00210
00220
00230
002010
002020
002030
0020010
00200200
0020030
0020001
0020002
0020003
00310
00320
003300
00011
00012
00013
00021
00022
00023
00031
00032
00033
000011
000012
000013
000021
000022
000023
000031
000032
000033
0111
0112
0113
0121
0122
0123
0131
0132
0133
01011
01012
01013
01021
01022
01023
01031
01032
01033
010011
010012
010013
010021
010022
010023
010031
010032
010033
0100011
0100012
0100013
0100021
0100022
0100023
01000310
01000320
01000330
01000301
01000302
01000303
01000011
01000012
01000013
01000021
01000022
01000023
01000031
01000032
01000033
0211
0212
0213
0221
0222
0223
02310
02320
02330
02301
02302
02303
00211
00212
00213
00221
00222
00223
00231
00232
00233
002011
002012
002013
002021
002022
002023
002031
002032
002033
0020011
0020012
0020013
00200210
00200220
00200230
00200201
00200202
00200203
0020031
0020032
0020033
00311
00312
00313
00321
00322
00323
003310
003320
003330
003301
003302
003303
01000311
01000312
01000313
01000321
01000322
01000323
01000331
01000332
01000333
02311
02312
02313
02321
02322
02323
02331
02332
02333
00200211
00200212
00200213
00200221
00200222
00200223
00200231
00200232
00200233
003311
003312
003313
003321
003322
003323
003331
003332
003333
20000
210
2200000
2300
2010
20200
20300
20010
20020
200300000
20001
20002
20003
211
212
213
2210
2220
2230
22010
220200
22030
2200100
2200200
220030
2200010
2200020
2200030
2200001
2200002
2200003
2310
232
23300
2301
2302
2303
2011
2012
2013
20210
20220
20230
20201
20202
20203
20310
20320
20330
20301
20302
20303
20011
20012
20013
20021
20022
20023
200310
200320
200330
2003010
2003020
2003030
20030010
20030020
20030030
200300010
200300020
200300030
200300001
200300002
200300003
2211
2212
2213
2221
2222
2223
2231
2232
2233
22011
22012
22013
220210
220220
220230
220201
220202
220203
22031
22032
22033
2200110
2200120
2200130
2200101
2200102
2200103
2200210
2200220
2200230
2200201
2200202
2200203
220031
220032
220033
2200011
2200012
2200013
2200021
2200022
2200023
2200031
2200032
2200033
2311
2312
2313
23310
23320
23330
23301
23302
23303
20211
20212
20213
20221
20222
20223
20231
20232
20233
20311
20312
20313
20321
20322
20323
20331
20332
20333
200311
200312
200313
200321
200322
200323
200331
200332
200333
2003011
2003012
2003013
2003021
2003022
2003023
2003031
2003032
2003033
20030011
20030012
20030013
20030021
20030022
20030023
20030031
20030032
20030033
200300011
200300012
200300013
200300021
200300022
200300023
200300031
200300032
200300033
220211
220212
220213
220221
220222
220223
220231
220232
220233
2200111
2200112
2200113
2200121
2200122
2200123
2200131
2200132
2200133
2200211
2200212
2200213
2200221
2200222
2200223
2200231
2200232
2200233
23311
23312
23313
23321
23322
23323
23331
23332
23333
1000000
11
120
130000000
1010
10200
1030
10010
10020000
10030
100010
100020
100030
1000010
1000020
1000030
1000001
1000002
1000003
121
122
123
1310
1320
1330
13010
13020
13030
130010
130020
130030
1300010
1300020
1300030
13000010
13000020
130000300
130000010
130000020
130000030
130000001
130000002
130000003
1011
1012
1013
10210
10220
102300
10201
10202
10203
1031
1032
1033
10011
10012
10013
100210
100220
100230
1002010
1002020
1002030
10020010
100200200
10020030
10020001
10020002
10020003
10031
10032
10033
100011
100012
100013
100021
100022
100023
100031
100032
100033
1000011
1000012
1000013
1000021
1000022
1000023
1000031
1000032
1000033
1311
1312
1313
1321
1322
1323
1331
1332
1333
13011
13012
13013
13021
13022
13023
13031
13032
13033
130011
130012
130013
130021
130022
130023
130031
130032
130033
1300011
1300012
1300013
1300021
1300022
1300023
1300031
1300032
1300033
13000011
13000012
13000013
13000021
13000022
13000023
130000310
130000320
130000330
130000301
130000302
130000303
130000011
130000012
130000013
130000021
130000022
130000023
130000031
130000032
130000033
10211
10212
10213
10221
10222
10223
102310
102320
102330
102301
102302
102303
100211
100212
100213
100221
100222
100223
100231
100232
100233
1002011
1002012
1002013
1002021
1002022
1002023
1002031
1002032
1002033
10020011
10020012
10020013
100200210
100200220
100200230
100200201
100200202
100200203
10020031
10020032
10020033
130000311
130000312
130000313
130000321
130000322
130000323
130000331
130000332
130000333
102311
102312
102313
102321
102322
102323
102331
102332
102333
100200211
100200212
100200213
100200221
100200222
100200223
100200231
100200232
100200233
30000000
310000
3200
330
3010
30200
30300
30010
30020
30030
300010
300020
300030
3000010
3000020
30000300
30000010
30000020
300000300
30000001
30000002
30000003
3110
3120
3130
31010
31020
31030
310010
31002000
310030
310001
310002
310003
3210
3220
3230
3201
3202
3203
331
332
333
3011
3012
3013
30210
30220
3023
30201
30202
30203
303100
303200
30330
30301
30302
30303
30011
30012
30013
30021
30022
30023
30031
30032
30033
300011
300012
300013
300021
300022
300023
300031
300032
300033
3000011
3000012
3000013
3000021
3000022
3000023
30000310
30000320
30000330
30000301
30000302
30000303
30000011
30000012
30000013
30000021
30000022
30000023
300000310
300000320
300000330
300000301
300000302
300000303
3111
3112
3113
3121
3122
3123
3131
3132
3133
31011
31012
31013
31021
31022
31023
31031
31032
31033
310011
310012
310013
3100210
3100220
3100230
31002010
31002020
31002030
31002001
31002002
31002003
310031
310032
310033
3211
3212
3213
3221
3222
3223
3231
3232
3233
30211
30212
30213
30221
30222
30223
303110
303120
303130
303101
303102
303103
303210
303220
303230
303201
303202
303203
30331
30332
30333
30000311
30000312
30000313
30000321
30000322
30000323
30000331
30000332
30000333
300000311
300000312
300000313
300000321
300000322
300000323
300000331
300000332
300000333
3100211
3100212
3100213
3100221
3100222
3100223
3100231
3100232
3100233
31002011
31002012
31002013
31002021
31002022
31002023
31002031
31002032
31002033
303111
303112
303113
303121
303122
303123
303131
303132
303133
303211
303212
303213
303221
303222
303223
303231
303232
303233
