0000001001011010000001010110200200020110020303011021011202103010
0000001001011010000001010110200200020110020303011021011202103011200
0000001001011010000001010110200200020110020303011021011202103011201120203102130120130
00000010010110100000010101102002000201100203030110210112021030112011202031021301201311022112031
000000100101101000000101011020020002011002030301102101120210301120112020310213012013110221120323111203030
000000100101101000000101011020020002011002030301102101120210301120112020310213012013110221120323111203031
00000010010110100000010101102002000201100203030110210112021030112011202031021301201311022112032311120303221120
00000010010110100000010101102002000201100203030110210112021030112011202031021301201311022112032311120303221121312230
00000010010110100000010101102002000201100203030110210112021030112011202031021301201311022112032311120303221121312231301
0000001001011010000001010110200200020110020303011021011202103011201120203102130120131102211203231112030322112131223130210212200
00000010010110100000010101102002000201100203030110210112021030112011202031021301201311022112032311120303221121312231302102122013230
00000010010110100000010101102002000201100203030110210112021030112011202031021301201311022112032311120303221121312231302102122013231
00000010010110100000010101102002000201100203030110210112021030112011202031021301201311022112032311120303221121312231302102122013232321
0000001001011010000001010110200200020110020303011021011202103011201120203102130120131102211203231112030322112131223130210212201323232220
0000001001011010000001010110200200020110020303011021011202103011201120203102130120131102211203231112030322112131223130210212201323232221
0000001001011010000001010110200200020110020303011021011202103011201120203102130120131102211203231112030322112131223130210212201323232222
00000010010110100000010101102002000201100203030110210112021030112011202031021301201311022112032311120303221121312231302102122013232322232
00000010010110100000010101102002000201100203030110210112021030112011202031021301201311022112032311120303221121312231302102122013232322233
0000001001011010000001010110200200020110020303011021011202103011201120203102130120131102211203231112030322112131223130210212201323232230
0000001001011010000001010110200200020110020303011021011202103011201120203102130120131102211203231112030322112131223130210212201323232231
0000001001011010000001010110200200020110020303011021011202103011201120203102130120131102211203231112030322112131223130210212201323232232
00000010010110100000010101102002000201100203030110210112021030112011202031021301201311022112032311120303221121312231302102122013232322333222
000000100101101000000101011020020002011002030301102101120210301120112020310213012013110221120323111203032211213122313021021220132323223332232
0000001001011010000001010110200200020110020303011021011202103011201120203102130120131102211203231112030322112131223130210212201323232233322330030
0000001001011010000001010110200200020110020303011021011202103011201120203102130120131102211203231112030322112131223130210212201323232233322330031
0000001001011010000001010110200200020110020303011021011202103011201120203102130120131102211203231112030322112131223130210212201323232233322330032
0000001001011010000001010110200200020110020303011021011202103011201120203102130120131102211203231112030322112131223130210212201323232233322330033
000000100101101000000101011020020002011002030301102101120210301120112020310213012013110221120323111203032211213122313021021220132323223332233013
00000010010110100000010101102002000201100203030110210112021030112011202031021301201311022112032311120303221121312231302102122013232322333223302310333
000000100101101000000101011020020002011002030301102101120210301120112020310213012013110221120323111203032211213122313021021220132323223332233023113
000000100101101000000101011020020002011002030301102101120210301120112020310213012013110221120323111203032211213122313021021220132323223332233023121
000000100101101000000101011020020002011002030301102101120210301120112020310213012013110221120323111203032211213122313021021220132323223332233023122
000000100101101000000101011020020002011002030301102101120210301120112020310213012013110221120323111203032211213122313021021220132323223332233023123310
000000100101101000000101011020020002011002030301102101120210301120112020310213012013110221120323111203032211213122313021021220132323223332233023123311
000000100101101000000101011020020002011002030301102101120210301120112020310213012013110221120323111203032211213122313021021220132323223332233023123312
000000100101101000000101011020020002011002030301102101120210301120112020310213012013110221120323111203032211213122313021021220132323223332233023123313
0000001001011010000001010110200200020110020303011021011202103011201120203102130120131102211203231112030322112131223130210212201323232233322330231233202
0000001001011010000001010110200200020110020303011021011202103011201120203102130120131102211203231112030322112131223130210212201323232233322330231233203
000000100101101000000101011020020002011002030301102101120210301120112020310213012013110221120323111203032211213122313021021220132323223332233023123321021
000000100101101000000101011020020002011002030301102101120210301120112020310213012013110221120323111203032211213122313021021220132323223332233023123321022
000000100101101000000101011020020002011002030301102101120210301120112020310213012013110221120323111203032211213122313021021220132323223332233023123321023
000000100101101000000101011020020002011002030301102101120210301120112020310213012013110221120323111203032211213122313021021220132323223332233023123321033
00000010010110100000010101102002000201100203030110210112021030112011202031021301201311022112032311120303221121312231302102122013232322333223302312332112
00000010010110100000010101102002000201100203030110210112021030112011202031021301201311022112032311120303221121312231302102122013232322333223302312332113130
00000010010110100000010101102002000201100203030110210112021030112011202031021301201311022112032311120303221121312231302102122013232322333223302312332113131
00000010010110100000010101102002000201100203030110210112021030112011202031021301201311022112032311120303221121312231302102122013232322333223302312332113132
00000010010110100000010101102002000201100203030110210112021030112011202031021301201311022112032311120303221121312231302102122013232322333223302312332113133
000000100101101000000101011020020002011002030301102101120210301120112020310213012013110221120323111203032211213122313021021220132323223332233023123321132
000000100101101000000101011020020002011002030301102101120210301120112020310213012013110221120323111203032211213122313021021220132323223332233023123321133
00000010010110100000010101102002000201100203030110210112021030112011202031021301201311022112032311120303221121312231302102122013232322333223302312332123
000000100101101000000101011020020002011002030301102101120210301120112020310213012013110221120323111203032211213122313021021220132323223332233023123321330
000000100101101000000101011020020002011002030301102101120210301120112020310213012013110221120323111203032211213122313021021220132323223332233023123321331
000000100101101000000101011020020002011002030301102101120210301120112020310213012013110221120323111203032211213122313021021220132323223332233023123321332
000000100101101000000101011020020002011002030301102101120210301120112020310213012013110221120323111203032211213122313021021220132323223332233023123321333
00000010010110100000010101102002000201100203030110210112021030112011202031021301201311022112032311120303221121312231302102122013232322333223302312332203
0000001001011010000001010110200200020110020303011021011202103011201120203102130120131102211203231112030322112131223130210212201323232233322330231233221
00000010010110100000010101102002000201100203030110210112021030112011202031021301201311022112032311120303221121312231302102122013232322333223302312332223020
00000010010110100000010101102002000201100203030110210112021030112011202031021301201311022112032311120303221121312231302102122013232322333223302312332223021
00000010010110100000010101102002000201100203030110210112021030112011202031021301201311022112032311120303221121312231302102122013232322333223302312332223022
00000010010110100000010101102002000201100203030110210112021030112011202031021301201311022112032311120303221121312231302102122013232322333223302312332223023
00000010010110100000010101102002000201100203030110210112021030112011202031021301201311022112032311120303221121312231302102122013232322333223302312332223030
00000010010110100000010101102002000201100203030110210112021030112011202031021301201311022112032311120303221121312231302102122013232322333223302312332223031
000000100101101000000101011020020002011002030301102101120210301120112020310213012013110221120323111203032211213122313021021220132323223332233023123322230323
0000001001011010000001010110200200020110020303011021011202103011201120203102130120131102211203231112030322112131223130210212201323232233322330231233222303312
0000001001011010000001010110200200020110020303011021011202103011201120203102130120131102211203231112030322112131223130210212201323232233322330231233222303313
0000001001011010000001010110200200020110020303011021011202103011201120203102130120131102211203231112030322112131223130210212201323232233322330231233222303322
0000001001011010000001010110200200020110020303011021011202103011201120203102130120131102211203231112030322112131223130210212201323232233322330231233222303323
000000100101101000000101011020020002011002030301102101120210301120112020310213012013110221120323111203032211213122313021021220132323223332233023123322230333
00000010010110100000010101102002000201100203030110210112021030112011202031021301201311022112032311120303221121312231302102122013232322333223302313
00000010010110100000010101102002000201100203030110210112021030112011202031021301201311022112032311120303221121312231302102122013232322333223302320
00000010010110100000010101102002000201100203030110210112021030112011202031021301201311022112032311120303221121312231302102122013232322333223302321
00000010010110100000010101102002000201100203030110210112021030112011202031021301201311022112032311120303221121312231302102122013232322333223302322
00000010010110100000010101102002000201100203030110210112021030112011202031021301201311022112032311120303221121312231302102122013232322333223302323
00000010010110100000010101102002000201100203030110210112021030112011202031021301201311022112032311120303221121312231302102122013232322333223302330
00000010010110100000010101102002000201100203030110210112021030112011202031021301201311022112032311120303221121312231302102122013232322333223302331
00000010010110100000010101102002000201100203030110210112021030112011202031021301201311022112032311120303221121312231302102122013232322333223302332
00000010010110100000010101102002000201100203030110210112021030112011202031021301201311022112032311120303221121312231302102122013232322333223302333
00000010010110100000010101102002000201100203030110210112021030112011202031021301201311022112032311120303221121312231302102122013232322333223303
00000010010110100000010101102002000201100203030110210112021030112011202031021301201311022112032311120303221121312231302102122013233
000000100101101000000101011020020002011002030301102101120210301120112020310213012013110221120323111203032211213122313021021221
000000100101101000000101011020020002011002030301102101120210301120112020310213012013110221120323111203032211213122313021021222
000000100101101000000101011020020002011002030301102101120210301120112020310213012013110221120323111203032211213122313021021223
00000010010110100000010101102002000201100203030110210112021030112011202031021301201311022112032311120303221121312231302103
00000010010110100000010101102002000201100203030110210112021030112011202031021301201311022112032311120303221121312231302112
00000010010110100000010101102002000201100203030110210112021030112011202031021301201311022112032311120303221121312231302113
00000010010110100000010101102002000201100203030110210112021030112011202031021301201311022112032311120303221121312231302121
00000010010110100000010101102002000201100203030110210112021030112011202031021301201311022112032311120303221121312231302122
00000010010110100000010101102002000201100203030110210112021030112011202031021301201311022112032311120303221121312231302123
0000001001011010000001010110200200020110020303011021011202103011201120203102130120131102211203231112030322112131223130213
0000001001011010000001010110200200020110020303011021011202103011201120203102130120131102211203231112030322113
0000001001011010000001010110200200020110020303011021011202103011202
0000001001011010000001010110200200020110020303011021011202103011203
00000010010110100000010101102002000201100203030110211
00000010010110100000010101102002000201100203030110212
00000010010110100000010101102002000201100203030110213
0000001001011010000001010110200201
0000001001011010000001010110200202
0000001001011010000001010110200203
00000010010110100000010102
00000010010110100000010103
00000010010110100000010112
00000010010110100000010113
2000010002001020001000000101011030202010303001110030203010
2000010002001020001000000101011030202010303001110030203011200
20000100020010200010000001010110302020103030011100302030112010
200001000200102000100000010101103020201030300111003020301120112020210112130120130
2000010002001020001000000101011030202010303001110030203011201120202101121301201311022103101112021
200001000200102000100000010101103020201030300111003020301120112020210112130120131102210310111202221121312311120
200001000200102000100000010101103020201030300111003020301120112020210112130120131102210310111202221121312311121
20000100020010200010000001010110302020103030011100302030112011202021011213012013110221031011120222112131231112220
20000100020010200010000001010110302020103030011100302030112011202021011213012013110221031011120222112131231112221301
2000010002001020001000000101011030202010303001110030203011201120202101121301201311022103101112022211213123111222130210212200
200001000200102000100000010101103020201030300111003020301120112020210112130120131102210310111202221121312311122213021021220130
200001000200102000100000010101103020201030300111003020301120112020210112130120131102210310111202221121312311122213021021220131
20000100020010200010000001010110302020103030011100302030112011202021011213012013110221031011120222112131231112221302102122013230
20000100020010200010000001010110302020103030011100302030112011202021011213012013110221031011120222112131231112221302102122013231
20000100020010200010000001010110302020103030011100302030112011202021011213012013110221031011120222112131231112221302102122013232
200001000200102000100000010101103020201030300111003020301120112020210112130120131102210310111202221121312311122213021021220132331
2000010002001020001000000101011030202010303001110030203011201120202101121301201311022103101112022211213123111222130210212201323323232230
2000010002001020001000000101011030202010303001110030203011201120202101121301201311022103101112022211213123111222130210212201323323232231
2000010002001020001000000101011030202010303001110030203011201120202101121301201311022103101112022211213123111222130210212201323323232232
2000010002001020001000000101011030202010303001110030203011201120202101121301201311022103101112022211213123111222130210212201323323232233322330030
2000010002001020001000000101011030202010303001110030203011201120202101121301201311022103101112022211213123111222130210212201323323232233322330031
2000010002001020001000000101011030202010303001110030203011201120202101121301201311022103101112022211213123111222130210212201323323232233322330032
20000100020010200010000001010110302020103030011100302030112011202021011213012013110221031011120222112131231112221302102122013233232322333223300332
20000100020010200010000001010110302020103030011100302030112011202021011213012013110221031011120222112131231112221302102122013233232322333223300333
200001000200102000100000010101103020201030300111003020301120112020210112130120131102210310111202221121312311122213021021220132332323223332233013
20000100020010200010000001010110302020103030011100302030112011202021011213012013110221031011120222112131231112221302102122013233232322333223302310333
200001000200102000100000010101103020201030300111003020301120112020210112130120131102210310111202221121312311122213021021220132332323223332233023113
200001000200102000100000010101103020201030300111003020301120112020210112130120131102210310111202221121312311122213021021220132332323223332233023121
2000010002001020001000000101011030202010303001110030203011201120202101121301201311022103101112022211213123111222130210212201323323232233322330231223
200001000200102000100000010101103020201030300111003020301120112020210112130120131102210310111202221121312311122213021021220132332323223332233023123310
200001000200102000100000010101103020201030300111003020301120112020210112130120131102210310111202221121312311122213021021220132332323223332233023123311
200001000200102000100000010101103020201030300111003020301120112020210112130120131102210310111202221121312311122213021021220132332323223332233023123312
200001000200102000100000010101103020201030300111003020301120112020210112130120131102210310111202221121312311122213021021220132332323223332233023123313
2000010002001020001000000101011030202010303001110030203011201120202101121301201311022103101112022211213123111222130210212201323323232233322330231233202
2000010002001020001000000101011030202010303001110030203011201120202101121301201311022103101112022211213123111222130210212201323323232233322330231233203
200001000200102000100000010101103020201030300111003020301120112020210112130120131102210310111202221121312311122213021021220132332323223332233023123321021
200001000200102000100000010101103020201030300111003020301120112020210112130120131102210310111202221121312311122213021021220132332323223332233023123321022
200001000200102000100000010101103020201030300111003020301120112020210112130120131102210310111202221121312311122213021021220132332323223332233023123321023
200001000200102000100000010101103020201030300111003020301120112020210112130120131102210310111202221121312311122213021021220132332323223332233023123321031
200001000200102000100000010101103020201030300111003020301120112020210112130120131102210310111202221121312311122213021021220132332323223332233023123321032
200001000200102000100000010101103020201030300111003020301120112020210112130120131102210310111202221121312311122213021021220132332323223332233023123321033
20000100020010200010000001010110302020103030011100302030112011202021011213012013110221031011120222112131231112221302102122013233232322333223302312332112
20000100020010200010000001010110302020103030011100302030112011202021011213012013110221031011120222112131231112221302102122013233232322333223302312332113130
20000100020010200010000001010110302020103030011100302030112011202021011213012013110221031011120222112131231112221302102122013233232322333223302312332113131
20000100020010200010000001010110302020103030011100302030112011202021011213012013110221031011120222112131231112221302102122013233232322333223302312332113132
20000100020010200010000001010110302020103030011100302030112011202021011213012013110221031011120222112131231112221302102122013233232322333223302312332113133
200001000200102000100000010101103020201030300111003020301120112020210112130120131102210310111202221121312311122213021021220132332323223332233023123321132
200001000200102000100000010101103020201030300111003020301120112020210112130120131102210310111202221121312311122213021021220132332323223332233023123321133
2000010002001020001000000101011030202010303001110030203011201120202101121301201311022103101112022211213123111222130210212201323323232233322330231233212
200001000200102000100000010101103020201030300111003020301120112020210112130120131102210310111202221121312311122213021021220132332323223332233023123321330
200001000200102000100000010101103020201030300111003020301120112020210112130120131102210310111202221121312311122213021021220132332323223332233023123321331
200001000200102000100000010101103020201030300111003020301120112020210112130120131102210310111202221121312311122213021021220132332323223332233023123321332
200001000200102000100000010101103020201030300111003020301120112020210112130120131102210310111202221121312311122213021021220132332323223332233023123321333
20000100020010200010000001010110302020103030011100302030112011202021011213012013110221031011120222112131231112221302102122013233232322333223302312332203
2000010002001020001000000101011030202010303001110030203011201120202101121301201311022103101112022211213123111222130210212201323323232233322330231233221
20000100020010200010000001010110302020103030011100302030112011202021011213012013110221031011120222112131231112221302102122013233232322333223302312332223020
20000100020010200010000001010110302020103030011100302030112011202021011213012013110221031011120222112131231112221302102122013233232322333223302312332223021
20000100020010200010000001010110302020103030011100302030112011202021011213012013110221031011120222112131231112221302102122013233232322333223302312332223022
20000100020010200010000001010110302020103030011100302030112011202021011213012013110221031011120222112131231112221302102122013233232322333223302312332223023
20000100020010200010000001010110302020103030011100302030112011202021011213012013110221031011120222112131231112221302102122013233232322333223302312332223030
20000100020010200010000001010110302020103030011100302030112011202021011213012013110221031011120222112131231112221302102122013233232322333223302312332223031
200001000200102000100000010101103020201030300111003020301120112020210112130120131102210310111202221121312311122213021021220132332323223332233023123322230323
2000010002001020001000000101011030202010303001110030203011201120202101121301201311022103101112022211213123111222130210212201323323232233322330231233222303312
2000010002001020001000000101011030202010303001110030203011201120202101121301201311022103101112022211213123111222130210212201323323232233322330231233222303313
2000010002001020001000000101011030202010303001110030203011201120202101121301201311022103101112022211213123111222130210212201323323232233322330231233222303322
2000010002001020001000000101011030202010303001110030203011201120202101121301201311022103101112022211213123111222130210212201323323232233322330231233222303323
200001000200102000100000010101103020201030300111003020301120112020210112130120131102210310111202221121312311122213021021220132332323223332233023123322230333
20000100020010200010000001010110302020103030011100302030112011202021011213012013110221031011120222112131231112221302102122013233232322333223302313
20000100020010200010000001010110302020103030011100302030112011202021011213012013110221031011120222112131231112221302102122013233232322333223302320
20000100020010200010000001010110302020103030011100302030112011202021011213012013110221031011120222112131231112221302102122013233232322333223302321
20000100020010200010000001010110302020103030011100302030112011202021011213012013110221031011120222112131231112221302102122013233232322333223302322
20000100020010200010000001010110302020103030011100302030112011202021011213012013110221031011120222112131231112221302102122013233232322333223302323
20000100020010200010000001010110302020103030011100302030112011202021011213012013110221031011120222112131231112221302102122013233232322333223302330
20000100020010200010000001010110302020103030011100302030112011202021011213012013110221031011120222112131231112221302102122013233232322333223302331
20000100020010200010000001010110302020103030011100302030112011202021011213012013110221031011120222112131231112221302102122013233232322333223302332
20000100020010200010000001010110302020103030011100302030112011202021011213012013110221031011120222112131231112221302102122013233232322333223302333
20000100020010200010000001010110302020103030011100302030112011202021011213012013110221031011120222112131231112221302102122013233232322333223303
200001000200102000100000010101103020201030300111003020301120112020210112130120131102210310111202221121312311122213021021221
200001000200102000100000010101103020201030300111003020301120112020210112130120131102210310111202221121312311122213021021222
200001000200102000100000010101103020201030300111003020301120112020210112130120131102210310111202221121312311122213021021223
20000100020010200010000001010110302020103030011100302030112011202021011213012013110221031011120222112131231112221302103
20000100020010200010000001010110302020103030011100302030112011202021011213012013110221031011120222112131231112221302112
20000100020010200010000001010110302020103030011100302030112011202021011213012013110221031011120222112131231112221302113
20000100020010200010000001010110302020103030011100302030112011202021011213012013110221031011120222112131231112221302121
20000100020010200010000001010110302020103030011100302030112011202021011213012013110221031011120222112131231112221302122
20000100020010200010000001010110302020103030011100302030112011202021011213012013110221031011120222112131231112221302123
2000010002001020001000000101011030202010303001110030203011201120202101121301201311022103101112022211213123111222130213
20000100020010200010000001010110302020103030011100302030112011202021011213012013110221031011120222112131231112222
20000100020010200010000001010110302020103030011100302030112011202021011213012013110221031011120222112131231112223
20000100020010200010000001010110302020103030011100302030112011202021011213012013110221031011120222113
200001000200102000100000010101103020201030300111003020301120112020210112130120131102210310111203
200001000200102000100000010101103020201030300111003020301120112020211
200001000200102000100000010101103020201030300111003020301120112020212
200001000200102000100000010101103020201030300111003020301120112020213
2000010002001020001000000101011030202010303001110030203011202
2000010002001020001000000101011030202010303001110030203011203
200001000200102000100000010102
200001000200102000100000010103
200001000200102000100000010112
200001000200102000100000010113
20000100020010201
20000100020010202
20000100020010203
10000001001011010000001010110200200020110020303011021011202103010
10000001001011010000001010110200200020110020303011021011202103011200
1000000100101101000000101011020020002011002030301102101120210301120112020311203030
100000010010110100000010101102002000201100203030110210112021030112011202031120303130120130
1000000100101101000000101011020020002011002030301102101120210301120112020311203031301201311022112021
10000001001011010000001010110200200020110020303011021011202103011201120203112030313012013110221120222130030
1000000100101101000000101011020020002011002030301102101120210301120112020311203031301201311022112022213003120
10000001001011010000001010110200200020110020303011021011202103011201120203112030313012013110221120222130031213123111301
1000000100101101000000101011020020002011002030301102101120210301120112020311203031301201311022112022213003121312311130210212200
100000010010110100000010101102002000201100203030110210112021030112011202031120303130120131102211202221300312131231113021021220130
100000010010110100000010101102002000201100203030110210112021030112011202031120303130120131102211202221300312131231113021021220131
10000001001011010000001010110200200020110020303011021011202103011201120203112030313012013110221120222130031213123111302102122013230
10000001001011010000001010110200200020110020303011021011202103011201120203112030313012013110221120222130031213123111302102122013231
10000001001011010000001010110200200020110020303011021011202103011201120203112030313012013110221120222130031213123111302102122013232
100000010010110100000010101102002000201100203030110210112021030112011202031120303130120131102211202221300312131231113021021220132331
10000001001011010000001010110200200020110020303011021011202103011201120203112030313012013110221120222130031213123111302102122013233232220
10000001001011010000001010110200200020110020303011021011202103011201120203112030313012013110221120222130031213123111302102122013233232221
10000001001011010000001010110200200020110020303011021011202103011201120203112030313012013110221120222130031213123111302102122013233232222
100000010010110100000010101102002000201100203030110210112021030112011202031120303130120131102211202221300312131231113021021220132332322232
100000010010110100000010101102002000201100203030110210112021030112011202031120303130120131102211202221300312131231113021021220132332322233
10000001001011010000001010110200200020110020303011021011202103011201120203112030313012013110221120222130031213123111302102122013233232230
10000001001011010000001010110200200020110020303011021011202103011201120203112030313012013110221120222130031213123111302102122013233232231
10000001001011010000001010110200200020110020303011021011202103011201120203112030313012013110221120222130031213123111302102122013233232232
100000010010110100000010101102002000201100203030110210112021030112011202031120303130120131102211202221300312131231113021021220132332322333221
100000010010110100000010101102002000201100203030110210112021030112011202031120303130120131102211202221300312131231113021021220132332322333222
1000000100101101000000101011020020002011002030301102101120210301120112020311203031301201311022112022213003121312311130210212201323323223332232
100000010010110100000010101102002000201100203030110210112021030112011202031120303130120131102211202221300312131231113021021220132332322333223310333
1000000100101101000000101011020020002011002030301102101120210301120112020311203031301201311022112022213003121312311130210212201323323223332233113
1000000100101101000000101011020020002011002030301102101120210301120112020311203031301201311022112022213003121312311130210212201323323223332233121
10000001001011010000001010110200200020110020303011021011202103011201120203112030313012013110221120222130031213123111302102122013233232233322331223
1000000100101101000000101011020020002011002030301102101120210301120112020311203031301201311022112022213003121312311130210212201323323223332233123310
1000000100101101000000101011020020002011002030301102101120210301120112020311203031301201311022112022213003121312311130210212201323323223332233123311
1000000100101101000000101011020020002011002030301102101120210301120112020311203031301201311022112022213003121312311130210212201323323223332233123312
1000000100101101000000101011020020002011002030301102101120210301120112020311203031301201311022112022213003121312311130210212201323323223332233123313
10000001001011010000001010110200200020110020303011021011202103011201120203112030313012013110221120222130031213123111302102122013233232233322331233202
10000001001011010000001010110200200020110020303011021011202103011201120203112030313012013110221120222130031213123111302102122013233232233322331233203
1000000100101101000000101011020020002011002030301102101120210301120112020311203031301201311022112022213003121312311130210212201323323223332233123321021
1000000100101101000000101011020020002011002030301102101120210301120112020311203031301201311022112022213003121312311130210212201323323223332233123321022
1000000100101101000000101011020020002011002030301102101120210301120112020311203031301201311022112022213003121312311130210212201323323223332233123321023
1000000100101101000000101011020020002011002030301102101120210301120112020311203031301201311022112022213003121312311130210212201323323223332233123321032
1000000100101101000000101011020020002011002030301102101120210301120112020311203031301201311022112022213003121312311130210212201323323223332233123321033
100000010010110100000010101102002000201100203030110210112021030112011202031120303130120131102211202221300312131231113021021220132332322333223312332112
100000010010110100000010101102002000201100203030110210112021030112011202031120303130120131102211202221300312131231113021021220132332322333223312332113130
100000010010110100000010101102002000201100203030110210112021030112011202031120303130120131102211202221300312131231113021021220132332322333223312332113131
100000010010110100000010101102002000201100203030110210112021030112011202031120303130120131102211202221300312131231113021021220132332322333223312332113132
100000010010110100000010101102002000201100203030110210112021030112011202031120303130120131102211202221300312131231113021021220132332322333223312332113133
1000000100101101000000101011020020002011002030301102101120210301120112020311203031301201311022112022213003121312311130210212201323323223332233123321132
1000000100101101000000101011020020002011002030301102101120210301120112020311203031301201311022112022213003121312311130210212201323323223332233123321133
100000010010110100000010101102002000201100203030110210112021030112011202031120303130120131102211202221300312131231113021021220132332322333223312332123
1000000100101101000000101011020020002011002030301102101120210301120112020311203031301201311022112022213003121312311130210212201323323223332233123321330
10000001001011010000001010110200200020110020303011021011202103011201120203112030313012013110221120222130031213123111302102122013233232233322331233213313
1000000100101101000000101011020020002011002030301102101120210301120112020311203031301201311022112022213003121312311130210212201323323223332233123321332320
1000000100101101000000101011020020002011002030301102101120210301120112020311203031301201311022112022213003121312311130210212201323323223332233123321332321
1000000100101101000000101011020020002011002030301102101120210301120112020311203031301201311022112022213003121312311130210212201323323223332233123321332322
1000000100101101000000101011020020002011002030301102101120210301120112020311203031301201311022112022213003121312311130210212201323323223332233123321332323
1000000100101101000000101011020020002011002030301102101120210301120112020311203031301201311022112022213003121312311130210212201323323223332233123321332330
1000000100101101000000101011020020002011002030301102101120210301120112020311203031301201311022112022213003121312311130210212201323323223332233123321332331
1000000100101101000000101011020020002011002030301102101120210301120112020311203031301201311022112022213003121312311130210212201323323223332233123321332332
1000000100101101000000101011020020002011002030301102101120210301120112020311203031301201311022112022213003121312311130210212201323323223332233123321332333
1000000100101101000000101011020020002011002030301102101120210301120112020311203031301201311022112022213003121312311130210212201323323223332233123321333
100000010010110100000010101102002000201100203030110210112021030112011202031120303130120131102211202221300312131231113021021220132332322333223312332203
10000001001011010000001010110200200020110020303011021011202103011201120203112030313012013110221120222130031213123111302102122013233232233322331233221
100000010010110100000010101102002000201100203030110210112021030112011202031120303130120131102211202221300312131231113021021220132332322333223312332223020
100000010010110100000010101102002000201100203030110210112021030112011202031120303130120131102211202221300312131231113021021220132332322333223312332223021
100000010010110100000010101102002000201100203030110210112021030112011202031120303130120131102211202221300312131231113021021220132332322333223312332223022
100000010010110100000010101102002000201100203030110210112021030112011202031120303130120131102211202221300312131231113021021220132332322333223312332223023
100000010010110100000010101102002000201100203030110210112021030112011202031120303130120131102211202221300312131231113021021220132332322333223312332223030
100000010010110100000010101102002000201100203030110210112021030112011202031120303130120131102211202221300312131231113021021220132332322333223312332223031
1000000100101101000000101011020020002011002030301102101120210301120112020311203031301201311022112022213003121312311130210212201323323223332233123322230323
10000001001011010000001010110200200020110020303011021011202103011201120203112030313012013110221120222130031213123111302102122013233232233322331233222303312
10000001001011010000001010110200200020110020303011021011202103011201120203112030313012013110221120222130031213123111302102122013233232233322331233222303313
10000001001011010000001010110200200020110020303011021011202103011201120203112030313012013110221120222130031213123111302102122013233232233322331233222303322
10000001001011010000001010110200200020110020303011021011202103011201120203112030313012013110221120222130031213123111302102122013233232233322331233222303323
1000000100101101000000101011020020002011002030301102101120210301120112020311203031301201311022112022213003121312311130210212201323323223332233123322230333
100000010010110100000010101102002000201100203030110210112021030112011202031120303130120131102211202221300312131231113021021220132332322333223313
100000010010110100000010101102002000201100203030110210112021030112011202031120303130120131102211202221300312131231113021021221
100000010010110100000010101102002000201100203030110210112021030112011202031120303130120131102211202221300312131231113021021222
100000010010110100000010101102002000201100203030110210112021030112011202031120303130120131102211202221300312131231113021021223
10000001001011010000001010110200200020110020303011021011202103011201120203112030313012013110221120222130031213123111302103
10000001001011010000001010110200200020110020303011021011202103011201120203112030313012013110221120222130031213123111302112
10000001001011010000001010110200200020110020303011021011202103011201120203112030313012013110221120222130031213123111302113
10000001001011010000001010110200200020110020303011021011202103011201120203112030313012013110221120222130031213123111302121
10000001001011010000001010110200200020110020303011021011202103011201120203112030313012013110221120222130031213123111302122
10000001001011010000001010110200200020110020303011021011202103011201120203112030313012013110221120222130031213123111302123
10000001001011010000001010110200200020110020303011021011202103011201120203112030313012013110221120222130031213123111302132
10000001001011010000001010110200200020110020303011021011202103011201120203112030313012013110221120222130031213123111302133
100000010010110100000010101102002000201100203030110210112021030112011202031120303130120131102211202221301
100000010010110100000010101102002000201100203030110210112021030112011202031120303130120131102211202221302
100000010010110100000010101102002000201100203030110210112021030112011202031120303130120131102211202221303
100000010010110100000010101102002000201100203030110210112021030112011202031120303130120131102211203
10000001001011010000001010110200200020110020303011021011202103011202
10000001001011010000001010110200200020110020303011021011202103011203
100000010010110100000010101102002000201100203030110211
100000010010110100000010101102002000201100203030110212
100000010010110100000010101102002000201100203030110213
10000001001011010000001010110200201
10000001001011010000001010110200202
10000001001011010000001010110200203
100000010010110100000010102
100000010010110100000010103
100000010010110100000010112
100000010010110100000010113
300000001010110000100020010200010103001102011002030
30000000101011000010002001020001010300110201100203120020302021011210
300000001010110000100020010200010103001102011002031200203020210112112030
30000000101011000010002001020001010300110201100203120020302021011211203110130
30000000101011000010002001020001010300110201100203120020302021011211203110131203030
300000001010110000100020010200010103001102011002031200203020210112112031101312030313012022103101112021
30000000101011000010002001020001010300110201100203120020302021011211203110131203031301202210310111202221120
300000001010110000100020010200010103001102011002031200203020210112112031101312030313012022103101112022211213123111301
30000000101011000010002001020001010300110201100203120020302021011211203110131203031301202210310111202221121312311130210212200
3000000010101100001000200102000101030011020110020312002030202101121120311013120303130120221031011120222112131231113021021220130
3000000010101100001000200102000101030011020110020312002030202101121120311013120303130120221031011120222112131231113021021220131
300000001010110000100020010200010103001102011002031200203020210112112031101312030313012022103101112022211213123111302102122013230
300000001010110000100020010200010103001102011002031200203020210112112031101312030313012022103101112022211213123111302102122013231
300000001010110000100020010200010103001102011002031200203020210112112031101312030313012022103101112022211213123111302102122013232
3000000010101100001000200102000101030011020110020312002030202101121120311013120303130120221031011120222112131231113021021220132332321
300000001010110000100020010200010103001102011002031200203020210112112031101312030313012022103101112022211213123111302102122013233232220
300000001010110000100020010200010103001102011002031200203020210112112031101312030313012022103101112022211213123111302102122013233232221
300000001010110000100020010200010103001102011002031200203020210112112031101312030313012022103101112022211213123111302102122013233232222
3000000010101100001000200102000101030011020110020312002030202101121120311013120303130120221031011120222112131231113021021220132332322232
3000000010101100001000200102000101030011020110020312002030202101121120311013120303130120221031011120222112131231113021021220132332322233
300000001010110000100020010200010103001102011002031200203020210112112031101312030313012022103101112022211213123111302102122013233232230
300000001010110000100020010200010103001102011002031200203020210112112031101312030313012022103101112022211213123111302102122013233232231
300000001010110000100020010200010103001102011002031200203020210112112031101312030313012022103101112022211213123111302102122013233232232
3000000010101100001000200102000101030011020110020312002030202101121120311013120303130120221031011120222112131231113021021220132332322333222
30000000101011000010002001020001010300110201100203120020302021011211203110131203031301202210310111202221121312311130210212201323323223332232
3000000010101100001000200102000101030011020110020312002030202101121120311013120303130120221031011120222112131231113021021220132332322333223310333
30000000101011000010002001020001010300110201100203120020302021011211203110131203031301202210310111202221121312311130210212201323323223332233113
30000000101011000010002001020001010300110201100203120020302021011211203110131203031301202210310111202221121312311130210212201323323223332233121
300000001010110000100020010200010103001102011002031200203020210112112031101312030313012022103101112022211213123111302102122013233232233322331223
30000000101011000010002001020001010300110201100203120020302021011211203110131203031301202210310111202221121312311130210212201323323223332233123310
30000000101011000010002001020001010300110201100203120020302021011211203110131203031301202210310111202221121312311130210212201323323223332233123311
30000000101011000010002001020001010300110201100203120020302021011211203110131203031301202210310111202221121312311130210212201323323223332233123312
30000000101011000010002001020001010300110201100203120020302021011211203110131203031301202210310111202221121312311130210212201323323223332233123313
300000001010110000100020010200010103001102011002031200203020210112112031101312030313012022103101112022211213123111302102122013233232233322331233202
300000001010110000100020010200010103001102011002031200203020210112112031101312030313012022103101112022211213123111302102122013233232233322331233203
30000000101011000010002001020001010300110201100203120020302021011211203110131203031301202210310111202221121312311130210212201323323223332233123321021
30000000101011000010002001020001010300110201100203120020302021011211203110131203031301202210310111202221121312311130210212201323323223332233123321022
30000000101011000010002001020001010300110201100203120020302021011211203110131203031301202210310111202221121312311130210212201323323223332233123321023
30000000101011000010002001020001010300110201100203120020302021011211203110131203031301202210310111202221121312311130210212201323323223332233123321032
30000000101011000010002001020001010300110201100203120020302021011211203110131203031301202210310111202221121312311130210212201323323223332233123321033
3000000010101100001000200102000101030011020110020312002030202101121120311013120303130120221031011120222112131231113021021220132332322333223312332112
3000000010101100001000200102000101030011020110020312002030202101121120311013120303130120221031011120222112131231113021021220132332322333223312332113130
3000000010101100001000200102000101030011020110020312002030202101121120311013120303130120221031011120222112131231113021021220132332322333223312332113131
3000000010101100001000200102000101030011020110020312002030202101121120311013120303130120221031011120222112131231113021021220132332322333223312332113132
3000000010101100001000200102000101030011020110020312002030202101121120311013120303130120221031011120222112131231113021021220132332322333223312332113133
30000000101011000010002001020001010300110201100203120020302021011211203110131203031301202210310111202221121312311130210212201323323223332233123321132
30000000101011000010002001020001010300110201100203120020302021011211203110131203031301202210310111202221121312311130210212201323323223332233123321133
3000000010101100001000200102000101030011020110020312002030202101121120311013120303130120221031011120222112131231113021021220132332322333223312332123
30000000101011000010002001020001010300110201100203120020302021011211203110131203031301202210310111202221121312311130210212201323323223332233123321330
300000001010110000100020010200010103001102011002031200203020210112112031101312030313012022103101112022211213123111302102122013233232233322331233213313
30000000101011000010002001020001010300110201100203120020302021011211203110131203031301202210310111202221121312311130210212201323323223332233123321332320
30000000101011000010002001020001010300110201100203120020302021011211203110131203031301202210310111202221121312311130210212201323323223332233123321332321
30000000101011000010002001020001010300110201100203120020302021011211203110131203031301202210310111202221121312311130210212201323323223332233123321332322
30000000101011000010002001020001010300110201100203120020302021011211203110131203031301202210310111202221121312311130210212201323323223332233123321332323
30000000101011000010002001020001010300110201100203120020302021011211203110131203031301202210310111202221121312311130210212201323323223332233123321332330
30000000101011000010002001020001010300110201100203120020302021011211203110131203031301202210310111202221121312311130210212201323323223332233123321332331
30000000101011000010002001020001010300110201100203120020302021011211203110131203031301202210310111202221121312311130210212201323323223332233123321332332
30000000101011000010002001020001010300110201100203120020302021011211203110131203031301202210310111202221121312311130210212201323323223332233123321332333
30000000101011000010002001020001010300110201100203120020302021011211203110131203031301202210310111202221121312311130210212201323323223332233123321333
3000000010101100001000200102000101030011020110020312002030202101121120311013120303130120221031011120222112131231113021021220132332322333223312332203
300000001010110000100020010200010103001102011002031200203020210112112031101312030313012022103101112022211213123111302102122013233232233322331233221
3000000010101100001000200102000101030011020110020312002030202101121120311013120303130120221031011120222112131231113021021220132332322333223312332223020
3000000010101100001000200102000101030011020110020312002030202101121120311013120303130120221031011120222112131231113021021220132332322333223312332223021
3000000010101100001000200102000101030011020110020312002030202101121120311013120303130120221031011120222112131231113021021220132332322333223312332223022
3000000010101100001000200102000101030011020110020312002030202101121120311013120303130120221031011120222112131231113021021220132332322333223312332223023
3000000010101100001000200102000101030011020110020312002030202101121120311013120303130120221031011120222112131231113021021220132332322333223312332223030
3000000010101100001000200102000101030011020110020312002030202101121120311013120303130120221031011120222112131231113021021220132332322333223312332223031
30000000101011000010002001020001010300110201100203120020302021011211203110131203031301202210310111202221121312311130210212201323323223332233123322230323
300000001010110000100020010200010103001102011002031200203020210112112031101312030313012022103101112022211213123111302102122013233232233322331233222303312
300000001010110000100020010200010103001102011002031200203020210112112031101312030313012022103101112022211213123111302102122013233232233322331233222303313
300000001010110000100020010200010103001102011002031200203020210112112031101312030313012022103101112022211213123111302102122013233232233322331233222303322
300000001010110000100020010200010103001102011002031200203020210112112031101312030313012022103101112022211213123111302102122013233232233322331233222303323
30000000101011000010002001020001010300110201100203120020302021011211203110131203031301202210310111202221121312311130210212201323323223332233123322230333
3000000010101100001000200102000101030011020110020312002030202101121120311013120303130120221031011120222112131231113021021220132332322333223313
3000000010101100001000200102000101030011020110020312002030202101121120311013120303130120221031011120222112131231113021021221
3000000010101100001000200102000101030011020110020312002030202101121120311013120303130120221031011120222112131231113021021222
3000000010101100001000200102000101030011020110020312002030202101121120311013120303130120221031011120222112131231113021021223
300000001010110000100020010200010103001102011002031200203020210112112031101312030313012022103101112022211213123111302103
300000001010110000100020010200010103001102011002031200203020210112112031101312030313012022103101112022211213123111302111
300000001010110000100020010200010103001102011002031200203020210112112031101312030313012022103101112022211213123111302112
300000001010110000100020010200010103001102011002031200203020210112112031101312030313012022103101112022211213123111302113
300000001010110000100020010200010103001102011002031200203020210112112031101312030313012022103101112022211213123111302121
300000001010110000100020010200010103001102011002031200203020210112112031101312030313012022103101112022211213123111302122
300000001010110000100020010200010103001102011002031200203020210112112031101312030313012022103101112022211213123111302123
300000001010110000100020010200010103001102011002031200203020210112112031101312030313012022103101112022211213123111302132
300000001010110000100020010200010103001102011002031200203020210112112031101312030313012022103101112022211213123111302133
3000000010101100001000200102000101030011020110020312002030202101121120311013120303130120221031011120222113
30000000101011000010002001020001010300110201100203120020302021011211203110131203031301202210310111203
300000001010110000100020010200010103001102011002031200203020211
300000001010110000100020010200010103001102011002031200203020212
300000001010110000100020010200010103001102011002031200203020213
300000001010110000100020010200010103001102011002031201
300000001010110000100020010200010103001102011002031202
300000001010110000100020010200010103001102011002031203
300000001010110000100020010201
300000001010110000100020010202
300000001010110000100020010203
3000000010102
3000000010103
3000000010112
3000000010113
301
302
303
