0001020000101000100002020110100200100110300301100
000102000010100010000202011010020010011030030110112110112030202030212021202122210311201313010
000102000010100010000202011010020010011030030110112110112030202030212021202122210311201313011303022120
000102000010100010000202011010020010011030030110112110112030202030212021202122210311201313011303022121223211331020
000102000010100010000202011010020010011030030110112110112030202030212021202122210311201313011303022121223211331021
000102000010100010000202011010020010011030030110112110112030202030212021202122210311201313011303022121223211331022
000102000010100010000202011010020010011030030110112110112030202030212021202122210311201313011303022121223211331023
000102000010100010000202011010020010011030030110112110112030202030212021202122210311201313011303022121223211331030312
0001020000101000100002020110100200100110300301101121101120302020302120212021222103112013130113030221212232113310303131321120
0001020000101000100002020110100200100110300301101121101120302020302120212021222103112013130113030221212232113310303131321121
000102000010100010000202011010020010011030030110112110112030202030212021202122210311201313011303022121223211331030313132112231
000102000010100010000202011010020010011030030110112110112030202030212021202122210311201313011303022121223211331030313132112232
000102000010100010000202011010020010011030030110112110112030202030212021202122210311201313011303022121223211331030313132112233222232313030
000102000010100010000202011010020010011030030110112110112030202030212021202122210311201313011303022121223211331030313132112233222232313031300
0001020000101000100002020110100200100110300301101121101120302020302120212021222103112013130113030221212232113310303131321122332222323130313010
0001020000101000100002020110100200100110300301101121101120302020302120212021222103112013130113030221212232113310303131321122332222323130313011
000102000010100010000202011010020010011030030110112110112030202030212021202122210311201313011303022121223211331030313132112233222232313031301231
000102000010100010000202011010020010011030030110112110112030202030212021202122210311201313011303022121223211331030313132112233222232313031301232
00010200001010001000020201101002001001103003011011211011203020203021202120212221031120131301130302212122321133103031313211223322223231303130123331332320
00010200001010001000020201101002001001103003011011211011203020203021202120212221031120131301130302212122321133103031313211223322223231303130123331332321
00010200001010001000020201101002001001103003011011211011203020203021202120212221031120131301130302212122321133103031313211223322223231303130123331332322
0001020000101000100002020110100200100110300301101121101120302020302120212021222103112013130113030221212232113310303131321122332222323130313012333133232332
00010200001010001000020201101002001001103003011011211011203020203021202120212221031120131301130302212122321133103031313211223322223231303130123331332323330
00010200001010001000020201101002001001103003011011211011203020203021202120212221031120131301130302212122321133103031313211223322223231303130123331332323331
00010200001010001000020201101002001001103003011011211011203020203021202120212221031120131301130302212122321133103031313211223322223231303130123331332323332
00010200001010001000020201101002001001103003011011211011203020203021202120212221031120131301130302212122321133103031313211223322223231303130123331332323333
0001020000101000100002020110100200100110300301101121101120302020302120212021222103112013130113030221212232113310303131321122332222323130313012333133233023
000102000010100010000202011010020010011030030110112110112030202030212021202122210311201313011303022121223211331030313132112233222232313031301233313323303
000102000010100010000202011010020010011030030110112110112030202030212021202122210311201313011303022121223211331030313132112233222232313031301233313323311
000102000010100010000202011010020010011030030110112110112030202030212021202122210311201313011303022121223211331030313132112233222232313031301233313323312
000102000010100010000202011010020010011030030110112110112030202030212021202122210311201313011303022121223211331030313132112233222232313031301233313323313
000102000010100010000202011010020010011030030110112110112030202030212021202122210311201313011303022121223211331030313132112233222232313031301233313323321
000102000010100010000202011010020010011030030110112110112030202030212021202122210311201313011303022121223211331030313132112233222232313031301233313323322
000102000010100010000202011010020010011030030110112110112030202030212021202122210311201313011303022121223211331030313132112233222232313031301233313323323
00010200001010001000020201101002001001103003011011211011203020203021202120212221031120131301130302212122321133103031313211223322223231303130123331332333103
0001020000101000100002020110100200100110300301101121101120302020302120212021222103112013130113030221212232113310303131321122332222323130313012333133233311
00010200001010001000020201101002001001103003011011211011203020203021202120212221031120131301130302212122321133103031313211223322223231303130123331332333123
00010200001010001000020201101002001001103003011011211011203020203021202120212221031120131301130302212122321133103031313211223322223231303130123331332333133
00010200001010001000020201101002001001103003011011211011203020203021202120212221031120131301130302212122321133103031313211223322223231303130123331332333202
00010200001010001000020201101002001001103003011011211011203020203021202120212221031120131301130302212122321133103031313211223322223231303130123331332333203
00010200001010001000020201101002001001103003011011211011203020203021202120212221031120131301130302212122321133103031313211223322223231303130123331332333211
00010200001010001000020201101002001001103003011011211011203020203021202120212221031120131301130302212122321133103031313211223322223231303130123331332333212
0001020000101000100002020110100200100110300301101121101120302020302120212021222103112013130113030221212232113310303131321122332222323130313012333133233321330
0001020000101000100002020110100200100110300301101121101120302020302120212021222103112013130113030221212232113310303131321122332222323130313012333133233321331
0001020000101000100002020110100200100110300301101121101120302020302120212021222103112013130113030221212232113310303131321122332222323130313012333133233321332
0001020000101000100002020110100200100110300301101121101120302020302120212021222103112013130113030221212232113310303131321122332222323130313012333133233321333
00010200001010001000020201101002001001103003011011211011203020203021202120212221031120131301130302212122321133103031313211223322223231303130123331332333222
00010200001010001000020201101002001001103003011011211011203020203021202120212221031120131301130302212122321133103031313211223322223231303130123331332333223
00010200001010001000020201101002001001103003011011211011203020203021202120212221031120131301130302212122321133103031313211223322223231303130123331332333230
00010200001010001000020201101002001001103003011011211011203020203021202120212221031120131301130302212122321133103031313211223322223231303130123331332333231
00010200001010001000020201101002001001103003011011211011203020203021202120212221031120131301130302212122321133103031313211223322223231303130123331332333232
00010200001010001000020201101002001001103003011011211011203020203021202120212221031120131301130302212122321133103031313211223322223231303130123331332333233
000102000010100010000202011010020010011030030110112110112030202030212021202122210311201313011303022121223211331030313132112233222232313031302
000102000010100010000202011010020010011030030110112110112030202030212021202122210311201313011303022121223211331030313132112233222232313031303
000102000010100010000202011010020010011030030110112110112030202030212021202122210311201313011303022121223211331030313132112233222232313032
000102000010100010000202011010020010011030030110112110112030202030212021202122210311201313011303022121223211331030313132112233222232313033
000102000010100010000202011010020010011030030110112110112030202030212021202122210311201313011303022121223211331030313132113
00010200001010001000020201101002001001103003011011211011203020203021202120212221031120131301130302213
00010200001010001000020201101002001001103003011011211011203020203021202120212221031120131301130302223
000102000010100010000202011010020010011030030110112110112030202030212021203
00010201
00010202
00010203
00010210
00010211
00010212
00010213
00010220
00010221
00010222
00010223
00010230
00010231
00010232
00010233
00011
00012
00013
001
002
003
2000100010000201030020110100200100110
200010001000020103002011010020010011112100
200010001000020103002011010020010011112101301110112030202030212021202122210311201
2000100010000201030020110100200100111121013011101120302020302120212021222103112022120303130103211130
2000100010000201030020110100200100111121013011101120302020302120212021222103112022120303130103211131223221020
2000100010000201030020110100200100111121013011101120302020302120212021222103112022120303130103211131223221021
2000100010000201030020110100200100111121013011101120302020302120212021222103112022120303130103211131223221022
200010001000020103002011010020010011112101301110112030202030212021202122210311202212030313010321113122322102331120
200010001000020103002011010020010011112101301110112030202030212021202122210311202212030313010321113122322102331121
20001000100002010300201101002001001111210130111011203020203021202120212221031120221203031301032111312232210233112232
200010001000020103002011010020010011112101301110112030202030212021202122210311202212030313010321113122322102331122330312
2000100010000201030020110100200100111121013011101120302020302120212021222103112022120303130103211131223221023311223303131322332
20001000100002010300201101002001001111210130111011203020203021202120212221031120221203031301032111312232210233112233031313223330
200010001000020103002011010020010011112101301110112030202030212021202122210311202212030313010321113122322102331122330313132233313000010200
200010001000020103002011010020010011112101301110112030202030212021202122210311202212030313010321113122322102331122330313132233313000010201
200010001000020103002011010020010011112101301110112030202030212021202122210311202212030313010321113122322102331122330313132233313000010202
200010001000020103002011010020010011112101301110112030202030212021202122210311202212030313010321113122322102331122330313132233313000010203
200010001000020103002011010020010011112101301110112030202030212021202122210311202212030313010321113122322102331122330313132233313000010210322313030
200010001000020103002011010020010011112101301110112030202030212021202122210311202212030313010321113122322102331122330313132233313000010210322313031
200010001000020103002011010020010011112101301110112030202030212021202122210311202212030313010321113122322102331122330313132233313000010210322313032313
20001000100002010300201101002001001111210130111011203020203021202120212221031120221203031301032111312232210233112233031313223331300001021032231303232
20001000100002010300201101002001001111210130111011203020203021202120212221031120221203031301032111312232210233112233031313223331300001021032231303233310
20001000100002010300201101002001001111210130111011203020203021202120212221031120221203031301032111312232210233112233031313223331300001021032231303233311
20001000100002010300201101002001001111210130111011203020203021202120212221031120221203031301032111312232210233112233031313223331300001021032231303233312
2000100010000201030020110100200100111121013011101120302020302120212021222103112022120303130103211131223221023311223303131322333130000102103223130323331332321
2000100010000201030020110100200100111121013011101120302020302120212021222103112022120303130103211131223221023311223303131322333130000102103223130323331332322
2000100010000201030020110100200100111121013011101120302020302120212021222103112022120303130103211131223221023311223303131322333130000102103223130323331332323
200010001000020103002011010020010011112101301110112030202030212021202122210311202212030313010321113122322102331122330313132233313000010210322313032333133233023
20001000100002010300201101002001001111210130111011203020203021202120212221031120221203031301032111312232210233112233031313223331300001021032231303233313323303
20001000100002010300201101002001001111210130111011203020203021202120212221031120221203031301032111312232210233112233031313223331300001021032231303233313323312
20001000100002010300201101002001001111210130111011203020203021202120212221031120221203031301032111312232210233112233031313223331300001021032231303233313323313
20001000100002010300201101002001001111210130111011203020203021202120212221031120221203031301032111312232210233112233031313223331300001021032231303233313323321
20001000100002010300201101002001001111210130111011203020203021202120212221031120221203031301032111312232210233112233031313223331300001021032231303233313323322
20001000100002010300201101002001001111210130111011203020203021202120212221031120221203031301032111312232210233112233031313223331300001021032231303233313323323
200010001000020103002011010020010011112101301110112030202030212021202122210311202212030313010321113122322102331122330313132233313000010210322313032333133233310
200010001000020103002011010020010011112101301110112030202030212021202122210311202212030313010321113122322102331122330313132233313000010210322313032333133233311
20001000100002010300201101002001001111210130111011203020203021202120212221031120221203031301032111312232210233112233031313223331300001021032231303233313323331232
20001000100002010300201101002001001111210130111011203020203021202120212221031120221203031301032111312232210233112233031313223331300001021032231303233313323331233
2000100010000201030020110100200100111121013011101120302020302120212021222103112022120303130103211131223221023311223303131322333130000102103223130323331332333133
2000100010000201030020110100200100111121013011101120302020302120212021222103112022120303130103211131223221023311223303131322333130000102103223130323331332333202
2000100010000201030020110100200100111121013011101120302020302120212021222103112022120303130103211131223221023311223303131322333130000102103223130323331332333203
2000100010000201030020110100200100111121013011101120302020302120212021222103112022120303130103211131223221023311223303131322333130000102103223130323331332333211
2000100010000201030020110100200100111121013011101120302020302120212021222103112022120303130103211131223221023311223303131322333130000102103223130323331332333212
200010001000020103002011010020010011112101301110112030202030212021202122210311202212030313010321113122322102331122330313132233313000010210322313032333133233321330
200010001000020103002011010020010011112101301110112030202030212021202122210311202212030313010321113122322102331122330313132233313000010210322313032333133233321331
200010001000020103002011010020010011112101301110112030202030212021202122210311202212030313010321113122322102331122330313132233313000010210322313032333133233321332
200010001000020103002011010020010011112101301110112030202030212021202122210311202212030313010321113122322102331122330313132233313000010210322313032333133233321333
2000100010000201030020110100200100111121013011101120302020302120212021222103112022120303130103211131223221023311223303131322333130000102103223130323331332333221
2000100010000201030020110100200100111121013011101120302020302120212021222103112022120303130103211131223221023311223303131322333130000102103223130323331332333222
2000100010000201030020110100200100111121013011101120302020302120212021222103112022120303130103211131223221023311223303131322333130000102103223130323331332333223
2000100010000201030020110100200100111121013011101120302020302120212021222103112022120303130103211131223221023311223303131322333130000102103223130323331332333230
2000100010000201030020110100200100111121013011101120302020302120212021222103112022120303130103211131223221023311223303131322333130000102103223130323331332333231
2000100010000201030020110100200100111121013011101120302020302120212021222103112022120303130103211131223221023311223303131322333130000102103223130323331332333232
2000100010000201030020110100200100111121013011101120302020302120212021222103112022120303130103211131223221023311223303131322333130000102103223130323331332333233
200010001000020103002011010020010011112101301110112030202030212021202122210311202212030313010321113122322102331122330313132233313000010210322313033
2000100010000201030020110100200100111121013011101120302020302120212021222103112022120303130103211131223221023311223303131322333130000102113
200010001000020103002011010020010011112101301110112030202030212021202122210311202212030313010321113122322102331122330313132233313000010212
200010001000020103002011010020010011112101301110112030202030212021202122210311202212030313010321113122322102331122330313132233313000010213
2000100010000201030020110100200100111121013011101120302020302120212021222103112022120303130103211131223221023311223303131322333130000102201
2000100010000201030020110100200100111121013011101120302020302120212021222103112022120303130103211131223221023311223303131322333130000102202
2000100010000201030020110100200100111121013011101120302020302120212021222103112022120303130103211131223221023311223303131322333130000102203
200010001000020103002011010020010011112101301110112030202030212021202122210311202212030313010321113122322102331122330313132233313000010221
200010001000020103002011010020010011112101301110112030202030212021202122210311202212030313010321113122322102331122330313132233313000010222
200010001000020103002011010020010011112101301110112030202030212021202122210311202212030313010321113122322102331122330313132233313000010223
200010001000020103002011010020010011112101301110112030202030212021202122210311202212030313010321113122322102331122330313132233313000010230
200010001000020103002011010020010011112101301110112030202030212021202122210311202212030313010321113122322102331122330313132233313000010231
200010001000020103002011010020010011112101301110112030202030212021202122210311202212030313010321113122322102331122330313132233313000010232
200010001000020103002011010020010011112101301110112030202030212021202122210311202212030313010321113122322102331122330313132233313000010233
200010001000020103002011010020010011112101301110112030202030212021202122210311202212030313010321113122322102331122330313132233313000011
200010001000020103002011010020010011112101301110112030202030212021202122210311202212030313010321113122322102331122330313132233313000012
200010001000020103002011010020010011112101301110112030202030212021202122210311202212030313010321113122322102331122330313132233313000013
2000100010000201030020110100200100111121013011101120302020302120212021222103112022120303130103211131223221023311223303131322333130001
2000100010000201030020110100200100111121013011101120302020302120212021222103112022120303130103211131223221023311223303131322333130002
2000100010000201030020110100200100111121013011101120302020302120212021222103112022120303130103211131223221023311223303131322333130003
200010001000020103002011010020010011112101301110112030202030212021202122210311202213
200010001000020103002011010020010011112101301110112030202030212021202122210311202223
200010001000020103002011010020010011112101301110112030202030212021203
10000010001001002001001102010300201103020203021201100
10000010001001002001001102010300201103020203021201101121101120
1000001000100100200100110201030020110302020302120110112110112130000102003021202122210311201313010
1000001000100100200100110201030020110302020302120110112110112130000102003021202122210311201313011303022120
1000001000100100200100110201030020110302020302120110112110112130000102003021202122210311201313011303022121223211331020
1000001000100100200100110201030020110302020302120110112110112130000102003021202122210311201313011303022121223211331021
1000001000100100200100110201030020110302020302120110112110112130000102003021202122210311201313011303022121223211331022
1000001000100100200100110201030020110302020302120110112110112130000102003021202122210311201313011303022121223211331023
1000001000100100200100110201030020110302020302120110112110112130000102003021202122210311201313011303022121223211331030312
10000010001001002001001102010300201103020203021201101121101121300001020030212021222103112013130113030221212232113310303131321120
10000010001001002001001102010300201103020203021201101121101121300001020030212021222103112013130113030221212232113310303131321121
1000001000100100200100110201030020110302020302120110112110112130000102003021202122210311201313011303022121223211331030313132112231
1000001000100100200100110201030020110302020302120110112110112130000102003021202122210311201313011303022121223211331030313132112232
1000001000100100200100110201030020110302020302120110112110112130000102003021202122210311201313011303022121223211331030313132112233222232313030
1000001000100100200100110201030020110302020302120110112110112130000102003021202122210311201313011303022121223211331030313132112233222232313031
100000100010010020010011020103002011030202030212011011211011213000010200302120212221031120131301130302212122321133103031313211223322223231303231
100000100010010020010011020103002011030202030212011011211011213000010200302120212221031120131301130302212122321133103031313211223322223231303232
100000100010010020010011020103002011030202030212011011211011213000010200302120212221031120131301130302212122321133103031313211223322223231303233311
100000100010010020010011020103002011030202030212011011211011213000010200302120212221031120131301130302212122321133103031313211223322223231303233312
10000010001001002001001102010300201103020203021201101121101121300001020030212021222103112013130113030221212232113310303131321122332222323130323331332320
10000010001001002001001102010300201103020203021201101121101121300001020030212021222103112013130113030221212232113310303131321122332222323130323331332321
10000010001001002001001102010300201103020203021201101121101121300001020030212021222103112013130113030221212232113310303131321122332222323130323331332322
1000001000100100200100110201030020110302020302120110112110112130000102003021202122210311201313011303022121223211331030313132112233222232313032333133232332
10000010001001002001001102010300201103020203021201101121101121300001020030212021222103112013130113030221212232113310303131321122332222323130323331332323330
10000010001001002001001102010300201103020203021201101121101121300001020030212021222103112013130113030221212232113310303131321122332222323130323331332323331
10000010001001002001001102010300201103020203021201101121101121300001020030212021222103112013130113030221212232113310303131321122332222323130323331332323332
10000010001001002001001102010300201103020203021201101121101121300001020030212021222103112013130113030221212232113310303131321122332222323130323331332323333
1000001000100100200100110201030020110302020302120110112110112130000102003021202122210311201313011303022121223211331030313132112233222232313032333133233023
100000100010010020010011020103002011030202030212011011211011213000010200302120212221031120131301130302212122321133103031313211223322223231303233313323303
100000100010010020010011020103002011030202030212011011211011213000010200302120212221031120131301130302212122321133103031313211223322223231303233313323311
100000100010010020010011020103002011030202030212011011211011213000010200302120212221031120131301130302212122321133103031313211223322223231303233313323312
100000100010010020010011020103002011030202030212011011211011213000010200302120212221031120131301130302212122321133103031313211223322223231303233313323313
100000100010010020010011020103002011030202030212011011211011213000010200302120212221031120131301130302212122321133103031313211223322223231303233313323322
100000100010010020010011020103002011030202030212011011211011213000010200302120212221031120131301130302212122321133103031313211223322223231303233313323323
10000010001001002001001102010300201103020203021201101121101121300001020030212021222103112013130113030221212232113310303131321122332222323130323331332333103
1000001000100100200100110201030020110302020302120110112110112130000102003021202122210311201313011303022121223211331030313132112233222232313032333133233311
10000010001001002001001102010300201103020203021201101121101121300001020030212021222103112013130113030221212232113310303131321122332222323130323331332333123
10000010001001002001001102010300201103020203021201101121101121300001020030212021222103112013130113030221212232113310303131321122332222323130323331332333133
10000010001001002001001102010300201103020203021201101121101121300001020030212021222103112013130113030221212232113310303131321122332222323130323331332333202
10000010001001002001001102010300201103020203021201101121101121300001020030212021222103112013130113030221212232113310303131321122332222323130323331332333203
10000010001001002001001102010300201103020203021201101121101121300001020030212021222103112013130113030221212232113310303131321122332222323130323331332333211
10000010001001002001001102010300201103020203021201101121101121300001020030212021222103112013130113030221212232113310303131321122332222323130323331332333212
1000001000100100200100110201030020110302020302120110112110112130000102003021202122210311201313011303022121223211331030313132112233222232313032333133233321330
1000001000100100200100110201030020110302020302120110112110112130000102003021202122210311201313011303022121223211331030313132112233222232313032333133233321331
1000001000100100200100110201030020110302020302120110112110112130000102003021202122210311201313011303022121223211331030313132112233222232313032333133233321332
1000001000100100200100110201030020110302020302120110112110112130000102003021202122210311201313011303022121223211331030313132112233222232313032333133233321333
10000010001001002001001102010300201103020203021201101121101121300001020030212021222103112013130113030221212232113310303131321122332222323130323331332333222
10000010001001002001001102010300201103020203021201101121101121300001020030212021222103112013130113030221212232113310303131321122332222323130323331332333223
10000010001001002001001102010300201103020203021201101121101121300001020030212021222103112013130113030221212232113310303131321122332222323130323331332333230
10000010001001002001001102010300201103020203021201101121101121300001020030212021222103112013130113030221212232113310303131321122332222323130323331332333231
10000010001001002001001102010300201103020203021201101121101121300001020030212021222103112013130113030221212232113310303131321122332222323130323331332333232
10000010001001002001001102010300201103020203021201101121101121300001020030212021222103112013130113030221212232113310303131321122332222323130323331332333233
1000001000100100200100110201030020110302020302120110112110112130000102003021202122210311201313011303022121223211331030313132112233222232313033
1000001000100100200100110201030020110302020302120110112110112130000102003021202122210311201313011303022121223211331030313132113
100000100010010020010011020103002011030202030212011011211011213000010200302120212221031120131301130302213
100000100010010020010011020103002011030202030212011011211011213000010200302120212221031120131301130302223
1000001000100100200100110201030020110302020302120110112110112130000102003021203
100000100010010020010011020103002011030202030212011011211011213000010201
100000100010010020010011020103002011030202030212011011211011213000010202
100000100010010020010011020103002011030202030212011011211011213000010203
100000100010010020010011020103002011030202030212011011211011213000010210
100000100010010020010011020103002011030202030212011011211011213000010211
100000100010010020010011020103002011030202030212011011211011213000010212
100000100010010020010011020103002011030202030212011011211011213000010213
1000001000100100200100110201030020110302020302120110112110112130000102201
1000001000100100200100110201030020110302020302120110112110112130000102202
1000001000100100200100110201030020110302020302120110112110112130000102203
100000100010010020010011020103002011030202030212011011211011213000010221
100000100010010020010011020103002011030202030212011011211011213000010222
100000100010010020010011020103002011030202030212011011211011213000010223
100000100010010020010011020103002011030202030212011011211011213000010230
100000100010010020010011020103002011030202030212011011211011213000010231
100000100010010020010011020103002011030202030212011011211011213000010232
100000100010010020010011020103002011030202030212011011211011213000010233
100000100010010020010011020103002011030202030212011011211011213000011
100000100010010020010011020103002011030202030212011011211011213000012
100000100010010020010011020103002011030202030212011011211011213000013
1000001000100100200100110201030020110302020302120110112110112130001
1000001000100100200100110201030020110302020302120110112110112130002
1000001000100100200100110201030020110302020302120110112110112130003
300000001000101010100200110201030020111203020203021201100
30000000100010101010020011020103002011120302020302120110112110210212021222201303112110313011303022120
30000000100010101010020011020103002011120302020302120110112110210212021222201303112110313011303022121223221020
30000000100010101010020011020103002011120302020302120110112110210212021222201303112110313011303022121223221021
30000000100010101010020011020103002011120302020302120110112110210212021222201303112110313011303022121223221022
3000000010001010101002001102010300201112030202030212011011211021021202122220130311211031301130302212122322102331120
3000000010001010101002001102010300201112030202030212011011211021021202122220130311211031301130302212122322102331121
3000000010001010101002001102010300201112030202030212011011211021021202122220130311211031301130302212122322102331122313
300000001000101010100200110201030020111203020203021201101121102102120212222013031121103130113030221212232210233112232
3000000010001010101002001102010300201112030202030212011011211021021202122220130311211031301130302212122322102331122330312
300000001000101010100200110201030020111203020203021201101121102102120212222013031121103130113030221212232210233112233031313223231300010200
300000001000101010100200110201030020111203020203021201101121102102120212222013031121103130113030221212232210233112233031313223231300010201
300000001000101010100200110201030020111203020203021201101121102102120212222013031121103130113030221212232210233112233031313223231300010202
300000001000101010100200110201030020111203020203021201101121102102120212222013031121103130113030221212232210233112233031313223231300010203
3000000010001010101002001102010300201112030202030212011011211021021202122220130311211031301130302212122322102331122330313132232313000102103232
30000000100010101010020011020103002011120302020302120110112110210212021222201303112110313011303022121223221023311223303131322323130001021032330
3000000010001010101002001102010300201112030202030212011011211021021202122220130311211031301130302212122322102331122330313132232313000102103233130030
3000000010001010101002001102010300201112030202030212011011211021021202122220130311211031301130302212122322102331122330313132232313000102103233130031
300000001000101010100200110201030020111203020203021201101121102102120212222013031121103130113030221212232210233112233031313223231300010210323313003231
300000001000101010100200110201030020111203020203021201101121102102120212222013031121103130113030221212232210233112233031313223231300010210323313003232
300000001000101010100200110201030020111203020203021201101121102102120212222013031121103130113030221212232210233112233031313223231300010210323313003233310
300000001000101010100200110201030020111203020203021201101121102102120212222013031121103130113030221212232210233112233031313223231300010210323313003233311
300000001000101010100200110201030020111203020203021201101121102102120212222013031121103130113030221212232210233112233031313223231300010210323313003233312
30000000100010101010020011020103002011120302020302120110112110210212021222201303112110313011303022121223221023311223303131322323130001021032331300323331332320
30000000100010101010020011020103002011120302020302120110112110210212021222201303112110313011303022121223221023311223303131322323130001021032331300323331332321
30000000100010101010020011020103002011120302020302120110112110210212021222201303112110313011303022121223221023311223303131322323130001021032331300323331332322
300000001000101010100200110201030020111203020203021201101121102102120212222013031121103130113030221212232210233112233031313223231300010210323313003233313323233
300000001000101010100200110201030020111203020203021201101121102102120212222013031121103130113030221212232210233112233031313223231300010210323313003233313323311
300000001000101010100200110201030020111203020203021201101121102102120212222013031121103130113030221212232210233112233031313223231300010210323313003233313323312
300000001000101010100200110201030020111203020203021201101121102102120212222013031121103130113030221212232210233112233031313223231300010210323313003233313323313
300000001000101010100200110201030020111203020203021201101121102102120212222013031121103130113030221212232210233112233031313223231300010210323313003233313323321
300000001000101010100200110201030020111203020203021201101121102102120212222013031121103130113030221212232210233112233031313223231300010210323313003233313323322
300000001000101010100200110201030020111203020203021201101121102102120212222013031121103130113030221212232210233112233031313223231300010210323313003233313323323
30000000100010101010020011020103002011120302020302120110112110210212021222201303112110313011303022121223221023311223303131322323130001021032331300323331332333103
3000000010001010101002001102010300201112030202030212011011211021021202122220130311211031301130302212122322102331122330313132232313000102103233130032333133233311
300000001000101010100200110201030020111203020203021201101121102102120212222013031121103130113030221212232210233112233031313223231300010210323313003233313323331232
300000001000101010100200110201030020111203020203021201101121102102120212222013031121103130113030221212232210233112233031313223231300010210323313003233313323331233
30000000100010101010020011020103002011120302020302120110112110210212021222201303112110313011303022121223221023311223303131322323130001021032331300323331332333133
30000000100010101010020011020103002011120302020302120110112110210212021222201303112110313011303022121223221023311223303131322323130001021032331300323331332333202
30000000100010101010020011020103002011120302020302120110112110210212021222201303112110313011303022121223221023311223303131322323130001021032331300323331332333203
30000000100010101010020011020103002011120302020302120110112110210212021222201303112110313011303022121223221023311223303131322323130001021032331300323331332333211
30000000100010101010020011020103002011120302020302120110112110210212021222201303112110313011303022121223221023311223303131322323130001021032331300323331332333212
3000000010001010101002001102010300201112030202030212011011211021021202122220130311211031301130302212122322102331122330313132232313000102103233130032333133233321330
3000000010001010101002001102010300201112030202030212011011211021021202122220130311211031301130302212122322102331122330313132232313000102103233130032333133233321331
3000000010001010101002001102010300201112030202030212011011211021021202122220130311211031301130302212122322102331122330313132232313000102103233130032333133233321332
3000000010001010101002001102010300201112030202030212011011211021021202122220130311211031301130302212122322102331122330313132232313000102103233130032333133233321333
30000000100010101010020011020103002011120302020302120110112110210212021222201303112110313011303022121223221023311223303131322323130001021032331300323331332333222
30000000100010101010020011020103002011120302020302120110112110210212021222201303112110313011303022121223221023311223303131322323130001021032331300323331332333223
30000000100010101010020011020103002011120302020302120110112110210212021222201303112110313011303022121223221023311223303131322323130001021032331300323331332333230
30000000100010101010020011020103002011120302020302120110112110210212021222201303112110313011303022121223221023311223303131322323130001021032331300323331332333231
30000000100010101010020011020103002011120302020302120110112110210212021222201303112110313011303022121223221023311223303131322323130001021032331300323331332333232
30000000100010101010020011020103002011120302020302120110112110210212021222201303112110313011303022121223221023311223303131322323130001021032331300323331332333233
3000000010001010101002001102010300201112030202030212011011211021021202122220130311211031301130302212122322102331122330313132232313000102103233130033
30000000100010101010020011020103002011120302020302120110112110210212021222201303112110313011303022121223221023311223303131322323130001021032331301
30000000100010101010020011020103002011120302020302120110112110210212021222201303112110313011303022121223221023311223303131322323130001021032331302
30000000100010101010020011020103002011120302020302120110112110210212021222201303112110313011303022121223221023311223303131322323130001021032331303
3000000010001010101002001102010300201112030202030212011011211021021202122220130311211031301130302212122322102331122330313132232313000102113
300000001000101010100200110201030020111203020203021201101121102102120212222013031121103130113030221212232210233112233031313223231300010212
300000001000101010100200110201030020111203020203021201101121102102120212222013031121103130113030221212232210233112233031313223231300010213
300000001000101010100200110201030020111203020203021201101121102102120212222013031121103130113030221212232210233112233031313223231300010220
300000001000101010100200110201030020111203020203021201101121102102120212222013031121103130113030221212232210233112233031313223231300010221
300000001000101010100200110201030020111203020203021201101121102102120212222013031121103130113030221212232210233112233031313223231300010222
300000001000101010100200110201030020111203020203021201101121102102120212222013031121103130113030221212232210233112233031313223231300010223
300000001000101010100200110201030020111203020203021201101121102102120212222013031121103130113030221212232210233112233031313223231300010230
300000001000101010100200110201030020111203020203021201101121102102120212222013031121103130113030221212232210233112233031313223231300010231
300000001000101010100200110201030020111203020203021201101121102102120212222013031121103130113030221212232210233112233031313223231300010232
300000001000101010100200110201030020111203020203021201101121102102120212222013031121103130113030221212232210233112233031313223231300010233
300000001000101010100200110201030020111203020203021201101121102102120212222013031121103130113030221212232210233112233031313223231300011
300000001000101010100200110201030020111203020203021201101121102102120212222013031121103130113030221212232210233112233031313223231300012
300000001000101010100200110201030020111203020203021201101121102102120212222013031121103130113030221212232210233112233031313223231300013
3000000010001010101002001102010300201112030202030212011011211021021202122220130311211031301130302212122322102331122330313132232313001
3000000010001010101002001102010300201112030202030212011011211021021202122220130311211031301130302212122322102331122330313132232313002
3000000010001010101002001102010300201112030202030212011011211021021202122220130311211031301130302212122322102331122330313132232313003
3000000010001010101002001102010300201112030202030212011011211021021202122220130311211031301130302213
3000000010001010101002001102010300201112030202030212011011211021021202122220130311211031301130302223
3000000010001010101002001102010300201112030202030212011011211021021203
300000001000101010100200110201030020111203020203021201101121103
