0000001000102000030100101020003011202101100102100103010
000000100010200003010010102000301120210110010210010301131120202011020112202203120111030123032112202130
000000100010200003010010102000301120210110010210010301131120202011020112202203120111030123032112202131
000000100010200003010010102000301120210110010210010301131120202011020112202203120111030123032112202132
0000001000102000030100101020003011202101100102100103011311202020110201122022031201110301230321122021333
0000001000102000030100101020003011202101100102100103011311202020110201122022031201110301230321122022112200
000000100010200003010010102000301120210110010210010301131120202011020112202203120111030123032112202211220130211303
00000010001020000301001010200030112021011001021001030113112020201102011220220312011103012303211220221122013021131210
00000010001020000301001010200030112021011001021001030113112020201102011220220312011103012303211220221122013021131211
000000100010200003010010102000301120210110010210010301131120202011020112202203120111030123032112202211220130211312122002300
0000001000102000030100101020003011202101100102100103011311202020110201122022031201110301230321122022112201302113121220023013
000000100010200003010010102000301120210110010210010301131120202011020112202203120111030123032112202211220130211312122002302110221
00000010001020000301001010200030112021011001021001030113112020201102011220220312011103012303211220221122013021131212200230211022230
00000010001020000301001010200030112021011001021001030113112020201102011220220312011103012303211220221122013021131212200230211022231
00000010001020000301001010200030112021011001021001030113112020201102011220220312011103012303211220221122013021131212200230211022232332312130231201
00000010001020000301001010200030112021011001021001030113112020201102011220220312011103012303211220221122013021131212200230211022232332312130231202
000000100010200003010010102000301120210110010210010301131120202011020112202203120111030123032112202211220130211312122002302110222323323121302312030210
000000100010200003010010102000301120210110010210010301131120202011020112202203120111030123032112202211220130211312122002302110222323323121302312030211
000000100010200003010010102000301120210110010210010301131120202011020112202203120111030123032112202211220130211312122002302110222323323121302312030212
00000010001020000301001010200030112021011001021001030113112020201102011220220312011103012303211220221122013021131212200230211022232332312130231203021331
00000010001020000301001010200030112021011001021001030113112020201102011220220312011103012303211220221122013021131212200230211022232332312130231203021332
0000001000102000030100101020003011202101100102100103011311202020110201122022031201110301230321122022112201302113121220023021102223233231213023120302133301310320
0000001000102000030100101020003011202101100102100103011311202020110201122022031201110301230321122022112201302113121220023021102223233231213023120302133301310321
0000001000102000030100101020003011202101100102100103011311202020110201122022031201110301230321122022112201302113121220023021102223233231213023120302133301310322232
0000001000102000030100101020003011202101100102100103011311202020110201122022031201110301230321122022112201302113121220023021102223233231213023120302133301310322233
0000001000102000030100101020003011202101100102100103011311202020110201122022031201110301230321122022112201302113121220023021102223233231213023120302133301310323
00000010001020000301001010200030112021011001021001030113112020201102011220220312011103012303211220221122013021131212200230211022232332312130231203021333013103302031
000000100010200003010010102000301120210110010210010301131120202011020112202203120111030123032112202211220130211312122002302110222323323121302312030213330131033020320
000000100010200003010010102000301120210110010210010301131120202011020112202203120111030123032112202211220130211312122002302110222323323121302312030213330131033020321
000000100010200003010010102000301120210110010210010301131120202011020112202203120111030123032112202211220130211312122002302110222323323121302312030213330131033020322
000000100010200003010010102000301120210110010210010301131120202011020112202203120111030123032112202211220130211312122002302110222323323121302312030213330131033020323
0000001000102000030100101020003011202101100102100103011311202020110201122022031201110301230321122022112201302113121220023021102223233231213023120302133301310330203303
000000100010200003010010102000301120210110010210010301131120202011020112202203120111030123032112202211220130211312122002302110222323323121302312030213330131033020331
0000001000102000030100101020003011202101100102100103011311202020110201122022031201110301230321122022112201302113121220023021102223233231213023120302133301310330203321132113
0000001000102000030100101020003011202101100102100103011311202020110201122022031201110301230321122022112201302113121220023021102223233231213023120302133301310330203321132122
00000010001020000301001010200030112021011001021001030113112020201102011220220312011103012303211220221122013021131212200230211022232332312130231203021333013103302033211321231
00000010001020000301001010200030112021011001021001030113112020201102011220220312011103012303211220221122013021131212200230211022232332312130231203021333013103302033211321232
000000100010200003010010102000301120210110010210010301131120202011020112202203120111030123032112202211220130211312122002302110222323323121302312030213330131033020332113212333031
000000100010200003010010102000301120210110010210010301131120202011020112202203120111030123032112202211220130211312122002302110222323323121302312030213330131033020332113212333032
000000100010200003010010102000301120210110010210010301131120202011020112202203120111030123032112202211220130211312122002302110222323323121302312030213330131033020332113212333033
0000001000102000030100101020003011202101100102100103011311202020110201122022031201110301230321122022112201302113121220023021102223233231213023120302133301310330203321132131
0000001000102000030100101020003011202101100102100103011311202020110201122022031201110301230321122022112201302113121220023021102223233231213023120302133301310330203321132132
0000001000102000030100101020003011202101100102100103011311202020110201122022031201110301230321122022112201302113121220023021102223233231213023120302133301310330203321132133
0000001000102000030100101020003011202101100102100103011311202020110201122022031201110301230321122022112201302113121220023021102223233231213023120302133301310330203321133
00000010001020000301001010200030112021011001021001030113112020201102011220220312011103012303211220221122013021131212200230211022232332312130231203021333013103302033212
00000010001020000301001010200030112021011001021001030113112020201102011220220312011103012303211220221122013021131212200230211022232332312130231203021333013103302033213
000000100010200003010010102000301120210110010210010301131120202011020112202203120111030123032112202211220130211312122002302110222323323121302312030213330131033020332212
000000100010200003010010102000301120210110010210010301131120202011020112202203120111030123032112202211220130211312122002302110222323323121302312030213330131033020332213
000000100010200003010010102000301120210110010210010301131120202011020112202203120111030123032112202211220130211312122002302110222323323121302312030213330131033020332222
000000100010200003010010102000301120210110010210010301131120202011020112202203120111030123032112202211220130211312122002302110222323323121302312030213330131033020332223
00000010001020000301001010200030112021011001021001030113112020201102011220220312011103012303211220221122013021131212200230211022232332312130231203021333013103302033223103
0000001000102000030100101020003011202101100102100103011311202020110201122022031201110301230321122022112201302113121220023021102223233231213023120302133301310330203322311
0000001000102000030100101020003011202101100102100103011311202020110201122022031201110301230321122022112201302113121220023021102223233231213023120302133301310330203322312
0000001000102000030100101020003011202101100102100103011311202020110201122022031201110301230321122022112201302113121220023021102223233231213023120302133301310330203322313203
000000100010200003010010102000301120210110010210010301131120202011020112202203120111030123032112202211220130211312122002302110222323323121302312030213330131033020332231321
00000010001020000301001010200030112021011001021001030113112020201102011220220312011103012303211220221122013021131212200230211022232332312130231203021333013103302033223132230
00000010001020000301001010200030112021011001021001030113112020201102011220220312011103012303211220221122013021131212200230211022232332312130231203021333013103302033223132231
00000010001020000301001010200030112021011001021001030113112020201102011220220312011103012303211220221122013021131212200230211022232332312130231203021333013103302033223132232
00000010001020000301001010200030112021011001021001030113112020201102011220220312011103012303211220221122013021131212200230211022232332312130231203021333013103302033223132233
00000010001020000301001010200030112021011001021001030113112020201102011220220312011103012303211220221122013021131212200230211022232332312130231203021333013103302033223133
00000010001020000301001010200030112021011001021001030113112020201102011220220312011103012303211220221122013021131212200230211022232332312130231203021333013103302033231
00000010001020000301001010200030112021011001021001030113112020201102011220220312011103012303211220221122013021131212200230211022232332312130231203021333013103302033232
00000010001020000301001010200030112021011001021001030113112020201102011220220312011103012303211220221122013021131212200230211022232332312130231203021333013103302033233
0000001000102000030100101020003011202101100102100103011311202020110201122022031201110301230321122022112201302113121220023021102223233231213023120303
00000010001020000301001010200030112021011001021001030113112020201102011220220312011103012303211220221122013021131212200230211022232332312130231211
00000010001020000301001010200030112021011001021001030113112020201102011220220312011103012303211220221122013021131212200230211022232332312130231212
00000010001020000301001010200030112021011001021001030113112020201102011220220312011103012303211220221122013021131212200230211022232332312130231213
000000100010200003010010102000301120210110010210010301131120202011020112202203120111030123032112202211220130211312122002302110222323323121302312230
000000100010200003010010102000301120210110010210010301131120202011020112202203120111030123032112202211220130211312122002302110222323323121302312231
000000100010200003010010102000301120210110010210010301131120202011020112202203120111030123032112202211220130211312122002302110222323323121302312232
000000100010200003010010102000301120210110010210010301131120202011020112202203120111030123032112202211220130211312122002302110222323323121302312233
000000100010200003010010102000301120210110010210010301131120202011020112202203120111030123032112202211220130211312122002302110222323323121302313
000000100010200003010010102000301120210110010210010301131120202011020112202203120111030123032112202211220130211312122002302110222323323121302323
00000010001020000301001010200030112021011001021001030113112020201102011220220312011103012303211220221122013021131212200230211022232332312130233
000000100010200003010010102000301120210110010210010301131120202011020112202203120111030123032112202211220130211312122002302110222323323121303
0000001000102000030100101020003011202101100102100103011311202020110201122022031201110301230321122022112201302113122
0000001000102000030100101020003011202101100102100103011311202020110201122022031201110301230321122022112201302113123
000000100010200003010010102000301120210110010210010301131120202011020112202203120111030123032112202212
000000100010200003010010102000301120210110010210010301131120202011020112202203120111030123032112202213
0000001000102000030100101020003011202101100102100103011311202020110201122022031201110301230321123
0000001000102000030100101020003011202101100102100103011311202020110201122022031202
0000001000102000030100101020003011202101100102100103011311202020110201122022031203
000000100010200003010010102000301120210110010210010301131120202011020113
00000010001020000301001010200030112021011001021001030113112020201103
200000001000102000112100010102001100102100102203030103010311020111202020120111030113122023032112202130
200000001000102000112100010102001100102100102203030103010311020111202020120111030113122023032112202131
200000001000102000112100010102001100102100102203030103010311020111202020120111030113122023032112202132
2000000010001020001121000101020011001021001022030301030103110201112020201201110301131220230321122021333
2000000010001020001121000101020011001021001022030301030103110201112020201201110301131220230321122022112200
200000001000102000112100010102001100102100102203030103010311020111202020120111030113122023032112202211220130211303
20000000100010200011210001010200110010210010220303010301031102011120202012011103011312202303211220221122013021131210
20000000100010200011210001010200110010210010220303010301031102011120202012011103011312202303211220221122013021131211
200000001000102000112100010102001100102100102203030103010311020111202020120111030113122023032112202211220130211312122002300
2000000010001020001121000101020011001021001022030301030103110201112020201201110301131220230321122022112201302113121220023012
2000000010001020001121000101020011001021001022030301030103110201112020201201110301131220230321122022112201302113121220023013
200000001000102000112100010102001100102100102203030103010311020111202020120111030113122023032112202211220130211312122002302110221
20000000100010200011210001010200110010210010220303010301031102011120202012011103011312202303211220221122013021131212200230211022230
20000000100010200011210001010200110010210010220303010301031102011120202012011103011312202303211220221122013021131212200230211022231
20000000100010200011210001010200110010210010220303010301031102011120202012011103011312202303211220221122013021131212200230211022232332312130231201
20000000100010200011210001010200110010210010220303010301031102011120202012011103011312202303211220221122013021131212200230211022232332312130231202
200000001000102000112100010102001100102100102203030103010311020111202020120111030113122023032112202211220130211312122002302110222323323121302312030210
200000001000102000112100010102001100102100102203030103010311020111202020120111030113122023032112202211220130211312122002302110222323323121302312030211
200000001000102000112100010102001100102100102203030103010311020111202020120111030113122023032112202211220130211312122002302110222323323121302312030212
20000000100010200011210001010200110010210010220303010301031102011120202012011103011312202303211220221122013021131212200230211022232332312130231203021331
20000000100010200011210001010200110010210010220303010301031102011120202012011103011312202303211220221122013021131212200230211022232332312130231203021332
2000000010001020001121000101020011001021001022030301030103110201112020201201110301131220230321122022112201302113121220023021102223233231213023120302133301310320
2000000010001020001121000101020011001021001022030301030103110201112020201201110301131220230321122022112201302113121220023021102223233231213023120302133301310321
2000000010001020001121000101020011001021001022030301030103110201112020201201110301131220230321122022112201302113121220023021102223233231213023120302133301310322232
2000000010001020001121000101020011001021001022030301030103110201112020201201110301131220230321122022112201302113121220023021102223233231213023120302133301310322233
2000000010001020001121000101020011001021001022030301030103110201112020201201110301131220230321122022112201302113121220023021102223233231213023120302133301310323
20000000100010200011210001010200110010210010220303010301031102011120202012011103011312202303211220221122013021131212200230211022232332312130231203021333013103302031
200000001000102000112100010102001100102100102203030103010311020111202020120111030113122023032112202211220130211312122002302110222323323121302312030213330131033020320
200000001000102000112100010102001100102100102203030103010311020111202020120111030113122023032112202211220130211312122002302110222323323121302312030213330131033020321
200000001000102000112100010102001100102100102203030103010311020111202020120111030113122023032112202211220130211312122002302110222323323121302312030213330131033020322
200000001000102000112100010102001100102100102203030103010311020111202020120111030113122023032112202211220130211312122002302110222323323121302312030213330131033020323
2000000010001020001121000101020011001021001022030301030103110201112020201201110301131220230321122022112201302113121220023021102223233231213023120302133301310330203303
200000001000102000112100010102001100102100102203030103010311020111202020120111030113122023032112202211220130211312122002302110222323323121302312030213330131033020331
2000000010001020001121000101020011001021001022030301030103110201112020201201110301131220230321122022112201302113121220023021102223233231213023120302133301310330203321132113
2000000010001020001121000101020011001021001022030301030103110201112020201201110301131220230321122022112201302113121220023021102223233231213023120302133301310330203321132122
20000000100010200011210001010200110010210010220303010301031102011120202012011103011312202303211220221122013021131212200230211022232332312130231203021333013103302033211321231
20000000100010200011210001010200110010210010220303010301031102011120202012011103011312202303211220221122013021131212200230211022232332312130231203021333013103302033211321232
200000001000102000112100010102001100102100102203030103010311020111202020120111030113122023032112202211220130211312122002302110222323323121302312030213330131033020332113212333031
200000001000102000112100010102001100102100102203030103010311020111202020120111030113122023032112202211220130211312122002302110222323323121302312030213330131033020332113212333032
200000001000102000112100010102001100102100102203030103010311020111202020120111030113122023032112202211220130211312122002302110222323323121302312030213330131033020332113212333033
2000000010001020001121000101020011001021001022030301030103110201112020201201110301131220230321122022112201302113121220023021102223233231213023120302133301310330203321132131
2000000010001020001121000101020011001021001022030301030103110201112020201201110301131220230321122022112201302113121220023021102223233231213023120302133301310330203321132132
2000000010001020001121000101020011001021001022030301030103110201112020201201110301131220230321122022112201302113121220023021102223233231213023120302133301310330203321132133
2000000010001020001121000101020011001021001022030301030103110201112020201201110301131220230321122022112201302113121220023021102223233231213023120302133301310330203321133
20000000100010200011210001010200110010210010220303010301031102011120202012011103011312202303211220221122013021131212200230211022232332312130231203021333013103302033212
20000000100010200011210001010200110010210010220303010301031102011120202012011103011312202303211220221122013021131212200230211022232332312130231203021333013103302033213
200000001000102000112100010102001100102100102203030103010311020111202020120111030113122023032112202211220130211312122002302110222323323121302312030213330131033020332212
200000001000102000112100010102001100102100102203030103010311020111202020120111030113122023032112202211220130211312122002302110222323323121302312030213330131033020332213
200000001000102000112100010102001100102100102203030103010311020111202020120111030113122023032112202211220130211312122002302110222323323121302312030213330131033020332222
200000001000102000112100010102001100102100102203030103010311020111202020120111030113122023032112202211220130211312122002302110222323323121302312030213330131033020332223
20000000100010200011210001010200110010210010220303010301031102011120202012011103011312202303211220221122013021131212200230211022232332312130231203021333013103302033223103
2000000010001020001121000101020011001021001022030301030103110201112020201201110301131220230321122022112201302113121220023021102223233231213023120302133301310330203322311
2000000010001020001121000101020011001021001022030301030103110201112020201201110301131220230321122022112201302113121220023021102223233231213023120302133301310330203322312
2000000010001020001121000101020011001021001022030301030103110201112020201201110301131220230321122022112201302113121220023021102223233231213023120302133301310330203322313203
200000001000102000112100010102001100102100102203030103010311020111202020120111030113122023032112202211220130211312122002302110222323323121302312030213330131033020332231321
20000000100010200011210001010200110010210010220303010301031102011120202012011103011312202303211220221122013021131212200230211022232332312130231203021333013103302033223132230
20000000100010200011210001010200110010210010220303010301031102011120202012011103011312202303211220221122013021131212200230211022232332312130231203021333013103302033223132231
20000000100010200011210001010200110010210010220303010301031102011120202012011103011312202303211220221122013021131212200230211022232332312130231203021333013103302033223132232
20000000100010200011210001010200110010210010220303010301031102011120202012011103011312202303211220221122013021131212200230211022232332312130231203021333013103302033223132233
20000000100010200011210001010200110010210010220303010301031102011120202012011103011312202303211220221122013021131212200230211022232332312130231203021333013103302033223133
20000000100010200011210001010200110010210010220303010301031102011120202012011103011312202303211220221122013021131212200230211022232332312130231203021333013103302033231
20000000100010200011210001010200110010210010220303010301031102011120202012011103011312202303211220221122013021131212200230211022232332312130231203021333013103302033232
20000000100010200011210001010200110010210010220303010301031102011120202012011103011312202303211220221122013021131212200230211022232332312130231203021333013103302033233
2000000010001020001121000101020011001021001022030301030103110201112020201201110301131220230321122022112201302113121220023021102223233231213023120303
20000000100010200011210001010200110010210010220303010301031102011120202012011103011312202303211220221122013021131212200230211022232332312130231211
20000000100010200011210001010200110010210010220303010301031102011120202012011103011312202303211220221122013021131212200230211022232332312130231212
20000000100010200011210001010200110010210010220303010301031102011120202012011103011312202303211220221122013021131212200230211022232332312130231213
200000001000102000112100010102001100102100102203030103010311020111202020120111030113122023032112202211220130211312122002302110222323323121302312230
200000001000102000112100010102001100102100102203030103010311020111202020120111030113122023032112202211220130211312122002302110222323323121302312231
200000001000102000112100010102001100102100102203030103010311020111202020120111030113122023032112202211220130211312122002302110222323323121302312232
200000001000102000112100010102001100102100102203030103010311020111202020120111030113122023032112202211220130211312122002302110222323323121302312233
200000001000102000112100010102001100102100102203030103010311020111202020120111030113122023032112202211220130211312122002302110222323323121302313
200000001000102000112100010102001100102100102203030103010311020111202020120111030113122023032112202211220130211312122002302110222323323121302323
20000000100010200011210001010200110010210010220303010301031102011120202012011103011312202303211220221122013021131212200230211022232332312130233
200000001000102000112100010102001100102100102203030103010311020111202020120111030113122023032112202211220130211312122002302110222323323121303
2000000010001020001121000101020011001021001022030301030103110201112020201201110301131220230321122022112201302113122
2000000010001020001121000101020011001021001022030301030103110201112020201201110301131220230321122022112201302113123
200000001000102000112100010102001100102100102203030103010311020111202020120111030113122023032112202212
200000001000102000112100010102001100102100102203030103010311020111202020120111030113122023032112202213
2000000010001020001121000101020011001021001022030301030103110201112020201201110301131220230321123
20000000100010200011210001010200110010210010220303010301031102011120202012011103011313
2000000010001020001121000101020011001021001022030301030103110201112020201202
2000000010001020001121000101020011001021001022030301030103110201112020201203
20000000100010200011210001010200110010210010220303010301031103
10000001000112002000130103010010102000302101100102100103112020201102011220220312011103011
100000010001120020001301030100101020003021011001021001031120202011020112202203120111030123032112202130
100000010001120020001301030100101020003021011001021001031120202011020112202203120111030123032112202131
100000010001120020001301030100101020003021011001021001031120202011020112202203120111030123032112202132
1000000100011200200013010301001010200030210110010210010311202020110201122022031201110301230321122021333
1000000100011200200013010301001010200030210110010210010311202020110201122022031201110301230321122022112200
100000010001120020001301030100101020003021011001021001031120202011020112202203120111030123032112202211220130211303
10000001000112002000130103010010102000302101100102100103112020201102011220220312011103012303211220221122013021131210
10000001000112002000130103010010102000302101100102100103112020201102011220220312011103012303211220221122013021131211
100000010001120020001301030100101020003021011001021001031120202011020112202203120111030123032112202211220130211312122002300
1000000100011200200013010301001010200030210110010210010311202020110201122022031201110301230321122022112201302113121220023013
100000010001120020001301030100101020003021011001021001031120202011020112202203120111030123032112202211220130211312122002302110221
10000001000112002000130103010010102000302101100102100103112020201102011220220312011103012303211220221122013021131212200230211022230
10000001000112002000130103010010102000302101100102100103112020201102011220220312011103012303211220221122013021131212200230211022231
10000001000112002000130103010010102000302101100102100103112020201102011220220312011103012303211220221122013021131212200230211022232332312130231201
10000001000112002000130103010010102000302101100102100103112020201102011220220312011103012303211220221122013021131212200230211022232332312130231202
100000010001120020001301030100101020003021011001021001031120202011020112202203120111030123032112202211220130211312122002302110222323323121302312030210
100000010001120020001301030100101020003021011001021001031120202011020112202203120111030123032112202211220130211312122002302110222323323121302312030211
100000010001120020001301030100101020003021011001021001031120202011020112202203120111030123032112202211220130211312122002302110222323323121302312030212
10000001000112002000130103010010102000302101100102100103112020201102011220220312011103012303211220221122013021131212200230211022232332312130231203021331
10000001000112002000130103010010102000302101100102100103112020201102011220220312011103012303211220221122013021131212200230211022232332312130231203021332
1000000100011200200013010301001010200030210110010210010311202020110201122022031201110301230321122022112201302113121220023021102223233231213023120302133301310320
1000000100011200200013010301001010200030210110010210010311202020110201122022031201110301230321122022112201302113121220023021102223233231213023120302133301310321
1000000100011200200013010301001010200030210110010210010311202020110201122022031201110301230321122022112201302113121220023021102223233231213023120302133301310322232
1000000100011200200013010301001010200030210110010210010311202020110201122022031201110301230321122022112201302113121220023021102223233231213023120302133301310322233
1000000100011200200013010301001010200030210110010210010311202020110201122022031201110301230321122022112201302113121220023021102223233231213023120302133301310323
10000001000112002000130103010010102000302101100102100103112020201102011220220312011103012303211220221122013021131212200230211022232332312130231203021333013103302031
100000010001120020001301030100101020003021011001021001031120202011020112202203120111030123032112202211220130211312122002302110222323323121302312030213330131033020320
100000010001120020001301030100101020003021011001021001031120202011020112202203120111030123032112202211220130211312122002302110222323323121302312030213330131033020321
100000010001120020001301030100101020003021011001021001031120202011020112202203120111030123032112202211220130211312122002302110222323323121302312030213330131033020322
100000010001120020001301030100101020003021011001021001031120202011020112202203120111030123032112202211220130211312122002302110222323323121302312030213330131033020323
1000000100011200200013010301001010200030210110010210010311202020110201122022031201110301230321122022112201302113121220023021102223233231213023120302133301310330203303
100000010001120020001301030100101020003021011001021001031120202011020112202203120111030123032112202211220130211312122002302110222323323121302312030213330131033020331
1000000100011200200013010301001010200030210110010210010311202020110201122022031201110301230321122022112201302113121220023021102223233231213023120302133301310330203321132113
1000000100011200200013010301001010200030210110010210010311202020110201122022031201110301230321122022112201302113121220023021102223233231213023120302133301310330203321132122
10000001000112002000130103010010102000302101100102100103112020201102011220220312011103012303211220221122013021131212200230211022232332312130231203021333013103302033211321231
10000001000112002000130103010010102000302101100102100103112020201102011220220312011103012303211220221122013021131212200230211022232332312130231203021333013103302033211321232
100000010001120020001301030100101020003021011001021001031120202011020112202203120111030123032112202211220130211312122002302110222323323121302312030213330131033020332113212333031
100000010001120020001301030100101020003021011001021001031120202011020112202203120111030123032112202211220130211312122002302110222323323121302312030213330131033020332113212333032
100000010001120020001301030100101020003021011001021001031120202011020112202203120111030123032112202211220130211312122002302110222323323121302312030213330131033020332113212333033
1000000100011200200013010301001010200030210110010210010311202020110201122022031201110301230321122022112201302113121220023021102223233231213023120302133301310330203321132131
1000000100011200200013010301001010200030210110010210010311202020110201122022031201110301230321122022112201302113121220023021102223233231213023120302133301310330203321132132
1000000100011200200013010301001010200030210110010210010311202020110201122022031201110301230321122022112201302113121220023021102223233231213023120302133301310330203321132133
1000000100011200200013010301001010200030210110010210010311202020110201122022031201110301230321122022112201302113121220023021102223233231213023120302133301310330203321133
10000001000112002000130103010010102000302101100102100103112020201102011220220312011103012303211220221122013021131212200230211022232332312130231203021333013103302033212
10000001000112002000130103010010102000302101100102100103112020201102011220220312011103012303211220221122013021131212200230211022232332312130231203021333013103302033213
100000010001120020001301030100101020003021011001021001031120202011020112202203120111030123032112202211220130211312122002302110222323323121302312030213330131033020332212
100000010001120020001301030100101020003021011001021001031120202011020112202203120111030123032112202211220130211312122002302110222323323121302312030213330131033020332213
100000010001120020001301030100101020003021011001021001031120202011020112202203120111030123032112202211220130211312122002302110222323323121302312030213330131033020332222
100000010001120020001301030100101020003021011001021001031120202011020112202203120111030123032112202211220130211312122002302110222323323121302312030213330131033020332223
10000001000112002000130103010010102000302101100102100103112020201102011220220312011103012303211220221122013021131212200230211022232332312130231203021333013103302033223103
1000000100011200200013010301001010200030210110010210010311202020110201122022031201110301230321122022112201302113121220023021102223233231213023120302133301310330203322311
1000000100011200200013010301001010200030210110010210010311202020110201122022031201110301230321122022112201302113121220023021102223233231213023120302133301310330203322312
1000000100011200200013010301001010200030210110010210010311202020110201122022031201110301230321122022112201302113121220023021102223233231213023120302133301310330203322313203
100000010001120020001301030100101020003021011001021001031120202011020112202203120111030123032112202211220130211312122002302110222323323121302312030213330131033020332231321
10000001000112002000130103010010102000302101100102100103112020201102011220220312011103012303211220221122013021131212200230211022232332312130231203021333013103302033223132230
10000001000112002000130103010010102000302101100102100103112020201102011220220312011103012303211220221122013021131212200230211022232332312130231203021333013103302033223132231
10000001000112002000130103010010102000302101100102100103112020201102011220220312011103012303211220221122013021131212200230211022232332312130231203021333013103302033223132232
10000001000112002000130103010010102000302101100102100103112020201102011220220312011103012303211220221122013021131212200230211022232332312130231203021333013103302033223132233
10000001000112002000130103010010102000302101100102100103112020201102011220220312011103012303211220221122013021131212200230211022232332312130231203021333013103302033223133
10000001000112002000130103010010102000302101100102100103112020201102011220220312011103012303211220221122013021131212200230211022232332312130231203021333013103302033231
10000001000112002000130103010010102000302101100102100103112020201102011220220312011103012303211220221122013021131212200230211022232332312130231203021333013103302033232
10000001000112002000130103010010102000302101100102100103112020201102011220220312011103012303211220221122013021131212200230211022232332312130231203021333013103302033233
1000000100011200200013010301001010200030210110010210010311202020110201122022031201110301230321122022112201302113121220023021102223233231213023120303
10000001000112002000130103010010102000302101100102100103112020201102011220220312011103012303211220221122013021131212200230211022232332312130231211
10000001000112002000130103010010102000302101100102100103112020201102011220220312011103012303211220221122013021131212200230211022232332312130231212
10000001000112002000130103010010102000302101100102100103112020201102011220220312011103012303211220221122013021131212200230211022232332312130231213
100000010001120020001301030100101020003021011001021001031120202011020112202203120111030123032112202211220130211312122002302110222323323121302312230
100000010001120020001301030100101020003021011001021001031120202011020112202203120111030123032112202211220130211312122002302110222323323121302312231
100000010001120020001301030100101020003021011001021001031120202011020112202203120111030123032112202211220130211312122002302110222323323121302312232
100000010001120020001301030100101020003021011001021001031120202011020112202203120111030123032112202211220130211312122002302110222323323121302312233
100000010001120020001301030100101020003021011001021001031120202011020112202203120111030123032112202211220130211312122002302110222323323121302313
100000010001120020001301030100101020003021011001021001031120202011020112202203120111030123032112202211220130211312122002302110222323323121302323
10000001000112002000130103010010102000302101100102100103112020201102011220220312011103012303211220221122013021131212200230211022232332312130233
100000010001120020001301030100101020003021011001021001031120202011020112202203120111030123032112202211220130211312122002302110222323323121303
1000000100011200200013010301001010200030210110010210010311202020110201122022031201110301230321122022112201302113122
1000000100011200200013010301001010200030210110010210010311202020110201122022031201110301230321122022112201302113123
100000010001120020001301030100101020003021011001021001031120202011020112202203120111030123032112202212
100000010001120020001301030100101020003021011001021001031120202011020112202203120111030123032112202213
1000000100011200200013010301001010200030210110010210010311202020110201122022031201110301230321123
1000000100011200200013010301001010200030210110010210010311202020110201122022031202
1000000100011200200013010301001010200030210110010210010311202020110201122022031203
100000010001120020001301030100101020003021011001021001031120202011020113
10000001000112002000130103010010102000302101100102100103112020201103
300000001010010200003010010102000301120210110010210010311202020110201122022031201110301132112202130
300000001010010200003010010102000301120210110010210010311202020110201122022031201110301132112202131
30000000101001020000301001010200030112021011001021001031120202011020112202203120111030113211220213230333
300000001010010200003010010102000301120210110010210010311202020110201122022031201110301132112202132312
300000001010010200003010010102000301120210110010210010311202020110201122022031201110301132112202132313
30000000101001020000301001010200030112021011001021001031120202011020112202203120111030113211220213232110221
3000000010100102000030100101020003011202101100102100103112020201102011220220312011103011321122021323211022230
3000000010100102000030100101020003011202101100102100103112020201102011220220312011103011321122021323211022231303
300000001010010200003010010102000301120210110010210010311202020110201122022031201110301132112202132321102223131200
30000000101001020000301001010200030112021011001021001031120202011020112202203120111030113211220213232110222313120121130211
3000000010100102000030100101020003011202101100102100103112020201102011220220312011103011321122021323211022231312012113021232
300000001010010200003010010102000301120210110010210010311202020110201122022031201110301132112202132321102223131201211302123322210
300000001010010200003010010102000301120210110010210010311202020110201122022031201110301132112202132321102223131201211302123322211
3000000010100102000030100101020003011202101100102100103112020201102011220220312011103011321122021323211022231312012113021233222122002300
3000000010100102000030100101020003011202101100102100103112020201102011220220312011103011321122021323211022231312012113021233222122002301
3000000010100102000030100101020003011202101100102100103112020201102011220220312011103011321122021323211022231312012113021233222122002302
30000000101001020000301001010200030112021011001021001031120202011020112202203120111030113211220213232110222313120121130212332221220023030130210
30000000101001020000301001010200030112021011001021001031120202011020112202203120111030113211220213232110222313120121130212332221220023030130211
30000000101001020000301001010200030112021011001021001031120202011020112202203120111030113211220213232110222313120121130212332221220023030130212
30000000101001020000301001010200030112021011001021001031120202011020112202203120111030113211220213232110222313120121130212332221220023030130213331
300000001010010200003010010102000301120210110010210010311202020110201122022031201110301132112202132321102223131201211302123322212200230301302133320
300000001010010200003010010102000301120210110010210010311202020110201122022031201110301132112202132321102223131201211302123322212200230301302133321
300000001010010200003010010102000301120210110010210010311202020110201122022031201110301132112202132321102223131201211302123322212200230301302133322
30000000101001020000301001010200030112021011001021001031120202011020112202203120111030113211220213232110222313120121130212332221220023030130213332310320
3000000010100102000030100101020003011202101100102100103112020201102011220220312011103011321122021323211022231312012113021233222122002303013021333231032130231201
3000000010100102000030100101020003011202101100102100103112020201102011220220312011103011321122021323211022231312012113021233222122002303013021333231032130231202
300000001010010200003010010102000301120210110010210010311202020110201122022031201110301132112202132321102223131201211302123322212200230301302133323103213023120330203303
30000000101001020000301001010200030112021011001021001031120202011020112202203120111030113211220213232110222313120121130212332221220023030130213332310321302312033020331
30000000101001020000301001010200030112021011001021001031120202011020112202203120111030113211220213232110222313120121130212332221220023030130213332310321302312033020332113121
3000000010100102000030100101020003011202101100102100103112020201102011220220312011103011321122021323211022231312012113021233222122002303013021333231032130231203302033211312232
3000000010100102000030100101020003011202101100102100103112020201102011220220312011103011321122021323211022231312012113021233222122002303013021333231032130231203302033211312233
3000000010100102000030100101020003011202101100102100103112020201102011220220312011103011321122021323211022231312012113021233222122002303013021333231032130231203302033211313
30000000101001020000301001010200030112021011001021001031120202011020112202203120111030113211220213232110222313120121130212332221220023030130213332310321302312033020332113211
3000000010100102000030100101020003011202101100102100103112020201102011220220312011103011321122021323211022231312012113021233222122002303013021333231032130231203302033211321222
3000000010100102000030100101020003011202101100102100103112020201102011220220312011103011321122021323211022231312012113021233222122002303013021333231032130231203302033211321223
3000000010100102000030100101020003011202101100102100103112020201102011220220312011103011321122021323211022231312012113021233222122002303013021333231032130231203302033211321231
3000000010100102000030100101020003011202101100102100103112020201102011220220312011103011321122021323211022231312012113021233222122002303013021333231032130231203302033211321232
30000000101001020000301001010200030112021011001021001031120202011020112202203120111030113211220213232110222313120121130212332221220023030130213332310321302312033020332113212333031
30000000101001020000301001010200030112021011001021001031120202011020112202203120111030113211220213232110222313120121130212332221220023030130213332310321302312033020332113212333032
30000000101001020000301001010200030112021011001021001031120202011020112202203120111030113211220213232110222313120121130212332221220023030130213332310321302312033020332113212333033
300000001010010200003010010102000301120210110010210010311202020110201122022031201110301132112202132321102223131201211302123322212200230301302133323103213023120330203321132131
300000001010010200003010010102000301120210110010210010311202020110201122022031201110301132112202132321102223131201211302123322212200230301302133323103213023120330203321132132
300000001010010200003010010102000301120210110010210010311202020110201122022031201110301132112202132321102223131201211302123322212200230301302133323103213023120330203321132133
300000001010010200003010010102000301120210110010210010311202020110201122022031201110301132112202132321102223131201211302123322212200230301302133323103213023120330203321133
30000000101001020000301001010200030112021011001021001031120202011020112202203120111030113211220213232110222313120121130212332221220023030130213332310321302312033020332123
3000000010100102000030100101020003011202101100102100103112020201102011220220312011103011321122021323211022231312012113021233222122002303013021333231032130231203302033213
30000000101001020000301001010200030112021011001021001031120202011020112202203120111030113211220213232110222313120121130212332221220023030130213332310321302312033020332213
30000000101001020000301001010200030112021011001021001031120202011020112202203120111030113211220213232110222313120121130212332221220023030130213332310321302312033020332222
30000000101001020000301001010200030112021011001021001031120202011020112202203120111030113211220213232110222313120121130212332221220023030130213332310321302312033020332223
3000000010100102000030100101020003011202101100102100103112020201102011220220312011103011321122021323211022231312012113021233222122002303013021333231032130231203302033223103
300000001010010200003010010102000301120210110010210010311202020110201122022031201110301132112202132321102223131201211302123322212200230301302133323103213023120330203322311
300000001010010200003010010102000301120210110010210010311202020110201122022031201110301132112202132321102223131201211302123322212200230301302133323103213023120330203322312
30000000101001020000301001010200030112021011001021001031120202011020112202203120111030113211220213232110222313120121130212332221220023030130213332310321302312033020332231320
30000000101001020000301001010200030112021011001021001031120202011020112202203120111030113211220213232110222313120121130212332221220023030130213332310321302312033020332231321
3000000010100102000030100101020003011202101100102100103112020201102011220220312011103011321122021323211022231312012113021233222122002303013021333231032130231203302033223132230
3000000010100102000030100101020003011202101100102100103112020201102011220220312011103011321122021323211022231312012113021233222122002303013021333231032130231203302033223132231
3000000010100102000030100101020003011202101100102100103112020201102011220220312011103011321122021323211022231312012113021233222122002303013021333231032130231203302033223132232
3000000010100102000030100101020003011202101100102100103112020201102011220220312011103011321122021323211022231312012113021233222122002303013021333231032130231203302033223132233
3000000010100102000030100101020003011202101100102100103112020201102011220220312011103011321122021323211022231312012113021233222122002303013021333231032130231203302033223133
3000000010100102000030100101020003011202101100102100103112020201102011220220312011103011321122021323211022231312012113021233222122002303013021333231032130231203302033231
3000000010100102000030100101020003011202101100102100103112020201102011220220312011103011321122021323211022231312012113021233222122002303013021333231032130231203302033232
3000000010100102000030100101020003011202101100102100103112020201102011220220312011103011321122021323211022231312012113021233222122002303013021333231032130231203302033233
3000000010100102000030100101020003011202101100102100103112020201102011220220312011103011321122021323211022231312012113021233222122002303013021333231032130231211
3000000010100102000030100101020003011202101100102100103112020201102011220220312011103011321122021323211022231312012113021233222122002303013021333231032130231212
3000000010100102000030100101020003011202101100102100103112020201102011220220312011103011321122021323211022231312012113021233222122002303013021333231032130231213
30000000101001020000301001010200030112021011001021001031120202011020112202203120111030113211220213232110222313120121130212332221220023030130213332310321302312230
30000000101001020000301001010200030112021011001021001031120202011020112202203120111030113211220213232110222313120121130212332221220023030130213332310321302312231
30000000101001020000301001010200030112021011001021001031120202011020112202203120111030113211220213232110222313120121130212332221220023030130213332310321302312232
30000000101001020000301001010200030112021011001021001031120202011020112202203120111030113211220213232110222313120121130212332221220023030130213332310321302312233
30000000101001020000301001010200030112021011001021001031120202011020112202203120111030113211220213232110222313120121130212332221220023030130213332310321302313
30000000101001020000301001010200030112021011001021001031120202011020112202203120111030113211220213232110222313120121130212332221220023030130213332310321302323
3000000010100102000030100101020003011202101100102100103112020201102011220220312011103011321122021323211022231312012113021233222122002303013021333231032130233
30000000101001020000301001010200030112021011001021001031120202011020112202203120111030113211220213232110222313120121130212332221220023030130213332310321303
300000001010010200003010010102000301120210110010210010311202020110201122022031201110301132112202132321102223131201211302123322212200230301303
30000000101001020000301001010200030112021011001021001031120202011020112202203120111030113211220213232110222313120121130212332222
30000000101001020000301001010200030112021011001021001031120202011020112202203120111030113211220213232110222313120121130212332223
300000001010010200003010010102000301120210110010210010311202020110201122022031201110301132112202132321102223131201212
300000001010010200003010010102000301120210110010210010311202020110201122022031201110301132112202132321102223131201213
3000000010100102000030100101020003011202101100102100103112020201102011220220312011103011321123
300000001010010200003010010102000301120210110010210010311202020110201122022031202
300000001010010200003010010102000301120210110010210010311202020110201122022031203
30000000101001020000301001010200030112021011001021001031120202011020113
3000000010100102000030100101020003011202101100102100103112020201103
