200001002011021030
2000010020110210312101303220
20000100201102103121013032211
2000010020110210312101303221230
200001002011021031210130322123133
2000010020110210312101303221232233
200001002011021031210131
200001002011021031210132
200001002011021031210133
2000010020110210312102
2000010020110210312103
2000010020110210312111
2000010020110210312112
2000010020110210312113
20000100201102103121220
20000100201102103121221
2000010020110210312122230
2000010020110210312122231
2000010020110210312122232
2000010020110210312122233
20000100201102103121223
200001002011021031213
201
202
203
00010110020120021030
00010110020120021031303220
000101100201200210313032211
00010110020120021031303221230
0001011002012002103130322123133
00010110020120021031303221232233
0001011002012002103131
0001011002012002103132
0001011002012002103133
000101100201201
000101100201202
000101100201203
0001011002012102
0001011002012103
0001011002012111
0001011002012112
0001011002012113
00010110020121220
00010110020121221
0001011002012122230
0001011002012122231
0001011002012122232
0001011002012122233
00010110020121223
000101100201213
30001002011021030
300010020110210312003220
300010020110210312003221131230
30001002011021031200322113123133
300010020110210312003221131232233
300010020110210312003221132
300010020110210312003221133
30001002011021031201
30001002011021031202
30001002011021031203
300010020110210312101
300010020110210312102
300010020110210312103
300010020110210312111
300010020110210312112
300010020110210312113
3000100201102103121220
3000100201102103121221
300010020110210312122230
300010020110210312122231
300010020110210312122232
300010020110210312122233
3000100201102103121223
30001002011021031213
100010020111030
100010020111031200211303220
100010020111031200211303221230
10001002011103120021130322123133
100010020111031200211303221232233
10001002011103120021131
10001002011103120021132
10001002011103120021133
100010020111031201
100010020111031202
100010020111031203
1000100201110312101
1000100201110312102
1000100201110312103
1000100201110312112
1000100201110312113
10001002011103121220
10001002011103121221
1000100201110312122230
1000100201110312122231
1000100201110312122232
1000100201110312122233
10001002011103121223
100010020111031213
