00
0100000
0200
030
0110
0120
0130
01010
010200
01030
0100100
010020
010030
0100010
0100020
0100030
0100001
0100002
0100003
0210
0220
0230
0201
0202
0203
031
032
033
0111
0112
0113
0121
0122
0123
0131
0132
0133
01011
01012
01013
010210
010220
010230
010201
010202
010203
01031
01032
01033
0100110
0100120
0100130
0100101
0100102
0100103
010021
010022
010023
010031
010032
010033
0100011
0100012
0100013
0100021
0100022
0100023
0100031
0100032
0100033
0211
0212
0213
0221
0222
0223
0231
0232
0233
010211
010212
010213
010221
010222
010223
010231
010232
010233
0100111
0100112
0100113
0100121
0100122
0100123
0100131
0100132
0100133
100000
1100
120
130
1010
10200
1030
100100
100200
10030
100010
100020
100030
100001
100002
100003
111
1120
1130
1101
1102
1103
121
122
123
131
132
133
1011
1012
1013
10210
10220
10230
10201
10202
10203
1031
1032
1033
100110
100120
100130
100101
100102
100103
100210
100220
100230
100201
100202
100203
10031
10032
10033
100011
100012
100013
100021
100022
100023
100031
100032
100033
1121
1122
1123
1131
1132
1133
10211
10212
10213
10221
10222
10223
10231
10232
10233
100111
100112
100113
100121
100122
100123
100131
100132
100133
100211
100212
100213
100221
100222
100223
100231
100232
100233
200000
2100
220
230
20100
2020
2030
200100
20020
20030
200010
2000200
200030
200001
200002
200003
2110
212
2130
2101
2102
2103
221
222
223
231
232
233
20110
20120
20130
20101
20102
20103
2021
2022
2023
2031
2032
2033
200110
200120
200130
200101
200102
200103
20021
20022
20023
20031
20032
20033
200011
200012
200013
2000210
2000220
2000230
2000201
2000202
2000203
200031
200032
200033
2111
2112
2113
2131
2132
2133
20111
20112
20113
20121
20122
20123
20131
20132
20133
200111
200112
200113
200121
200122
200123
200131
200132
200133
2000211
2000212
2000213
2000221
2000222
2000223
2000231
2000232
2000233
300000
3100
320
330
3010
30200
3030
300100
300200
30030
300010
300020
300030
300001
300002
300003
3110
3120
313
3101
3102
3103
321
322
323
331
332
333
3011
3012
3013
30210
30220
30230
30201
30202
30203
3031
3032
3033
300110
300120
300130
300101
300102
300103
300210
300220
300230
300201
300202
300203
30031
30032
30033
300011
300012
300013
300021
300022
300023
300031
300032
300033
3111
3112
3113
3121
3122
3123
30211
30212
30213
30221
30222
30223
30231
30232
30233
300111
300112
300113
300121
300122
300123
300131
300132
300133
300211
300212
300213
300221
300222
300223
300231
300232
300233
