200
2100
220
230
201
202
203
211000
212
2130
2101
2102
2103
221
222
223
231
232
233
21110
211200
21130
211010
2110200
211030
211001
211002
211003
2131
2132
2133
21111
21112
21113
211210
211220
211230
211201
211202
211203
21131
21132
21133
211011
211012
211013
2110210
2110220
2110230
2110201
2110202
2110203
211031
211032
211033
211211
211212
211213
211221
211222
211223
211231
211232
211233
2110211
2110212
2110213
2110221
2110222
2110223
2110231
2110232
2110233
100000
110
1200
130
1010
10200
1030
1001
10020
10030
100010
100020
100030
100001
100002
100003
111
112
113
1210
1220
1230
1201
1202
1203
131
132
133
1011
1012
1013
10210
10220
10230
10201
10202
10203
1031
1032
1033
10021
10022
10023
10031
10032
10033
100011
100012
100013
100021
100022
100023
100031
100032
100033
1211
1212
1213
1221
1222
1223
1231
1232
1233
10211
10212
10213
10221
10222
10223
10231
10232
10233
000
010
020
030
001
002
003
011000
0120
0130
021
022
023
031
032
033
01110
011200
01130
011010
0110200
011030
011001
011002
011003
0121
0122
0123
0131
0132
0133
01111
01112
01113
011210
011220
011230
011201
011202
011203
01131
01132
01133
011011
011012
011013
0110210
0110220
0110230
0110201
0110202
0110203
011031
011032
011033
011211
011212
011213
011221
011222
011223
011231
011232
011233
0110211
0110212
0110213
0110221
0110222
0110223
0110231
0110232
0110233
300000
310
3200
330
3010
30200
3030
30010
30020
3003
300010
300020
300030
300001
300002
300003
311
312
313
3210
3220
3230
3201
3202
3203
331
332
333
3011
3012
3013
30210
30220
30230
30201
30202
30203
3031
3032
3033
30011
30012
30013
30021
30022
30023
300011
300012
300013
300021
300022
300023
300031
300032
300033
3211
3212
3213
3221
3222
3223
3231
3232
3233
30211
30212
30213
30221
30222
30223
30231
30232
30233
