00001000101011010020203020
00001000101011010020203021111030
00001000101011010020203021111031120
000010001010110100202030211110311212122021313030
00001000101011010020203021111031121212202131303122131
000010001010110100202030211110311212122021313031221322230
000010001010110100202030211110311212122021313031221322231
000010001010110100202030211110311212122021313031221322232
0000100010101101002020302111103112121220213130312213222332
0000100010101101002020302111103112121220213130312213222333
0000100010101101002020302111103112121220213130312213223
00001000101011010020203021111031121212202131303122133
00001000101011010020203021111031121212202131303123
00001000101011010020203021111031121212202132
00001000101011010020203021111031121212202133
000010001010110100202030211110311212123
000010001010110100202030211110311212132
000010001010110100202030211110311212133
00001000101011010020203021111031121223
000010001010110100202030211111
000010001010110100202030211112
000010001010110100202030211113
0000100010101101002020302111203
000010001010110100202030211121
000010001010110100202030211122
000010001010110100202030211123
000010001010110100202030211130
000010001010110100202030211131
000010001010110100202030211132
000010001010110100202030211133
000010001010110101
000010001010110102
000010001010110103
00001000102
00001000103
20010000020101011010020211110203030
20010000020101011010020211110203031120
200100000201010110100202111102030311212121313030
20010000020101011010020211110203031121212131303122131
200100000201010110100202111102030311212121313031221322230
200100000201010110100202111102030311212121313031221322231
200100000201010110100202111102030311212121313031221322232
2001000002010101101002021111020303112121213130312213222332
2001000002010101101002021111020303112121213130312213222333
2001000002010101101002021111020303112121213130312213223
20010000020101011010020211110203031121212131303122133
20010000020101011010020211110203031121212131303123
20010000020101011010020211110203031121212132
20010000020101011010020211110203031121212133
200100000201010110100202111102030311212122
200100000201010110100202111102030311212123
200100000201010110100202111102030311212132
200100000201010110100202111102030311212133
20010000020101011010020211110203031121223
20010000020101011010020211111
20010000020101011010020211112
20010000020101011010020211113
200100000201010110100202111203
20010000020101011010020211121
20010000020101011010020211122
20010000020101011010020211123
20010000020101011010020211130
20010000020101011010020211131
20010000020101011010020211132
20010000020101011010020211133
200100000201010110101
200100000201010110102
200100000201010110103
20010000020102
20010000020103
10001000011010010111102020203030
10001000011010010111102020203031120
100010000110100101111020202030311212121313021
100010000110100101111020202030311212121313022030
10001000011010010111102020203031121212131302203122131
1000100001101001011110202020303112121213130220312213230
1000100001101001011110202020303112121213130220312213231
1000100001101001011110202020303112121213130220312213232
10001000011010010111102020203031121212131302203122132332
10001000011010010111102020203031121212131302203122132333
10001000011010010111102020203031121212131302203122133
100010000110100101111020202030311212121313022031222
100010000110100101111020202030311212121313022031223
10001000011010010111102020203031121212131302203123
10001000011010010111102020203031121212132
10001000011010010111102020203031121212133
100010000110100101111020202030311212122
100010000110100101111020202030311212123
100010000110100101111020202030311212132
100010000110100101111020202030311212133
10001000011010010111102020203031121223
100010000110100101111020203
1000100001101001011111
1000100001101001011112
1000100001101001011113
1000100001101001011120
1000100001101001011121
1000100001101001011122
1000100001101001011123
1000100001101001011130
1000100001101001011131
1000100001101001011132
1000100001101001011133
100010000110100102
100010000110100103
100010000110101
100010000110102
100010000110103
30010000020101011010020211110203030
30010000020101011010020211110203031120
300100000201010110100202111102030311212121313030
300100000201010110100202111102030311212121313031220
30010000020101011010020211110203031121212131303122131
300100000201010110100202111102030311212121313031221322231
300100000201010110100202111102030311212121313031221322232
3001000002010101101002021111020303112121213130312213222332
3001000002010101101002021111020303112121213130312213222333
3001000002010101101002021111020303112121213130312213223
30010000020101011010020211110203031121212131303122133
30010000020101011010020211110203031121212131303123
30010000020101011010020211110203031121212132
30010000020101011010020211110203031121212133
300100000201010110100202111102030311212122
300100000201010110100202111102030311212123
300100000201010110100202111102030311212132
300100000201010110100202111102030311212133
30010000020101011010020211110203031121223
30010000020101011010020211111
30010000020101011010020211112
30010000020101011010020211113
300100000201010110100202111203
30010000020101011010020211121
30010000020101011010020211122
30010000020101011010020211123
30010000020101011010020211130
30010000020101011010020211131
30010000020101011010020211132
30010000020101011010020211133
300100000201010110101
300100000201010110102
300100000201010110103
30010000020102
30010000020103
