200010110200300021001012112230
20001011020030002100101211223132
20001011020030002100101211223133
200010110200300021001013
200010110200300021001022020
200010110200300021001022021
200010110200300021001022022
200010110200300021001022023
2000101102003000210010220300100310320
2000101102003000210010220300100310321
200010110200300021001022030010031032230
2000101102003000210010220300100310322310
200010110200300021001022030010031032231112
2000101102003000210010220300100310322311131101
2000101102003000210010220300100310322311131102
2000101102003000210010220300100310322311131103
2000101102003000210010220300100310322311131111201
200010110200300021001022030010031032231113111120211
2000101102003000210010220300100310322311131111202122330
2000101102003000210010220300100310322311131111202122331
200010110200300021001022030010031032231113111120212233233020
200010110200300021001022030010031032231113111120212233233021
200010110200300021001022030010031032231113111120212233233022
2000101102003000210010220300100310322311131111202122332330231201
2000101102003000210010220300100310322311131111202122332330231202
2000101102003000210010220300100310322311131111202122332330231203
2000101102003000210010220300100310322311131111202122332330231212132
20001011020030002100102203001003103223111311112021223323302312121330
200010110200300021001022030010031032231113111120212233233023121213312
2000101102003000210010220300100310322311131111202122332330231212133132
200010110200300021001022030010031032231113111120212233233023121213313322
200010110200300021001022030010031032231113111120212233233023121213313323
200010110200300021001022030010031032231113111120212233233023121213313332
200010110200300021001022030010031032231113111120212233233023121213313333
2000101102003000210010220300100310322311131111202122332330231213
20001011020030002100102203001003103223111311112021223323302312230
20001011020030002100102203001003103223111311112021223323302312231
20001011020030002100102203001003103223111311112021223323302312232
20001011020030002100102203001003103223111311112021223323302312233
20001011020030002100102203001003103223111311112021223323302313
20001011020030002100102203001003103223111311112021223323303
200010110200300021001022030010031032231113111120213
2000101102003000210010220300100310322311131111203
10001011120200300021001012130
10001011120200300021001012131
10001011120200300021001012132233
10001011120200300021001013
10001011120200300021001022020
10001011120200300021001022021
10001011120200300021001022022
10001011120200300021001022023
100010111202003000210010220300100310320
100010111202003000210010220300100310321
10001011120200300021001022030010031032230
100010111202003000210010220300100310322310
10001011120200300021001022030010031032231112
100010111202003000210010220300100310322311131101
100010111202003000210010220300100310322311131102
100010111202003000210010220300100310322311131103
100010111202003000210010220300100310322311131111201
10001011120200300021001022030010031032231113111120211
100010111202003000210010220300100310322311131111202122330
100010111202003000210010220300100310322311131111202122331
10001011120200300021001022030010031032231113111120212233233020
10001011120200300021001022030010031032231113111120212233233021
10001011120200300021001022030010031032231113111120212233233022
100010111202003000210010220300100310322311131111202122332330231201
100010111202003000210010220300100310322311131111202122332330231202
100010111202003000210010220300100310322311131111202122332330231203
100010111202003000210010220300100310322311131111202122332330231212132
1000101112020030002100102203001003103223111311112021223323302312121330
10001011120200300021001022030010031032231113111120212233233023121213312
100010111202003000210010220300100310322311131111202122332330231212133132
10001011120200300021001022030010031032231113111120212233233023121213313322
10001011120200300021001022030010031032231113111120212233233023121213313323
10001011120200300021001022030010031032231113111120212233233023121213313332
10001011120200300021001022030010031032231113111120212233233023121213313333
100010111202003000210010220300100310322311131111202122332330231213
1000101112020030002100102203001003103223111311112021223323302312230
1000101112020030002100102203001003103223111311112021223323302312231
1000101112020030002100102203001003103223111311112021223323302312232
1000101112020030002100102203001003103223111311112021223323302312233
1000101112020030002100102203001003103223111311112021223323302313
1000101112020030002100102203001003103223111311112021223323303
10001011120200300021001022030010031032231113111120213
100010111202003000210010220300100310322311131111203
000101102003000210010120
00010110200300021001012112230
0001011020030002100101211223132
0001011020030002100101211223133
00010110200300021001013
00010110200300021001022020
00010110200300021001022021
00010110200300021001022022
00010110200300021001022023
000101102003000210010220300100310320
000101102003000210010220300100310321
00010110200300021001022030010031032230
000101102003000210010220300100310322310
00010110200300021001022030010031032231112
000101102003000210010220300100310322311131101
000101102003000210010220300100310322311131102
000101102003000210010220300100310322311131103
000101102003000210010220300100310322311131111201
00010110200300021001022030010031032231113111120211
000101102003000210010220300100310322311131111202122330
000101102003000210010220300100310322311131111202122331
00010110200300021001022030010031032231113111120212233233020
00010110200300021001022030010031032231113111120212233233021
00010110200300021001022030010031032231113111120212233233022
000101102003000210010220300100310322311131111202122332330231201
000101102003000210010220300100310322311131111202122332330231202
000101102003000210010220300100310322311131111202122332330231203
000101102003000210010220300100310322311131111202122332330231212132
0001011020030002100102203001003103223111311112021223323302312121330
00010110200300021001022030010031032231113111120212233233023121213312
000101102003000210010220300100310322311131111202122332330231212133132
00010110200300021001022030010031032231113111120212233233023121213313322
00010110200300021001022030010031032231113111120212233233023121213313323
00010110200300021001022030010031032231113111120212233233023121213313332
00010110200300021001022030010031032231113111120212233233023121213313333
000101102003000210010220300100310322311131111202122332330231213
0001011020030002100102203001003103223111311112021223323302312230
0001011020030002100102203001003103223111311112021223323302312231
0001011020030002100102203001003103223111311112021223323302312232
0001011020030002100102203001003103223111311112021223323302312233
0001011020030002100102203001003103223111311112021223323302313
0001011020030002100102203001003103223111311112021223323303
00010110200300021001022030010031032231113111120213
000101102003000210010220300100310322311131111203
3000101102003000210010120
30001011020030002100101211223132
30001011020030002100101211223133
300010110200300021001013
300010110200300021001022020
300010110200300021001022021
300010110200300021001022022
300010110200300021001022023
3000101102003000210010220300100310320
3000101102003000210010220300100310321
300010110200300021001022030010031032230
3000101102003000210010220300100310322310
300010110200300021001022030010031032231112
3000101102003000210010220300100310322311131101
3000101102003000210010220300100310322311131102
3000101102003000210010220300100310322311131103
3000101102003000210010220300100310322311131111201
300010110200300021001022030010031032231113111120211
3000101102003000210010220300100310322311131111202122330
3000101102003000210010220300100310322311131111202122331
300010110200300021001022030010031032231113111120212233233020
300010110200300021001022030010031032231113111120212233233021
300010110200300021001022030010031032231113111120212233233022
3000101102003000210010220300100310322311131111202122332330231201
3000101102003000210010220300100310322311131111202122332330231202
3000101102003000210010220300100310322311131111202122332330231203
3000101102003000210010220300100310322311131111202122332330231212132
30001011020030002100102203001003103223111311112021223323302312121330
300010110200300021001022030010031032231113111120212233233023121213312
3000101102003000210010220300100310322311131111202122332330231212133132
300010110200300021001022030010031032231113111120212233233023121213313322
300010110200300021001022030010031032231113111120212233233023121213313323
300010110200300021001022030010031032231113111120212233233023121213313332
300010110200300021001022030010031032231113111120212233233023121213313333
3000101102003000210010220300100310322311131111202122332330231213
30001011020030002100102203001003103223111311112021223323302312230
30001011020030002100102203001003103223111311112021223323302312231
30001011020030002100102203001003103223111311112021223323302312232
30001011020030002100102203001003103223111311112021223323302312233
30001011020030002100102203001003103223111311112021223323302313
30001011020030002100102203001003103223111311112021223323303
300010110200300021001022030010031032231113111120213
3000101102003000210010220300100310322311131111203
