011410022189112119155371115111118612161512
01141002218911211915537111511111861216119411111
0114100221891121191553711151111186121611941112
011410022189112119155371115111118612161194111182
011410022189112119155371115111118612161194111188
01141002218911211915537111511111861216119411117111
011410022189112119155371115111118612161194111171
0114100221891121191553711151111186121611941111735
01141002218911211915537111511111861216119411117342
0114100221891121191553711151111186121611941111734090
0114100221891121191553711151111186121611941111731
0114100221891121191553711151111186121611941111
011410022189112119155371115111118612161194114
0114100221891121191553711151111186121611941162
0114100221891121191553711151111186121611941163
0114100221891121191553711151111186121619
011410022189112119155371115111118613
011410022189112119155371115111118611
01141002218911211915537113
01141002218911211915537111
01141002218911211915537116
