0,14,16,12,17,1,12
0,7,8,4,0
0,2,3,16
0,6,6
0,14,14
0,14,15,9,15
0,14,4
0,14,16,9
0,14,16,6
0,14,16,12,2
0,14,16,12,12
0,14,16,12,0
0,14,16,12,17,6
0,14,16,12,17,13,0
0,14,16,12,17,4
0,14,16,12,17,1,8
0,14,16,12,17,1,5,11,1
0,14,16,12,17,1,6
0,7,17
0,7,2
0,7,8,5
0,7,8,3
0,7,8,8
0,7,8,4,5
0,7,8,4,16
0,2,7
0,2,12
0,2,10,2
0,2,3,4
0,2,3,7
0,6,16
0,6,0
0,6,9
0,14,15,2
0,14,15,15
0,14,15,9,12
0,14,15,9,10
0,14,15,9,9
0,14,16,12,17,13,14
0,14,16,12,17,13,12
0,14,16,12,17,13,3
0,14,16,12,17,1,5,17
0,14,16,12,17,1,5,6
0,14,16,12,17,1,5,4
0,14,16,12,17,1,5,11,6
0,14,16,12,17,1,5,11,2
0,2,10,17
0,2,10,8
0,2,10,4
