200000001001010100002020010101100010100021203021101010200010
200000001001010100002020010101100010100021203021101010200011300202011110201020303030103030
20000000100101010000202001010110001010002120302110101020001130020201111020102030303010303111112112120
20000000100101010000202001010110001010002120302110101020001130020201111020102030303010303111112112121221
200000001001010100002020010101100010100021203021101010200011300202011110201020303030103031111121121212222322331202020130
200000001001010100002020010101100010100021203021101010200011300202011110201020303030103031111121121212222322331202020131
200000001001010100002020010101100010100021203021101010200011300202011110201020303030103031111121121212222322331202020132
2000000010010101000020200101011000101000212030211010102000113002020111102010203030301030311111211212122223223312020201331030
200000001001010100002020010101100010100021203021101010200011300202011110201020303030103031111121121212222322331202020133103130
200000001001010100002020010101100010100021203021101010200011300202011110201020303030103031111121121212222322331202020133103131
20000000100101010000202001010110001010002120302110101020001130020201111020102030303010303111112112121222232233120202013310313223202020
2000000010010101000020200101011000101000212030211010102000113002020111102010203030301030311111211212122223223312020201331031322320202121113
200000001001010100002020010101100010100021203021101010200011300202011110201020303030103031111121121212222322331202020133103132232020212112
20000000100101010000202001010110001010002120302110101020001130020201111020102030303010303111112112121222232233120202013310313223202021211323312
20000000100101010000202001010110001010002120302110101020001130020201111020102030303010303111112112121222232233120202013310313223202021211323313
20000000100101010000202001010110001010002120302110101020001130020201111020102030303010303111112112121222232233120202013310313223202021211323321133030
20000000100101010000202001010110001010002120302110101020001130020201111020102030303010303111112112121222232233120202013310313223202021211323321133031
20000000100101010000202001010110001010002120302110101020001130020201111020102030303010303111112112121222232233120202013310313223202021211323321133032
2000000010010101000020200101011000101000212030211010102000113002020111102010203030301030311111211212122223223312020201331031322320202121132332113303330
2000000010010101000020200101011000101000212030211010102000113002020111102010203030301030311111211212122223223312020201331031322320202121132332113303331
2000000010010101000020200101011000101000212030211010102000113002020111102010203030301030311111211212122223223312020201331031322320202121132332113303332121021
20000000100101010000202001010110001010002120302110101020001130020201111020102030303010303111112112121222232233120202013310313223202021211323321133033321210222120
20000000100101010000202001010110001010002120302110101020001130020201111020102030303010303111112112121222232233120202013310313223202021211323321133033321210222121
20000000100101010000202001010110001010002120302110101020001130020201111020102030303010303111112112121222232233120202013310313223202021211323321133033321210222122
20000000100101010000202001010110001010002120302110101020001130020201111020102030303010303111112112121222232233120202013310313223202021211323321133033321210222123
20000000100101010000202001010110001010002120302110101020001130020201111020102030303010303111112112121222232233120202013310313223202021211323321133033321210222130
20000000100101010000202001010110001010002120302110101020001130020201111020102030303010303111112112121222232233120202013310313223202021211323321133033321210222131
200000001001010100002020010101100010100021203021101010200011300202011110201020303030103031111121121212222322331202020133103132232020212113233211330333212102221322
200000001001010100002020010101100010100021203021101010200011300202011110201020303030103031111121121212222322331202020133103132232020212113233211330333212102221323303
2000000010010101000020200101011000101000212030211010102000113002020111102010203030301030311111211212122223223312020201331031322320202121132332113303332121022213233132
2000000010010101000020200101011000101000212030211010102000113002020111102010203030301030311111211212122223223312020201331031322320202121132332113303332121022213233133
2000000010010101000020200101011000101000212030211010102000113002020111102010203030301030311111211212122223223312020201331031322320202121132332113303332121022213233231
20000000100101010000202001010110001010002120302110101020001130020201111020102030303010303111112112121222232233120202013310313223202021211323321133033321210222132332323333
2000000010010101000020200101011000101000212030211010102000113002020111102010203030301030311111211212122223223312020201331031322320202121132332113303332121022213233233
20000000100101010000202001010110001010002120302110101020001130020201111020102030303010303111112112121222232233120202013310313223202021211323321133033321210222221220
20000000100101010000202001010110001010002120302110101020001130020201111020102030303010303111112112121222232233120202013310313223202021211323321133033321210222221221
20000000100101010000202001010110001010002120302110101020001130020201111020102030303010303111112112121222232233120202013310313223202021211323321133033321210222221222
20000000100101010000202001010110001010002120302110101020001130020201111020102030303010303111112112121222232233120202013310313223202021211323321133033321210222221223
200000001001010100002020010101100010100021203021101010200011300202011110201020303030103031111121121212222322331202020133103132232020212113233211330333212102222212302
200000001001010100002020010101100010100021203021101010200011300202011110201020303030103031111121121212222322331202020133103132232020212113233211330333212102222212303
200000001001010100002020010101100010100021203021101010200011300202011110201020303030103031111121121212222322331202020133103132232020212113233211330333212102222212312
200000001001010100002020010101100010100021203021101010200011300202011110201020303030103031111121121212222322331202020133103132232020212113233211330333212102222212313
2000000010010101000020200101011000101000212030211010102000113002020111102010203030301030311111211212122223223312020201331031322320202121132332113303332121022222123223
200000001001010100002020010101100010100021203021101010200011300202011110201020303030103031111121121212222322331202020133103132232020212113233211330333212102222212323
200000001001010100002020010101100010100021203021101010200011300202011110201020303030103031111121121212222322331202020133103132232020212113233211330333212102222212331303
20000000100101010000202001010110001010002120302110101020001130020201111020102030303010303111112112121222232233120202013310313223202021211323321133033321210222221233131
20000000100101010000202001010110001010002120302110101020001130020201111020102030303010303111112112121222232233120202013310313223202021211323321133033321210222221233132322
20000000100101010000202001010110001010002120302110101020001130020201111020102030303010303111112112121222232233120202013310313223202021211323321133033321210222221233132323
2000000010010101000020200101011000101000212030211010102000113002020111102010203030301030311111211212122223223312020201331031322320202121132332113303332121022222123313233
20000000100101010000202001010110001010002120302110101020001130020201111020102030303010303111112112121222232233120202013310313223202021211323321133033321210222221233133
2000000010010101000020200101011000101000212030211010102000113002020111102010203030301030311111211212122223223312020201331031322320202121132332113303332121022222131
2000000010010101000020200101011000101000212030211010102000113002020111102010203030301030311111211212122223223312020201331031322320202121132332113303332121022222132
2000000010010101000020200101011000101000212030211010102000113002020111102010203030301030311111211212122223223312020201331031322320202121132332113303332121022222133
200000001001010100002020010101100010100021203021101010200011300202011110201020303030103031111121121212222322331202020133103132232020212113233211330333212102223
200000001001010100002020010101100010100021203021101010200011300202011110201020303030103031111121121212222322331202020133103132232020212113233211330333212103
200000001001010100002020010101100010100021203021101010200011300202011110201020303030103031111121121212222322331202020133103132232020212113233211330333212111211
200000001001010100002020010101100010100021203021101010200011300202011110201020303030103031111121121212222322331202020133103132232020212113233211330333212111212
200000001001010100002020010101100010100021203021101010200011300202011110201020303030103031111121121212222322331202020133103132232020212113233211330333212111213
200000001001010100002020010101100010100021203021101010200011300202011110201020303030103031111121121212222322331202020133103132232020212113233211330333212111221
2000000010010101000020200101011000101000212030211010102000113002020111102010203030301030311111211212122223223312020201331031322320202121132332113303332121112223
20000000100101010000202001010110001010002120302110101020001130020201111020102030303010303111112112121222232233120202013310313223202021211323321133033321211123
20000000100101010000202001010110001010002120302110101020001130020201111020102030303010303111112112121222232233120202013310313223202021211323321133033321211131
20000000100101010000202001010110001010002120302110101020001130020201111020102030303010303111112112121222232233120202013310313223202021211323321133033321211132
20000000100101010000202001010110001010002120302110101020001130020201111020102030303010303111112112121222232233120202013310313223202021211323321133033321211133
20000000100101010000202001010110001010002120302110101020001130020201111020102030303010303111112112121222232233120202013310313223202021211323321133033321212
20000000100101010000202001010110001010002120302110101020001130020201111020102030303010303111112112121222232233120202013310313223202021211323321133033321213
200000001001010100002020010101100010100021203021101010200011300202011110201020303030103031111121121212222322331202020133103132232020212113233211330333213
200000001001010100002020010101100010100021203021101010200011300202011110201020303030103031111121121212222322331202020133103132232020212113233212
200000001001010100002020010101100010100021203021101010200011300202011110201020303030103031111121121212222322331202020133103132232020212113233213
20000000100101010000202001010110001010002120302110101020001130020201111020102030303010303111112112121222232233120202013310313223202022
20000000100101010000202001010110001010002120302110101020001130020201111020102030303010303111112112121222232233120202013310313223202023
20000000100101010000202001010110001010002120302110101020001130020201111020102030303010303111112112121222232233120202013310313223202030
20000000100101010000202001010110001010002120302110101020001130020201111020102030303010303111112112121222232233120202013310313223202031
20000000100101010000202001010110001010002120302110101020001130020201111020102030303010303111112112121222232233120202013310313223202032
20000000100101010000202001010110001010002120302110101020001130020201111020102030303010303111112112121222232233120202013310313223202033
2000000010010101000020200101011000101000212030211010102000113002020111102010203030301030311111211212122223223312020202
2000000010010101000020200101011000101000212030211010102000113002020111102010203030301030311111211212122223223312020203
20000000100101010000202001010110001010002120302110101020001130020201111020102030303010303111112112121222232233120203
2000000010010101000020200101011000101000212030211010102000113002020111102011
2000000010010101000020200101011000101000212030211010102000113002020111102012
2000000010010101000020200101011000101000212030211010102000113002020111102013
200000001001010100002020010101100010100021203021101010200011300203
2000000010010101000020200101011000101001
2000000010010101000020200101011000101002
2000000010010101000020200101011000101003
2000000010010101000020201
2000000010010101000020202
2000000010010101000020203
0000000100101000202001010110000200010301010002120
00000001001010002020010101100002000103010100021213001020202011010303020
00000001001010002020010101100002000103010100021213001020202011010303021101110201030103030
0000000100101000202001010110000200010301010002121300102020201101030302110111020103010303120
000000010010100020200101011000020001030101000212130010202020110103030211011102010301030312111112112212222322331202020130
000000010010100020200101011000020001030101000212130010202020110103030211011102010301030312111112112212222322331202020131
000000010010100020200101011000020001030101000212130010202020110103030211011102010301030312111112112212222322331202020132
0000000100101000202001010110000200010301010002121300102020201101030302110111020103010303121111121122122223223312020201331030
000000010010100020200101011000020001030101000212130010202020110103030211011102010301030312111112112212222322331202020133103130
000000010010100020200101011000020001030101000212130010202020110103030211011102010301030312111112112212222322331202020133103131
00000001001010002020010101100002000103010100021213001020202011010303021101110201030103031211111211221222232233120202013310313232
0000000100101000202001010110000200010301010002121300102020201101030302110111020103010303121111121122122223223312020201331031323311
0000000100101000202001010110000200010301010002121300102020201101030302110111020103010303121111121122122223223312020201331031323312
0000000100101000202001010110000200010301010002121300102020201101030302110111020103010303121111121122122223223312020201331031323313
0000000100101000202001010110000200010301010002121300102020201101030302110111020103010303121111121122122223223312020201331031323321133030
0000000100101000202001010110000200010301010002121300102020201101030302110111020103010303121111121122122223223312020201331031323321133031
0000000100101000202001010110000200010301010002121300102020201101030302110111020103010303121111121122122223223312020201331031323321133032
0000000100101000202001010110000200010301010002121300102020201101030302110111020103010303121111121122122223223312020201331031323321133033202020
000000010010100020200101011000020001030101000212130010202020110103030211011102010301030312111112112212222322331202020133103132332113303320202121113
00000001001010002020010101100002000103010100021213001020202011010303021101110201030103031211111211221222232233120202013310313233211330332020212112330
000000010010100020200101011000020001030101000212130010202020110103030211011102010301030312111112112212222322331202020133103132332113303320202121123313
00000001001010002020010101100002000103010100021213001020202011010303021101110201030103031211111211221222232233120202013310313233211330332020212112332121021
000000010010100020200101011000020001030101000212130010202020110103030211011102010301030312111112112212222322331202020133103132332113303320202121123321210222120
000000010010100020200101011000020001030101000212130010202020110103030211011102010301030312111112112212222322331202020133103132332113303320202121123321210222121
000000010010100020200101011000020001030101000212130010202020110103030211011102010301030312111112112212222322331202020133103132332113303320202121123321210222122
000000010010100020200101011000020001030101000212130010202020110103030211011102010301030312111112112212222322331202020133103132332113303320202121123321210222123
000000010010100020200101011000020001030101000212130010202020110103030211011102010301030312111112112212222322331202020133103132332113303320202121123321210222130
000000010010100020200101011000020001030101000212130010202020110103030211011102010301030312111112112212222322331202020133103132332113303320202121123321210222131
0000000100101000202001010110000200010301010002121300102020201101030302110111020103010303121111121122122223223312020201331031323321133033202021211233212102221322
0000000100101000202001010110000200010301010002121300102020201101030302110111020103010303121111121122122223223312020201331031323321133033202021211233212102221323303
00000001001010002020010101100002000103010100021213001020202011010303021101110201030103031211111211221222232233120202013310313233211330332020212112332121022213233132
00000001001010002020010101100002000103010100021213001020202011010303021101110201030103031211111211221222232233120202013310313233211330332020212112332121022213233133
00000001001010002020010101100002000103010100021213001020202011010303021101110201030103031211111211221222232233120202013310313233211330332020212112332121022213233231
000000010010100020200101011000020001030101000212130010202020110103030211011102010301030312111112112212222322331202020133103132332113303320202121123321210222132332323333
00000001001010002020010101100002000103010100021213001020202011010303021101110201030103031211111211221222232233120202013310313233211330332020212112332121022213233233
000000010010100020200101011000020001030101000212130010202020110103030211011102010301030312111112112212222322331202020133103132332113303320202121123321210222221220
000000010010100020200101011000020001030101000212130010202020110103030211011102010301030312111112112212222322331202020133103132332113303320202121123321210222221221
000000010010100020200101011000020001030101000212130010202020110103030211011102010301030312111112112212222322331202020133103132332113303320202121123321210222221222
000000010010100020200101011000020001030101000212130010202020110103030211011102010301030312111112112212222322331202020133103132332113303320202121123321210222221223
0000000100101000202001010110000200010301010002121300102020201101030302110111020103010303121111121122122223223312020201331031323321133033202021211233212102222212302
0000000100101000202001010110000200010301010002121300102020201101030302110111020103010303121111121122122223223312020201331031323321133033202021211233212102222212303
0000000100101000202001010110000200010301010002121300102020201101030302110111020103010303121111121122122223223312020201331031323321133033202021211233212102222212312
0000000100101000202001010110000200010301010002121300102020201101030302110111020103010303121111121122122223223312020201331031323321133033202021211233212102222212313
00000001001010002020010101100002000103010100021213001020202011010303021101110201030103031211111211221222232233120202013310313233211330332020212112332121022222123223
0000000100101000202001010110000200010301010002121300102020201101030302110111020103010303121111121122122223223312020201331031323321133033202021211233212102222212323
0000000100101000202001010110000200010301010002121300102020201101030302110111020103010303121111121122122223223312020201331031323321133033202021211233212102222212331303
000000010010100020200101011000020001030101000212130010202020110103030211011102010301030312111112112212222322331202020133103132332113303320202121123321210222221233131
000000010010100020200101011000020001030101000212130010202020110103030211011102010301030312111112112212222322331202020133103132332113303320202121123321210222221233132322
000000010010100020200101011000020001030101000212130010202020110103030211011102010301030312111112112212222322331202020133103132332113303320202121123321210222221233132323
00000001001010002020010101100002000103010100021213001020202011010303021101110201030103031211111211221222232233120202013310313233211330332020212112332121022222123313233
000000010010100020200101011000020001030101000212130010202020110103030211011102010301030312111112112212222322331202020133103132332113303320202121123321210222221233133
00000001001010002020010101100002000103010100021213001020202011010303021101110201030103031211111211221222232233120202013310313233211330332020212112332121022222131
00000001001010002020010101100002000103010100021213001020202011010303021101110201030103031211111211221222232233120202013310313233211330332020212112332121022222132
00000001001010002020010101100002000103010100021213001020202011010303021101110201030103031211111211221222232233120202013310313233211330332020212112332121022222133
0000000100101000202001010110000200010301010002121300102020201101030302110111020103010303121111121122122223223312020201331031323321133033202021211233212102223
0000000100101000202001010110000200010301010002121300102020201101030302110111020103010303121111121122122223223312020201331031323321133033202021211233212103
0000000100101000202001010110000200010301010002121300102020201101030302110111020103010303121111121122122223223312020201331031323321133033202021211233212111211
0000000100101000202001010110000200010301010002121300102020201101030302110111020103010303121111121122122223223312020201331031323321133033202021211233212111212
0000000100101000202001010110000200010301010002121300102020201101030302110111020103010303121111121122122223223312020201331031323321133033202021211233212111213
0000000100101000202001010110000200010301010002121300102020201101030302110111020103010303121111121122122223223312020201331031323321133033202021211233212111221
00000001001010002020010101100002000103010100021213001020202011010303021101110201030103031211111211221222232233120202013310313233211330332020212112332121112223
000000010010100020200101011000020001030101000212130010202020110103030211011102010301030312111112112212222322331202020133103132332113303320202121123321211123
000000010010100020200101011000020001030101000212130010202020110103030211011102010301030312111112112212222322331202020133103132332113303320202121123321211131
000000010010100020200101011000020001030101000212130010202020110103030211011102010301030312111112112212222322331202020133103132332113303320202121123321211132
000000010010100020200101011000020001030101000212130010202020110103030211011102010301030312111112112212222322331202020133103132332113303320202121123321211133
000000010010100020200101011000020001030101000212130010202020110103030211011102010301030312111112112212222322331202020133103132332113303320202121123321212
000000010010100020200101011000020001030101000212130010202020110103030211011102010301030312111112112212222322331202020133103132332113303320202121123321213
0000000100101000202001010110000200010301010002121300102020201101030302110111020103010303121111121122122223223312020201331031323321133033202021211233213
0000000100101000202001010110000200010301010002121300102020201101030302110111020103010303121111121122122223223312020201331031323321133033202022
0000000100101000202001010110000200010301010002121300102020201101030302110111020103010303121111121122122223223312020201331031323321133033202023
0000000100101000202001010110000200010301010002121300102020201101030302110111020103010303121111121122122223223312020201331031323321133033202030
0000000100101000202001010110000200010301010002121300102020201101030302110111020103010303121111121122122223223312020201331031323321133033202031
0000000100101000202001010110000200010301010002121300102020201101030302110111020103010303121111121122122223223312020201331031323321133033202032
0000000100101000202001010110000200010301010002121300102020201101030302110111020103010303121111121122122223223312020201331031323321133033202033
00000001001010002020010101100002000103010100021213001020202011010303021101110201030103031211111211221222232233120202013310313233212
00000001001010002020010101100002000103010100021213001020202011010303021101110201030103031211111211221222232233120202013310313233213
0000000100101000202001010110000200010301010002121300102020201101030302110111020103010303121111121122122223223312020202
0000000100101000202001010110000200010301010002121300102020201101030302110111020103010303121111121122122223223312020203
00000001001010002020010101100002000103010100021213001020202011010303021101110201030103031211111211221222232233120203
000000010010100020200101011000020001030101000212130010202020110103030211011102011
000000010010100020200101011000020001030101000212130010202020110103030211011102012
000000010010100020200101011000020001030101000212130010202020110103030211011102013
00000001001010002020010101100002000103010100021213001020203
000000010010100020200101011000020001030101001
000000010010100020200101011000020001030101002
000000010010100020200101011000020001030101003
000000010010100020201
000000010010100020202
000000010010100020203
1000000000010010100020200101011010002120301101010200010
10000000000100101000202001010110100021203011010102000113001020202011110201020303030103030
1000000000010010100020200101011010002120301101010200011300102020201111020102030303010303120
100000000001001010002020010101101000212030110101020001130010202020111102010203030301030312111112112130
100000000001001010002020010101101000212030110101020001130010202020111102010203030301030312111112112131221
1000000000010010100020200101011010002120301101010200011300102020201111020102030303010303121111121121312222321323312020201
1000000000010010100020200101011010002120301101010200011300102020201111020102030303010303121111121121312222321323312020202
10000000000100101000202001010110100021203011010102000113001020202011110201020303030103031211111211213122223213233120202031030
1000000000010010100020200101011010002120301101010200011300102020201111020102030303010303121111121121312222321323312020203103130
1000000000010010100020200101011010002120301101010200011300102020201111020102030303010303121111121121312222321323312020203103131
100000000001001010002020010101101000212030110101020001130010202020111102010203030301030312111112112131222232132331202020310313222
100000000001001010002020010101101000212030110101020001130010202020111102010203030301030312111112112131222232132331202020310313223202020
1000000000010010100020200101011010002120301101010200011300102020201111020102030303010303121111121121312222321323312020203103132232020212111
1000000000010010100020200101011010002120301101010200011300102020201111020102030303010303121111121121312222321323312020203103132232020212112
100000000001001010002020010101101000212030110101020001130010202020111102010203030301030312111112112131222232132331202020310313223202021211323312
100000000001001010002020010101101000212030110101020001130010202020111102010203030301030312111112112131222232132331202020310313223202021211323313
100000000001001010002020010101101000212030110101020001130010202020111102010203030301030312111112112131222232132331202020310313223202021211323321133030
100000000001001010002020010101101000212030110101020001130010202020111102010203030301030312111112112131222232132331202020310313223202021211323321133031
100000000001001010002020010101101000212030110101020001130010202020111102010203030301030312111112112131222232132331202020310313223202021211323321133032
10000000000100101000202001010110100021203011010102000113001020202011110201020303030103031211111211213122223213233120202031031322320202121132332113303330
10000000000100101000202001010110100021203011010102000113001020202011110201020303030103031211111211213122223213233120202031031322320202121132332113303331
10000000000100101000202001010110100021203011010102000113001020202011110201020303030103031211111211213122223213233120202031031322320202121132332113303332121021
100000000001001010002020010101101000212030110101020001130010202020111102010203030301030312111112112131222232132331202020310313223202021211323321133033321210222120
100000000001001010002020010101101000212030110101020001130010202020111102010203030301030312111112112131222232132331202020310313223202021211323321133033321210222121
100000000001001010002020010101101000212030110101020001130010202020111102010203030301030312111112112131222232132331202020310313223202021211323321133033321210222122
100000000001001010002020010101101000212030110101020001130010202020111102010203030301030312111112112131222232132331202020310313223202021211323321133033321210222123
100000000001001010002020010101101000212030110101020001130010202020111102010203030301030312111112112131222232132331202020310313223202021211323321133033321210222130
100000000001001010002020010101101000212030110101020001130010202020111102010203030301030312111112112131222232132331202020310313223202021211323321133033321210222131
1000000000010010100020200101011010002120301101010200011300102020201111020102030303010303121111121121312222321323312020203103132232020212113233211330333212102221322
1000000000010010100020200101011010002120301101010200011300102020201111020102030303010303121111121121312222321323312020203103132232020212113233211330333212102221323303
10000000000100101000202001010110100021203011010102000113001020202011110201020303030103031211111211213122223213233120202031031322320202121132332113303332121022213233132
10000000000100101000202001010110100021203011010102000113001020202011110201020303030103031211111211213122223213233120202031031322320202121132332113303332121022213233133
10000000000100101000202001010110100021203011010102000113001020202011110201020303030103031211111211213122223213233120202031031322320202121132332113303332121022213233231
100000000001001010002020010101101000212030110101020001130010202020111102010203030301030312111112112131222232132331202020310313223202021211323321133033321210222132332323333
10000000000100101000202001010110100021203011010102000113001020202011110201020303030103031211111211213122223213233120202031031322320202121132332113303332121022213233233
100000000001001010002020010101101000212030110101020001130010202020111102010203030301030312111112112131222232132331202020310313223202021211323321133033321210222221220
100000000001001010002020010101101000212030110101020001130010202020111102010203030301030312111112112131222232132331202020310313223202021211323321133033321210222221221
100000000001001010002020010101101000212030110101020001130010202020111102010203030301030312111112112131222232132331202020310313223202021211323321133033321210222221222
100000000001001010002020010101101000212030110101020001130010202020111102010203030301030312111112112131222232132331202020310313223202021211323321133033321210222221223
1000000000010010100020200101011010002120301101010200011300102020201111020102030303010303121111121121312222321323312020203103132232020212113233211330333212102222212302
1000000000010010100020200101011010002120301101010200011300102020201111020102030303010303121111121121312222321323312020203103132232020212113233211330333212102222212303
1000000000010010100020200101011010002120301101010200011300102020201111020102030303010303121111121121312222321323312020203103132232020212113233211330333212102222212312
1000000000010010100020200101011010002120301101010200011300102020201111020102030303010303121111121121312222321323312020203103132232020212113233211330333212102222212313
10000000000100101000202001010110100021203011010102000113001020202011110201020303030103031211111211213122223213233120202031031322320202121132332113303332121022222123223
10000000000100101000202001010110100021203011010102000113001020202011110201020303030103031211111211213122223213233120202031031322320202121132332113303332121022222123233
1000000000010010100020200101011010002120301101010200011300102020201111020102030303010303121111121121312222321323312020203103132232020212113233211330333212102222212331303
100000000001001010002020010101101000212030110101020001130010202020111102010203030301030312111112112131222232132331202020310313223202021211323321133033321210222221233131
100000000001001010002020010101101000212030110101020001130010202020111102010203030301030312111112112131222232132331202020310313223202021211323321133033321210222221233132322
100000000001001010002020010101101000212030110101020001130010202020111102010203030301030312111112112131222232132331202020310313223202021211323321133033321210222221233132323
10000000000100101000202001010110100021203011010102000113001020202011110201020303030103031211111211213122223213233120202031031322320202121132332113303332121022222123313233
100000000001001010002020010101101000212030110101020001130010202020111102010203030301030312111112112131222232132331202020310313223202021211323321133033321210222221233133
10000000000100101000202001010110100021203011010102000113001020202011110201020303030103031211111211213122223213233120202031031322320202121132332113303332121022222131
10000000000100101000202001010110100021203011010102000113001020202011110201020303030103031211111211213122223213233120202031031322320202121132332113303332121022222132
10000000000100101000202001010110100021203011010102000113001020202011110201020303030103031211111211213122223213233120202031031322320202121132332113303332121022222133
1000000000010010100020200101011010002120301101010200011300102020201111020102030303010303121111121121312222321323312020203103132232020212113233211330333212102223
1000000000010010100020200101011010002120301101010200011300102020201111020102030303010303121111121121312222321323312020203103132232020212113233211330333212103
1000000000010010100020200101011010002120301101010200011300102020201111020102030303010303121111121121312222321323312020203103132232020212113233211330333212111211
1000000000010010100020200101011010002120301101010200011300102020201111020102030303010303121111121121312222321323312020203103132232020212113233211330333212111212
1000000000010010100020200101011010002120301101010200011300102020201111020102030303010303121111121121312222321323312020203103132232020212113233211330333212111213
1000000000010010100020200101011010002120301101010200011300102020201111020102030303010303121111121121312222321323312020203103132232020212113233211330333212111221
10000000000100101000202001010110100021203011010102000113001020202011110201020303030103031211111211213122223213233120202031031322320202121132332113303332121112223
100000000001001010002020010101101000212030110101020001130010202020111102010203030301030312111112112131222232132331202020310313223202021211323321133033321211123
100000000001001010002020010101101000212030110101020001130010202020111102010203030301030312111112112131222232132331202020310313223202021211323321133033321211131
100000000001001010002020010101101000212030110101020001130010202020111102010203030301030312111112112131222232132331202020310313223202021211323321133033321211132
100000000001001010002020010101101000212030110101020001130010202020111102010203030301030312111112112131222232132331202020310313223202021211323321133033321211133
100000000001001010002020010101101000212030110101020001130010202020111102010203030301030312111112112131222232132331202020310313223202021211323321133033321212
100000000001001010002020010101101000212030110101020001130010202020111102010203030301030312111112112131222232132331202020310313223202021211323321133033321213
1000000000010010100020200101011010002120301101010200011300102020201111020102030303010303121111121121312222321323312020203103132232020212113233211330333213
1000000000010010100020200101011010002120301101010200011300102020201111020102030303010303121111121121312222321323312020203103132232020212113233212
1000000000010010100020200101011010002120301101010200011300102020201111020102030303010303121111121121312222321323312020203103132232020212113233213
100000000001001010002020010101101000212030110101020001130010202020111102010203030301030312111112112131222232132331202020310313223202022
100000000001001010002020010101101000212030110101020001130010202020111102010203030301030312111112112131222232132331202020310313223202023
100000000001001010002020010101101000212030110101020001130010202020111102010203030301030312111112112131222232132331202020310313223202030
100000000001001010002020010101101000212030110101020001130010202020111102010203030301030312111112112131222232132331202020310313223202031
100000000001001010002020010101101000212030110101020001130010202020111102010203030301030312111112112131222232132331202020310313223202032
100000000001001010002020010101101000212030110101020001130010202020111102010203030301030312111112112131222232132331202020310313223202033
10000000000100101000202001010110100021203011010102000113001020202011110201020303030103031211111211213122223213233120203
100000000001001010002020010101101000212030110101020001130010202020111102011
100000000001001010002020010101101000212030110101020001130010202020111102012
100000000001001010002020010101101000212030110101020001130010202020111102013
10000000000100101000202001010110100021203011010102000113001020203
100000000001001010002020010101101001
100000000001001010002020010101101002
100000000001001010002020010101101003
1000000000010010100020201
1000000000010010100020202
1000000000010010100020203
3001000001020001000202001010110000200010301010002120
3001000001020001000202001010110000200010301010002121300102020201101030311201030103030
300100000102000100020200101011000020001030101000212130010202020110103031120103010303110111021112020201112120
300100000102000100020200101011000020001030101000212130010202020110103031120103010303110111021112020201112121222232130
300100000102000100020200101011000020001030101000212130010202020110103031120103010303110111021112020201112121222232131
30010000010200010002020010101100002000103010100021213001020202011010303112010301030311011102111202020111212122223213233222
300100000102000100020200101011000020001030101000212130010202020110103031120103010303110111021112020201112121222232132332231030
30010000010200010002020010101100002000103010100021213001020202011010303112010301030311011102111202020111212122223213233223103130
30010000010200010002020010101100002000103010100021213001020202011010303112010301030311011102111202020111212122223213233223103131
300100000102000100020200101011000020001030101000212130010202020110103031120103010303110111021112020201112121222232132332231031323311
300100000102000100020200101011000020001030101000212130010202020110103031120103010303110111021112020201112121222232132332231031323312
300100000102000100020200101011000020001030101000212130010202020110103031120103010303110111021112020201112121222232132332231031323313
300100000102000100020200101011000020001030101000212130010202020110103031120103010303110111021112020201112121222232132332231031323321133030
300100000102000100020200101011000020001030101000212130010202020110103031120103010303110111021112020201112121222232132332231031323321133031
300100000102000100020200101011000020001030101000212130010202020110103031120103010303110111021112020201112121222232132332231031323321133032
300100000102000100020200101011000020001030101000212130010202020110103031120103010303110111021112020201112121222232132332231031323321133033202020
30010000010200010002020010101100002000103010100021213001020202011010303112010301030311011102111202020111212122223213233223103132332113303320202121113330
300100000102000100020200101011000020001030101000212130010202020110103031120103010303110111021112020201112121222232132332231031323321133033202021211133312
300100000102000100020200101011000020001030101000212130010202020110103031120103010303110111021112020201112121222232132332231031323321133033202021211133313
30010000010200010002020010101100002000103010100021213001020202011010303112010301030311011102111202020111212122223213233223103132332113303320202121113332121021
300100000102000100020200101011000020001030101000212130010202020110103031120103010303110111021112020201112121222232132332231031323321133033202021211133321210222120
300100000102000100020200101011000020001030101000212130010202020110103031120103010303110111021112020201112121222232132332231031323321133033202021211133321210222121
300100000102000100020200101011000020001030101000212130010202020110103031120103010303110111021112020201112121222232132332231031323321133033202021211133321210222122
300100000102000100020200101011000020001030101000212130010202020110103031120103010303110111021112020201112121222232132332231031323321133033202021211133321210222123
300100000102000100020200101011000020001030101000212130010202020110103031120103010303110111021112020201112121222232132332231031323321133033202021211133321210222130
300100000102000100020200101011000020001030101000212130010202020110103031120103010303110111021112020201112121222232132332231031323321133033202021211133321210222131
3001000001020001000202001010110000200010301010002121300102020201101030311201030103031101110211120202011121212222321323322310313233211330332020212111333212102221322
3001000001020001000202001010110000200010301010002121300102020201101030311201030103031101110211120202011121212222321323322310313233211330332020212111333212102221323303
30010000010200010002020010101100002000103010100021213001020202011010303112010301030311011102111202020111212122223213233223103132332113303320202121113332121022213233132
30010000010200010002020010101100002000103010100021213001020202011010303112010301030311011102111202020111212122223213233223103132332113303320202121113332121022213233133
30010000010200010002020010101100002000103010100021213001020202011010303112010301030311011102111202020111212122223213233223103132332113303320202121113332121022213233231
300100000102000100020200101011000020001030101000212130010202020110103031120103010303110111021112020201112121222232132332231031323321133033202021211133321210222132332323333
30010000010200010002020010101100002000103010100021213001020202011010303112010301030311011102111202020111212122223213233223103132332113303320202121113332121022213233233
300100000102000100020200101011000020001030101000212130010202020110103031120103010303110111021112020201112121222232132332231031323321133033202021211133321210222221220
300100000102000100020200101011000020001030101000212130010202020110103031120103010303110111021112020201112121222232132332231031323321133033202021211133321210222221221
300100000102000100020200101011000020001030101000212130010202020110103031120103010303110111021112020201112121222232132332231031323321133033202021211133321210222221222
300100000102000100020200101011000020001030101000212130010202020110103031120103010303110111021112020201112121222232132332231031323321133033202021211133321210222221223
3001000001020001000202001010110000200010301010002121300102020201101030311201030103031101110211120202011121212222321323322310313233211330332020212111333212102222212302
3001000001020001000202001010110000200010301010002121300102020201101030311201030103031101110211120202011121212222321323322310313233211330332020212111333212102222212303
3001000001020001000202001010110000200010301010002121300102020201101030311201030103031101110211120202011121212222321323322310313233211330332020212111333212102222212312
3001000001020001000202001010110000200010301010002121300102020201101030311201030103031101110211120202011121212222321323322310313233211330332020212111333212102222212313
30010000010200010002020010101100002000103010100021213001020202011010303112010301030311011102111202020111212122223213233223103132332113303320202121113332121022222123223
3001000001020001000202001010110000200010301010002121300102020201101030311201030103031101110211120202011121212222321323322310313233211330332020212111333212102222212323
3001000001020001000202001010110000200010301010002121300102020201101030311201030103031101110211120202011121212222321323322310313233211330332020212111333212102222212331303
300100000102000100020200101011000020001030101000212130010202020110103031120103010303110111021112020201112121222232132332231031323321133033202021211133321210222221233131
300100000102000100020200101011000020001030101000212130010202020110103031120103010303110111021112020201112121222232132332231031323321133033202021211133321210222221233132322
300100000102000100020200101011000020001030101000212130010202020110103031120103010303110111021112020201112121222232132332231031323321133033202021211133321210222221233132323
30010000010200010002020010101100002000103010100021213001020202011010303112010301030311011102111202020111212122223213233223103132332113303320202121113332121022222123313233
300100000102000100020200101011000020001030101000212130010202020110103031120103010303110111021112020201112121222232132332231031323321133033202021211133321210222221233133
30010000010200010002020010101100002000103010100021213001020202011010303112010301030311011102111202020111212122223213233223103132332113303320202121113332121022222131
30010000010200010002020010101100002000103010100021213001020202011010303112010301030311011102111202020111212122223213233223103132332113303320202121113332121022222132
30010000010200010002020010101100002000103010100021213001020202011010303112010301030311011102111202020111212122223213233223103132332113303320202121113332121022222133
3001000001020001000202001010110000200010301010002121300102020201101030311201030103031101110211120202011121212222321323322310313233211330332020212111333212102223
3001000001020001000202001010110000200010301010002121300102020201101030311201030103031101110211120202011121212222321323322310313233211330332020212111333212103
3001000001020001000202001010110000200010301010002121300102020201101030311201030103031101110211120202011121212222321323322310313233211330332020212111333212111211
3001000001020001000202001010110000200010301010002121300102020201101030311201030103031101110211120202011121212222321323322310313233211330332020212111333212111212
3001000001020001000202001010110000200010301010002121300102020201101030311201030103031101110211120202011121212222321323322310313233211330332020212111333212111213
3001000001020001000202001010110000200010301010002121300102020201101030311201030103031101110211120202011121212222321323322310313233211330332020212111333212111221
30010000010200010002020010101100002000103010100021213001020202011010303112010301030311011102111202020111212122223213233223103132332113303320202121113332121112223
300100000102000100020200101011000020001030101000212130010202020110103031120103010303110111021112020201112121222232132332231031323321133033202021211133321211123
300100000102000100020200101011000020001030101000212130010202020110103031120103010303110111021112020201112121222232132332231031323321133033202021211133321211131
300100000102000100020200101011000020001030101000212130010202020110103031120103010303110111021112020201112121222232132332231031323321133033202021211133321211132
300100000102000100020200101011000020001030101000212130010202020110103031120103010303110111021112020201112121222232132332231031323321133033202021211133321211133
300100000102000100020200101011000020001030101000212130010202020110103031120103010303110111021112020201112121222232132332231031323321133033202021211133321212
300100000102000100020200101011000020001030101000212130010202020110103031120103010303110111021112020201112121222232132332231031323321133033202021211133321213
3001000001020001000202001010110000200010301010002121300102020201101030311201030103031101110211120202011121212222321323322310313233211330332020212111333213
300100000102000100020200101011000020001030101000212130010202020110103031120103010303110111021112020201112121222232132332231031323321133033202022
300100000102000100020200101011000020001030101000212130010202020110103031120103010303110111021112020201112121222232132332231031323321133033202023
300100000102000100020200101011000020001030101000212130010202020110103031120103010303110111021112020201112121222232132332231031323321133033202030
300100000102000100020200101011000020001030101000212130010202020110103031120103010303110111021112020201112121222232132332231031323321133033202031
300100000102000100020200101011000020001030101000212130010202020110103031120103010303110111021112020201112121222232132332231031323321133033202032
300100000102000100020200101011000020001030101000212130010202020110103031120103010303110111021112020201112121222232132332231031323321133033202033
3001000001020001000202001010110000200010301010002121300102020201101030311201030103031101110211120202011121212222321323322310313233212
3001000001020001000202001010110000200010301010002121300102020201101030311201030103031101110211120202011121212222321323322310313233213
300100000102000100020200101011000020001030101000212130010202020110103031120103010303110111021112020202
300100000102000100020200101011000020001030101000212130010202020110103031120103010303110111021112020203
3001000001020001000202001010110000200010301010002121300102020201101030311201030103031101110211120203
30010000010200010002020010101100002000103010100021213001020202011010303112011
30010000010200010002020010101100002000103010100021213001020202011010303112012
30010000010200010002020010101100002000103010100021213001020202011010303112013
30010000010200010002020010101100002000103010100021213001020203
300100000102000100020200101011000020001030101001
300100000102000100020200101011000020001030101002
300100000102000100020200101011000020001030101003
300100000102000100020201
300100000102000100020202
300100000102000100020203
