000
0100
020
0300
0010
0020
0030
01100
0120
01300
0101
0102
0103
021
022
023
0310
0320
0330
0301
0302
0303
0011
0012
0013
0021
0022
0023
0031
0032
0033
011100
01120
01130
01101
01102
01103
0121
0122
0123
01310
01320
01330
01301
01302
01303
0311
0312
0313
0321
0322
0323
0331
0332
0333
0111100
011120
011130
011101
011102
011103
01121
01122
01123
01131
01132
01133
01311
01312
01313
01321
01322
01323
01331
01332
01333
0111110
0111120
0111130
0111101
0111102
0111103
011121
011122
011123
011131
011132
011133
0111111
0111112
0111113
0111121
0111122
0111123
0111131
0111132
0111133
10000
1100
120
130
101
1020
1030
100100
10020
10030
10001
10002
10003
1110
1120
1130
1101
1102
1103
121
122
123
131
132
133
1021
1022
1023
1031
1032
1033
1001100
100120
100130
100101
100102
100103
10021
10022
10023
10031
10032
10033
1111
1112
1113
1121
1122
1123
1131
1132
1133
10011100
1001120
1001130
1001101
1001102
1001103
100121
100122
100123
100131
100132
100133
100111100
10011120
10011130
10011101
10011102
10011103
1001121
1001122
1001123
1001131
1001132
1001133
100111110
100111120
100111130
100111101
100111102
100111103
10011121
10011122
10011123
10011131
10011132
10011133
100111111
100111112
100111113
100111121
100111122
100111123
100111131
100111132
100111133
2000
2100
220
2300
2010
202
2030
2001
2002
2003
21100
2120
21300
2101
2102
2103
221
222
223
2310
2320
2330
2301
2302
2303
2011
2012
2013
2031
2032
2033
211100
21120
21130
21101
21102
21103
2121
2122
2123
21310
21320
21330
21301
21302
21303
2311
2312
2313
2321
2322
2323
2331
2332
2333
2111100
211120
211130
211101
211102
211103
21121
21122
21123
21131
21132
21133
21311
21312
21313
21321
21322
21323
21331
21332
21333
2111110
2111120
2111130
2111101
2111102
2111103
211121
211122
211123
211131
211132
211133
2111111
2111112
2111113
2111121
2111122
2111123
2111131
2111132
2111133
3000
3100
320
33
30100
3020
3030
3001
3002
3003
31100
3120
3130
3101
3102
3103
321
322
323
301100
30120
30130
30101
30102
30103
3021
3022
3023
3031
3032
3033
31110
31120
31130
31101
31102
31103
3121
3122
3123
3131
3132
3133
3011100
301120
301130
301101
301102
301103
30121
30122
30123
30131
30132
30133
31111
31112
31113
31121
31122
31123
31131
31132
31133
30111100
3011120
3011130
3011101
3011102
3011103
301121
301122
301123
301131
301132
301133
30111110
30111120
30111130
30111101
30111102
30111103
3011121
3011122
3011123
3011131
3011132
3011133
30111111
30111112
30111113
30111121
30111122
30111123
30111131
30111132
30111133
