0 13 3 13 1 7 0 9 6 11 0 11 0 3 13 2 3 6 7 13 3 13
0 13 3 13 1 7 0 9 6 11 0 11 0 3 13 2 3 6 7 8 10 2 3
0 13 3 13 1 7 0 9 6 11 0 11 0 3 13 2 3 6 7 8 10 2 10 6 0
0 13 3 13 1 7 0 9 6 11 0 11 0 3 13 2 3 6 7 8 10 2 10 6 3
0 13 3 13 1 7 0 9 6 11 0 11 0 3 13 2 3 6 7 8 10 2 10 11 3
0 13 3 13 1 7 0 9 6 11 0 11 0 3 13 2 3 6 7 8 10 2 10 2 10
0 13 3 13 1 7 0 9 6 11 0 11 0 3 13 2 3 6 7 8 0
0 13 3 13 1 7 0 9 6 11 0 11 0 3 13 2 3 6 7 8 3
0 13 3 13 1 7 0 9 6 11 0 11 0 3 13 2 3 6 7 12 9 8
0 13 3 13 1 7 0 9 6 11 0 11 0 3 13 2 3 6 7 12 9 12 13
0 13 3 13 1 7 0 9 6 11 0 11 0 3 13 2 3 6 7 12 9 12 11
0 13 3 13 1 7 0 9 6 11 0 11 0 3 13 2 3 6 7 12 9 4 12
0 13 3 13 1 7 0 9 6 11 0 11 0 3 13 2 3 6 7 12 9 4 4 5 8
0 13 3 13 1 7 0 9 6 11 0 11 0 3 13 2 3 6 7 12 9 4 4 5 2
0 13 3 13 1 7 0 9 6 11 0 11 0 3 13 2 3 6 7 12 9 4 4 5 0
0 13 3 13 1 11
