0,2,0,8,4,3,1,10,11,5,8,9,11,1,4,11,0,11,0,0
0,2,0,8,4,3,1,10,11,5,8,9,11,1,4,7,8,3,9,1,8,2,10,8
0,2,0,8,4,3,1,10,11,5,8,9,11,1,4,7,8,3,9,1,8,2,10,11
0,2,0,8,4,3,1,10,11,5,8,9,11,1,4,7,8,3,9,1,8,2,10,9,9,1,1
0,2,0,8,4,3,1,10,11,5,8,9,11,1,4,7,8,3,9,1,8,2,7,2,10
0,2,0,8,4,3,1,10,11,5,8,9,11,1,4,7,8,3,9,1,8,2,7,6,11
0,2,0,8,4,3,1,10,11,5,8,9,11,1,4,7,8,3,9,1,8,2,7,6,2
0,2,0,8,4,3,1,10,11,5,8,9,11,1,4,7,8,3,11
0,2,0,8,4,3,1,10,11,5,8,9,11,1,4,0
0,2,0,8,4,3,1,10,11,5,10
0,2,0,8,4,3,1,10,11,5,9
0,2,0,8,4,3,1,10,11,5,0
