100000011000100201002030120210111020310111212030202011030302120013022312130
100000011000100201002030120210111020310111212030202011030302120013022312131
100000011000100201002030120210111020310111212030202011030302120013022312132212223110
1000000110001002010020301202101110203101112120302020110303021200130223121322122231113011321
1000000110001002010020301202101110203101112120302020110303021200130223121322122231113011322120
1000000110001002010020301202101110203101112120302020110303021200130223121322122231113011322121
1000000110001002010020301202101110203101112120302020110303021200130223121322122231113011322122
100000011000100201002030120210111020310111212030202011030302120013022312132212223111301132212322231310333230
100000011000100201002030120210111020310111212030202011030302120013022312132212223111301132212322231310333231
10000001100010020100203012021011102031011121203020201103030212001302231213221222311130113221232223131033323233233
100000011000100201002030120210111020310111212030202011030302120013022312132212223111301132212322231310333233203
100000011000100201002030120210111020310111212030202011030302120013022312132212223111301132212322231310333233212
10000001100010020100203012021011102031011121203020201103030212001302231213221222311130113221232223131033323321330
10000001100010020100203012021011102031011121203020201103030212001302231213221222311130113221232223131033323321331
100000011000100201002030120210111020310111212030202011030302120013022312132212223111301132212322231310333233213321130
100000011000100201002030120210111020310111212030202011030302120013022312132212223111301132212322231310333233213321131
100000011000100201002030120210111020310111212030202011030302120013022312132212223111301132212322231310333233213321132
100000011000100201002030120210111020310111212030202011030302120013022312132212223111301132212322231310333233213321133
1000000110001002010020301202101110203101112120302020110303021200130223121322122231113011322123222313103332332133212
1000000110001002010020301202101110203101112120302020110303021200130223121322122231113011322123222313103332332133213
1000000110001002010020301202101110203101112120302020110303021200130223121322122231113011322123222313103332332133222331
1000000110001002010020301202101110203101112120302020110303021200130223121322122231113011322123222313103332332133222332
1000000110001002010020301202101110203101112120302020110303021200130223121322122231113011322123222313103332332133222333
1000000110001002010020301202101110203101112120302020110303021200130223121322122231113011322123222313103332332133223
100000011000100201002030120210111020310111212030202011030302120013022312132212223111301133
100000011000100201002030120210111020310111212030202011030302120013022312132212223111302
100000011000100201002030120210111020310111212030202011030302120013022312132212223111303
100000011000100201002030120210111020310111212030202011030302120013022312132212223112
100000011000100201002030120210111020310111212030202011030302120013022312132212223113
1000000110001002010020301202101110203101112120302020110303021200130223121322123
1000000110001002010020301202101110203101113
10000001100010020100203012021011103
10000001100010020101
10000001100010020102
10000001100010020103
300001001000020100203100110110202101111203201102110
300001001000020100203100110110202101111203201102111203020303021200130223121213011213120
300001001000020100203100110110202101111203201102111203020303021200130223121213011213121
300001001000020100203100110110202101111203201102111203020303021200130223121213011213122
3000010010000201002031001101102021011112032011021112030203030212001302231212130112131232221
300001001000020100203100110110202101111203201102111203020303021200130223121213011213123222230
300001001000020100203100110110202101111203201102111203020303021200130223121213011213123222231
300001001000020100203100110110202101111203201102111203020303021200130223121213011213123222232222331310330
300001001000020100203100110110202101111203201102111203020303021200130223121213011213123222232222331310331323232333
30000100100002010020310011011020210111120320110211120302030302120013022312121301121312322223222233131033132333203
30000100100002010020310011011020210111120320110211120302030302120013022312121301121312322223222233131033132333212
3000010010000201002031001101102021011112032011021112030203030212001302231212130112131232222322223313103313233321330
3000010010000201002031001101102021011112032011021112030203030212001302231212130112131232222322223313103313233321331
30000100100002010020310011011020210111120320110211120302030302120013022312121301121312322223222233131033132333213321130
30000100100002010020310011011020210111120320110211120302030302120013022312121301121312322223222233131033132333213321131
30000100100002010020310011011020210111120320110211120302030302120013022312121301121312322223222233131033132333213321132
30000100100002010020310011011020210111120320110211120302030302120013022312121301121312322223222233131033132333213321133
300001001000020100203100110110202101111203201102111203020303021200130223121213011213123222232222331310331323332133212
300001001000020100203100110110202101111203201102111203020303021200130223121213011213123222232222331310331323332133213
300001001000020100203100110110202101111203201102111203020303021200130223121213011213123222232222331310331323332133222331
300001001000020100203100110110202101111203201102111203020303021200130223121213011213123222232222331310331323332133222332
300001001000020100203100110110202101111203201102111203020303021200130223121213011213123222232222331310331323332133222333
300001001000020100203100110110202101111203201102111203020303021200130223121213011213123222232222331310331323332133223
300001001000020100203100110110202101111203201102111203020303021200130223121213011213123222232223
30000100100002010020310011011020210111120320110211120302030302120013022312121302
30000100100002010020310011011020210111120320110211120302030302120013022312121303
300001001000020100203100110110202101111203201102112
300001001000020100203100110110202101111203201102113
3000010010000201002031001101102021011113
3000010010000201002031001101103
300001001000020101
300001001000020102
300001001000020103
000100100002010020300301020011010201103030212001302231102021120
0001001000020100203003010200110102011030302120013022311020211212031112122212232110
000100100002010020300301020011010201103030212001302231102021121203111212221223211130113120
000100100002010020300301020011010201103030212001302231102021121203111212221223211130113121
000100100002010020300301020011010201103030212001302231102021121203111212221223211130113122
0001001000020100203003010200110102011030302120013022311020211212031112122212232111301131232221
000100100002010020300301020011010201103030212001302231102021121203111212221223211130113123222230
000100100002010020300301020011010201103030212001302231102021121203111212221223211130113123222231
000100100002010020300301020011010201103030212001302231102021121203111212221223211130113123222232
00010010000201002030030102001101020110303021200130223110202112120311121222122321113011312322223310330
000100100002010020300301020011010201103030212001302231102021121203111212221223211130113123222233103313232313203
000100100002010020300301020011010201103030212001302231102021121203111212221223211130113123222233103313232313212
00010010000201002030030102001101020110303021200130223110202112120311121222122321113011312322223310331323231321330
00010010000201002030030102001101020110303021200130223110202112120311121222122321113011312322223310331323231321331
000100100002010020300301020011010201103030212001302231102021121203111212221223211130113123222233103313232313213321130
000100100002010020300301020011010201103030212001302231102021121203111212221223211130113123222233103313232313213321131
000100100002010020300301020011010201103030212001302231102021121203111212221223211130113123222233103313232313213321132
000100100002010020300301020011010201103030212001302231102021121203111212221223211130113123222233103313232313213321133
0001001000020100203003010200110102011030302120013022311020211212031112122212232111301131232222331033132323132133212
0001001000020100203003010200110102011030302120013022311020211212031112122212232111301131232222331033132323132133213
0001001000020100203003010200110102011030302120013022311020211212031112122212232111301131232222331033132323132133222331
0001001000020100203003010200110102011030302120013022311020211212031112122212232111301131232222331033132323132133222332
0001001000020100203003010200110102011030302120013022311020211212031112122212232111301131232222331033132323132133222333
0001001000020100203003010200110102011030302120013022311020211212031112122212232111301131232222331033132323132133223
000100100002010020300301020011010201103030212001302231102021121203111212221223211130113123222233103313232323333
000100100002010020300301020011010201103030212001302231102021121203111212221223211130113123222233103313233
0001001000020100203003010200110102011030302120013022311020211212031112122212232111302
0001001000020100203003010200110102011030302120013022311020211212031112122212232111303
0001001000020100203003010200110102011030302120013022311020211212031112122212232112
0001001000020100203003010200110102011030302120013022311020211212031112122212232113
00010010000201002030030102001101020110303021200130223110202112120311121222123
0001001000020100203003010200110102011030302120013022311020211212031113
000100100002010020300301020011010201103030212001302231103
0001001000020101
0001001000020102
0001001000020103
2000001001001002101100020301110202201020110302112031122030302120013022312121223110
20000010010010021011000203011102022010201103021120311220303021200130223121212231113011321
20000010010010021011000203011102022010201103021120311220303021200130223121212231113011322120
20000010010010021011000203011102022010201103021120311220303021200130223121212231113011322121
20000010010010021011000203011102022010201103021120311220303021200130223121212231113011322122
2000001001001002101100020301110202201020110302112031122030302120013022312121223111301132212322231310330
200000100100100210110002030111020220102011030211203112203030212001302231212122311130113221232223131033132
200000100100100210110002030111020220102011030211203112203030212001302231212122311130113221232223131033133230
200000100100100210110002030111020220102011030211203112203030212001302231212122311130113221232223131033133231
20000010010010021011000203011102022010201103021120311220303021200130223121212231113011322123222313103313323233233
200000100100100210110002030111020220102011030211203112203030212001302231212122311130113221232223131033133233203
200000100100100210110002030111020220102011030211203112203030212001302231212122311130113221232223131033133233212
20000010010010021011000203011102022010201103021120311220303021200130223121212231113011322123222313103313323321330
20000010010010021011000203011102022010201103021120311220303021200130223121212231113011322123222313103313323321331
200000100100100210110002030111020220102011030211203112203030212001302231212122311130113221232223131033133233213321130
200000100100100210110002030111020220102011030211203112203030212001302231212122311130113221232223131033133233213321131
200000100100100210110002030111020220102011030211203112203030212001302231212122311130113221232223131033133233213321132
200000100100100210110002030111020220102011030211203112203030212001302231212122311130113221232223131033133233213321133
2000001001001002101100020301110202201020110302112031122030302120013022312121223111301132212322231310331332332133212
2000001001001002101100020301110202201020110302112031122030302120013022312121223111301132212322231310331332332133213
2000001001001002101100020301110202201020110302112031122030302120013022312121223111301132212322231310331332332133222331
2000001001001002101100020301110202201020110302112031122030302120013022312121223111301132212322231310331332332133222332
2000001001001002101100020301110202201020110302112031122030302120013022312121223111301132212322231310331332332133222333
2000001001001002101100020301110202201020110302112031122030302120013022312121223111301132212322231310331332332133223
2000001001001002101100020301110202201020110302112031122030302120013022312121223111301133
2000001001001002101100020301110202201020110302112031122030302120013022312121223111302
2000001001001002101100020301110202201020110302112031122030302120013022312121223111303
2000001001001002101100020301110202201020110302112031122030302120013022312121223112
2000001001001002101100020301110202201020110302112031122030302120013022312121223113
2000001001001002101100020301110202201020110302112031123
2000001001001002101100020301110202201020110302113
20000010010010021011000203011103
200000100101
200000100102
200000100103
