086171171119955103121221193193109
08617117111995510312122119319310111181129
08617117111995510312122119319310111181111
086171171119955103121221193193101111811112
08617117111995510312122119319310111181111411
08617117111995510312122119319310111181111419
0861711711199551031212211931931011118111140
086171171119955103121221193193101111811114510
0861711711199551031212211931931011118111145159
086171171119955103121221193193101111811
086171171119955103121221193193101111819
08617117111995510312122119319310111181
086171171119955103121221193193101371
086171171119955103121221193193101378
08618
08619
08611
086169
086165
