20000000100001010001011020300001010010
20000000100001010001011020300001010011100101010020011011202020302111020211020203020121203030
200000001000010100010110203000010100111001010100200110112020203021110202110202030201212030312120
20000000100001010001011020300001010011100101010020011011202020302111020211020203020121203031212121020130313030
20000000100001010001011020300001010011100101010020011011202020302111020211020203020121203031212121020130313031
20000000100001010001011020300001010011100101010020011011202020302111020211020203020121203031212121020130313032130
20000000100001010001011020300001010011100101010020011011202020302111020211020203020121203031212121020130313032131
2000000010000101000101102030000101001110010101002001101120202030211102021102020302012120303121212102013031303213222021
20000000100001010001011020300001010011100101010020011011202020302111020211020203020121203031212121020130313032132220222113230
2000000010000101000101102030000101001110010101002001101120202030211102021102020302012120303121212102013031303213222022211323130
2000000010000101000101102030000101001110010101002001101120202030211102021102020302012120303121212102013031303213222022211323131
200000001000010100010110203000010100111001010100200110112020203021110202110202030201212030312121210201303130321322202221132313230200
200000001000010100010110203000010100111001010100200110112020203021110202110202030201212030312121210201303130321322202221132313230201
200000001000010100010110203000010100111001010100200110112020203021110202110202030201212030312121210201303130321322202221132313230202
2000000010000101000101102030000101001110010101002001101120202030211102021102020302012120303121212102013031303213222022211323132302031
20000000100001010001011020300001010011100101010020011011202020302111020211020203020121203031212121020130313032132220222113231323020322333
200000001000010100010110203000010100111001010100200110112020203021110202110202030201212030312121210201303130321322202221132313230210
200000001000010100010110203000010100111001010100200110112020203021110202110202030201212030312121210201303130321322202221132313230211
200000001000010100010110203000010100111001010100200110112020203021110202110202030201212030312121210201303130321322202221132313230212
200000001000010100010110203000010100111001010100200110112020203021110202110202030201212030312121210201303130321322202221132313230213
200000001000010100010110203000010100111001010100200110112020203021110202110202030201212030312121210201303130321322202221132313230220111
200000001000010100010110203000010100111001010100200110112020203021110202110202030201212030312121210201303130321322202221132313230220112
2000000010000101000101102030000101001110010101002001101120202030211102021102020302012120303121212102013031303213222022211323132302201131
20000000100001010001011020300001010011100101010020011011202020302111020211020203020121203031212121020130313032132220222113231323022011323
200000001000010100010110203000010100111001010100200110112020203021110202110202030201212030312121210201303130321322202221132313230220113303111210
200000001000010100010110203000010100111001010100200110112020203021110202110202030201212030312121210201303130321322202221132313230220113303111211302
200000001000010100010110203000010100111001010100200110112020203021110202110202030201212030312121210201303130321322202221132313230220113303111211303
2000000010000101000101102030000101001110010101002001101120202030211102021102020302012120303121212102013031303213222022211323132302201133031112113123
2000000010000101000101102030000101001110010101002001101120202030211102021102020302012120303121212102013031303213222022211323132302201133031112113132112
20000000100001010001011020300001010011100101010020011011202020302111020211020203020121203031212121020130313032132220222113231323022011330311121131321131230
20000000100001010001011020300001010011100101010020011011202020302111020211020203020121203031212121020130313032132220222113231323022011330311121131321131231
20000000100001010001011020300001010011100101010020011011202020302111020211020203020121203031212121020130313032132220222113231323022011330311121131321131232
20000000100001010001011020300001010011100101010020011011202020302111020211020203020121203031212121020130313032132220222113231323022011330311121131321131233
2000000010000101000101102030000101001110010101002001101120202030211102021102020302012120303121212102013031303213222022211323132302201133031112113132113130
2000000010000101000101102030000101001110010101002001101120202030211102021102020302012120303121212102013031303213222022211323132302201133031112113132113131
20000000100001010001011020300001010011100101010020011011202020302111020211020203020121203031212121020130313032132220222113231323022011330311121131321131322120
20000000100001010001011020300001010011100101010020011011202020302111020211020203020121203031212121020130313032132220222113231323022011330311121131321131322121
20000000100001010001011020300001010011100101010020011011202020302111020211020203020121203031212121020130313032132220222113231323022011330311121131321131322122
2000000010000101000101102030000101001110010101002001101120202030211102021102020302012120303121212102013031303213222022211323132302201133031112113132113132212322
2000000010000101000101102030000101001110010101002001101120202030211102021102020302012120303121212102013031303213222022211323132302201133031112113132113132212323
200000001000010100010110203000010100111001010100200110112020203021110202110202030201212030312121210201303130321322202221132313230220113303111211313211313221233222
20000000100001010001011020300001010011100101010020011011202020302111020211020203020121203031212121020130313032132220222113231323022011330311121131321131322123322332
20000000100001010001011020300001010011100101010020011011202020302111020211020203020121203031212121020130313032132220222113231323022011330311121131321131322123322333
200000001000010100010110203000010100111001010100200110112020203021110202110202030201212030312121210201303130321322202221132313230220113303111211313211313221233232
200000001000010100010110203000010100111001010100200110112020203021110202110202030201212030312121210201303130321322202221132313230220113303111211313211313221233233
20000000100001010001011020300001010011100101010020011011202020302111020211020203020121203031212121020130313032132220222113231323022011330311121131321131322123331
200000001000010100010110203000010100111001010100200110112020203021110202110202030201212030312121210201303130321322202221132313230220113303111211313211313221233323312
200000001000010100010110203000010100111001010100200110112020203021110202110202030201212030312121210201303130321322202221132313230220113303111211313211313221233323313003
2000000010000101000101102030000101001110010101002001101120202030211102021102020302012120303121212102013031303213222022211323132302201133031112113132113132212333233130122022
2000000010000101000101102030000101001110010101002001101120202030211102021102020302012120303121212102013031303213222022211323132302201133031112113132113132212333233130122023
200000001000010100010110203000010100111001010100200110112020203021110202110202030201212030312121210201303130321322202221132313230220113303111211313211313221233323313012203
200000001000010100010110203000010100111001010100200110112020203021110202110202030201212030312121210201303130321322202221132313230220113303111211313211313221233323313012210
20000000100001010001011020300001010011100101010020011011202020302111020211020203020121203031212121020130313032132220222113231323022011330311121131321131322123332331301221131
20000000100001010001011020300001010011100101010020011011202020302111020211020203020121203031212121020130313032132220222113231323022011330311121131321131322123332331301221132
20000000100001010001011020300001010011100101010020011011202020302111020211020203020121203031212121020130313032132220222113231323022011330311121131321131322123332331301221133
200000001000010100010110203000010100111001010100200110112020203021110202110202030201212030312121210201303130321322202221132313230220113303111211313211313221233323313012212
200000001000010100010110203000010100111001010100200110112020203021110202110202030201212030312121210201303130321322202221132313230220113303111211313211313221233323313012213
200000001000010100010110203000010100111001010100200110112020203021110202110202030201212030312121210201303130321322202221132313230220113303111211313211313221233323313012220
200000001000010100010110203000010100111001010100200110112020203021110202110202030201212030312121210201303130321322202221132313230220113303111211313211313221233323313012221
2000000010000101000101102030000101001110010101002001101120202030211102021102020302012120303121212102013031303213222022211323132302201133031112113132113132212333233130122221101
2000000010000101000101102030000101001110010101002001101120202030211102021102020302012120303121212102013031303213222022211323132302201133031112113132113132212333233130122221102
2000000010000101000101102030000101001110010101002001101120202030211102021102020302012120303121212102013031303213222022211323132302201133031112113132113132212333233130122221103
200000001000010100010110203000010100111001010100200110112020203021110202110202030201212030312121210201303130321322202221132313230220113303111211313211313221233323313012222111202
200000001000010100010110203000010100111001010100200110112020203021110202110202030201212030312121210201303130321322202221132313230220113303111211313211313221233323313012222111203321
200000001000010100010110203000010100111001010100200110112020203021110202110202030201212030312121210201303130321322202221132313230220113303111211313211313221233323313012222111203322
2000000010000101000101102030000101001110010101002001101120202030211102021102020302012120303121212102013031303213222022211323132302201133031112113132113132212333233130122221112033231
20000000100001010001011020300001010011100101010020011011202020302111020211020203020121203031212121020130313032132220222113231323022011330311121131321131322123332331301222211120332323
20000000100001010001011020300001010011100101010020011011202020302111020211020203020121203031212121020130313032132220222113231323022011330311121131321131322123332331301222211120332330
20000000100001010001011020300001010011100101010020011011202020302111020211020203020121203031212121020130313032132220222113231323022011330311121131321131322123332331301222211120332331
20000000100001010001011020300001010011100101010020011011202020302111020211020203020121203031212121020130313032132220222113231323022011330311121131321131322123332331301222211120332332
20000000100001010001011020300001010011100101010020011011202020302111020211020203020121203031212121020130313032132220222113231323022011330311121131321131322123332331301222211120332333
200000001000010100010110203000010100111001010100200110112020203021110202110202030201212030312121210201303130321322202221132313230220113303111211313211313221233323313012222111203333
200000001000010100010110203000010100111001010100200110112020203021110202110202030201212030312121210201303130321322202221132313230220113303111211313211313221233323313012222111212
200000001000010100010110203000010100111001010100200110112020203021110202110202030201212030312121210201303130321322202221132313230220113303111211313211313221233323313012222111213
200000001000010100010110203000010100111001010100200110112020203021110202110202030201212030312121210201303130321322202221132313230220113303111211313211313221233323313012222111223
2000000010000101000101102030000101001110010101002001101120202030211102021102020302012120303121212102013031303213222022211323132302201133031112113132113132212333233130122221112303
200000001000010100010110203000010100111001010100200110112020203021110202110202030201212030312121210201303130321322202221132313230220113303111211313211313221233323313012222111231
200000001000010100010110203000010100111001010100200110112020203021110202110202030201212030312121210201303130321322202221132313230220113303111211313211313221233323313012222111232
200000001000010100010110203000010100111001010100200110112020203021110202110202030201212030312121210201303130321322202221132313230220113303111211313211313221233323313012222111233
20000000100001010001011020300001010011100101010020011011202020302111020211020203020121203031212121020130313032132220222113231323022011330311121131321131322123332331301222211130
20000000100001010001011020300001010011100101010020011011202020302111020211020203020121203031212121020130313032132220222113231323022011330311121131321131322123332331301222211131
20000000100001010001011020300001010011100101010020011011202020302111020211020203020121203031212121020130313032132220222113231323022011330311121131321131322123332331301222211132
20000000100001010001011020300001010011100101010020011011202020302111020211020203020121203031212121020130313032132220222113231323022011330311121131321131322123332331301222211133
20000000100001010001011020300001010011100101010020011011202020302111020211020203020121203031212121020130313032132220222113231323022011330311121131321131322123332331301222212
20000000100001010001011020300001010011100101010020011011202020302111020211020203020121203031212121020130313032132220222113231323022011330311121131321131322123332331301222213
20000000100001010001011020300001010011100101010020011011202020302111020211020203020121203031212121020130313032132220222113231323022011330311121131321131322123332331301222221
20000000100001010001011020300001010011100101010020011011202020302111020211020203020121203031212121020130313032132220222113231323022011330311121131321131322123332331301222222
20000000100001010001011020300001010011100101010020011011202020302111020211020203020121203031212121020130313032132220222113231323022011330311121131321131322123332331301222223
20000000100001010001011020300001010011100101010020011011202020302111020211020203020121203031212121020130313032132220222113231323022011330311121131321131322123332331301222233
2000000010000101000101102030000101001110010101002001101120202030211102021102020302012120303121212102013031303213222022211323132302201133031112113132113132212333233130123
2000000010000101000101102030000101001110010101002001101120202030211102021102020302012120303121212102013031303213222022211323132302201133031112113132113132213
2000000010000101000101102030000101001110010101002001101120202030211102021102020302012120303121212102013031303213222022211323132302201133031113
2000000010000101000101102030000101001110010101002001101120202030211102021102020302012120303121212102013031303213222022211323132302202
2000000010000101000101102030000101001110010101002001101120202030211102021102020302012120303121212102013031303213222022211323132302203
2000000010000101000101102030000101001110010101002001101120202030211102021102020302012120303121212102013031303213222022211323132303
20000000100001010001011020300001010011100101010020011011202020302111020211020203020121203031212121020130313032133
2000000010000101000101102030000101001110010101002001101120202030211102021102020302012120303121212103
2000000010000101000101102030000101001110010101002001101120202030211102021102020302012120303122
2000000010000101000101102030000101001110010101002001101120202030211102021102020302012120303123
200000001000010100010110203000010100111001010100200110112020203021110203
200000001000010100010110203000010100111001010100200111
200000001000010100010110203000010100111001010100200112
200000001000010100010110203000010100111001010100200113
20000000100001010001011020300001010011101
20000000100001010001011020300001010011102
20000000100001010001011020300001010011103
00000000001010101010020000101102030000010111101010010
000000000010101010100200001011020300000101111010100112020203030201101120110202110210201302120313030
000000000010101010100200001011020300000101111010100112020203030201101120110202110210201302120313031
00000000001010101010020000101102030000010111101010011202020303020110112011020211021020130212031303212021203030
0000000000101010101002000010110203000001011110101001120202030302011011201102021102102013021203130321202120303130
0000000000101010101002000010110203000001011110101001120202030302011011201102021102102013021203130321202120303131
000000000010101010100200001011020300000101111010100112020203030201101120110202110210201302120313032120212030313222021
0000000000101010101002000010110203000001011110101001120202030302011011201102021102102013021203130321202120303132220222113230
000000000010101010100200001011020300000101111010100112020203030201101120110202110210201302120313032120212030313222022211323130
000000000010101010100200001011020300000101111010100112020203030201101120110202110210201302120313032120212030313222022211323131
00000000001010101010020000101102030000010111101010011202020303020110112011020211021020130212031303212021203031322202221132313230200
00000000001010101010020000101102030000010111101010011202020303020110112011020211021020130212031303212021203031322202221132313230201
00000000001010101010020000101102030000010111101010011202020303020110112011020211021020130212031303212021203031322202221132313230202
000000000010101010100200001011020300000101111010100112020203030201101120110202110210201302120313032120212030313222022211323132302031
0000000000101010101002000010110203000001011110101001120202030302011011201102021102102013021203130321202120303132220222113231323020322333
00000000001010101010020000101102030000010111101010011202020303020110112011020211021020130212031303212021203031322202221132313230210
00000000001010101010020000101102030000010111101010011202020303020110112011020211021020130212031303212021203031322202221132313230211
00000000001010101010020000101102030000010111101010011202020303020110112011020211021020130212031303212021203031322202221132313230212
00000000001010101010020000101102030000010111101010011202020303020110112011020211021020130212031303212021203031322202221132313230213
00000000001010101010020000101102030000010111101010011202020303020110112011020211021020130212031303212021203031322202221132313230220112
000000000010101010100200001011020300000101111010100112020203030201101120110202110210201302120313032120212030313222022211323132302201131
0000000000101010101002000010110203000001011110101001120202030302011011201102021102102013021203130321202120303132220222113231323022011323
00000000001010101010020000101102030000010111101010011202020303020110112011020211021020130212031303212021203031322202221132313230220113303111210
0000000000101010101002000010110203000001011110101001120202030302011011201102021102102013021203130321202120303132220222113231323022011330311121120
0000000000101010101002000010110203000001011110101001120202030302011011201102021102102013021203130321202120303132220222113231323022011330311121121
0000000000101010101002000010110203000001011110101001120202030302011011201102021102102013021203130321202120303132220222113231323022011330311121122
0000000000101010101002000010110203000001011110101001120202030302011011201102021102102013021203130321202120303132220222113231323022011330311121123
00000000001010101010020000101102030000010111101010011202020303020110112011020211021020130212031303212021203031322202221132313230220113303111211302
00000000001010101010020000101102030000010111101010011202020303020110112011020211021020130212031303212021203031322202221132313230220113303111211303
000000000010101010100200001011020300000101111010100112020203030201101120110202110210201302120313032120212030313222022211323132302201133031112113123
000000000010101010100200001011020300000101111010100112020203030201101120110202110210201302120313032120212030313222022211323132302201133031112113132112
0000000000101010101002000010110203000001011110101001120202030302011011201102021102102013021203130321202120303132220222113231323022011330311121131321131230
0000000000101010101002000010110203000001011110101001120202030302011011201102021102102013021203130321202120303132220222113231323022011330311121131321131231
0000000000101010101002000010110203000001011110101001120202030302011011201102021102102013021203130321202120303132220222113231323022011330311121131321131232
0000000000101010101002000010110203000001011110101001120202030302011011201102021102102013021203130321202120303132220222113231323022011330311121131321131233
000000000010101010100200001011020300000101111010100112020203030201101120110202110210201302120313032120212030313222022211323132302201133031112113132113130
000000000010101010100200001011020300000101111010100112020203030201101120110202110210201302120313032120212030313222022211323132302201133031112113132113131
0000000000101010101002000010110203000001011110101001120202030302011011201102021102102013021203130321202120303132220222113231323022011330311121131321131322120
0000000000101010101002000010110203000001011110101001120202030302011011201102021102102013021203130321202120303132220222113231323022011330311121131321131322121
0000000000101010101002000010110203000001011110101001120202030302011011201102021102102013021203130321202120303132220222113231323022011330311121131321131322122
00000000001010101010020000101102030000010111101010011202020303020110112011020211021020130212031303212021203031322202221132313230220113303111211313211313221232
00000000001010101010020000101102030000010111101010011202020303020110112011020211021020130212031303212021203031322202221132313230220113303111211313211313221233222
0000000000101010101002000010110203000001011110101001120202030302011011201102021102102013021203130321202120303132220222113231323022011330311121131321131322123322332
0000000000101010101002000010110203000001011110101001120202030302011011201102021102102013021203130321202120303132220222113231323022011330311121131321131322123322333
00000000001010101010020000101102030000010111101010011202020303020110112011020211021020130212031303212021203031322202221132313230220113303111211313211313221233232
00000000001010101010020000101102030000010111101010011202020303020110112011020211021020130212031303212021203031322202221132313230220113303111211313211313221233233
0000000000101010101002000010110203000001011110101001120202030302011011201102021102102013021203130321202120303132220222113231323022011330311121131321131322123331
00000000001010101010020000101102030000010111101010011202020303020110112011020211021020130212031303212021203031322202221132313230220113303111211313211313221233323312
00000000001010101010020000101102030000010111101010011202020303020110112011020211021020130212031303212021203031322202221132313230220113303111211313211313221233323313003
000000000010101010100200001011020300000101111010100112020203030201101120110202110210201302120313032120212030313222022211323132302201133031112113132113132212333233130122022
000000000010101010100200001011020300000101111010100112020203030201101120110202110210201302120313032120212030313222022211323132302201133031112113132113132212333233130122023
00000000001010101010020000101102030000010111101010011202020303020110112011020211021020130212031303212021203031322202221132313230220113303111211313211313221233323313012203
00000000001010101010020000101102030000010111101010011202020303020110112011020211021020130212031303212021203031322202221132313230220113303111211313211313221233323313012210
0000000000101010101002000010110203000001011110101001120202030302011011201102021102102013021203130321202120303132220222113231323022011330311121131321131322123332331301221131
0000000000101010101002000010110203000001011110101001120202030302011011201102021102102013021203130321202120303132220222113231323022011330311121131321131322123332331301221132
0000000000101010101002000010110203000001011110101001120202030302011011201102021102102013021203130321202120303132220222113231323022011330311121131321131322123332331301221133
00000000001010101010020000101102030000010111101010011202020303020110112011020211021020130212031303212021203031322202221132313230220113303111211313211313221233323313012212
00000000001010101010020000101102030000010111101010011202020303020110112011020211021020130212031303212021203031322202221132313230220113303111211313211313221233323313012213
00000000001010101010020000101102030000010111101010011202020303020110112011020211021020130212031303212021203031322202221132313230220113303111211313211313221233323313012220
00000000001010101010020000101102030000010111101010011202020303020110112011020211021020130212031303212021203031322202221132313230220113303111211313211313221233323313012221
000000000010101010100200001011020300000101111010100112020203030201101120110202110210201302120313032120212030313222022211323132302201133031112113132113132212333233130122221101
000000000010101010100200001011020300000101111010100112020203030201101120110202110210201302120313032120212030313222022211323132302201133031112113132113132212333233130122221102
000000000010101010100200001011020300000101111010100112020203030201101120110202110210201302120313032120212030313222022211323132302201133031112113132113132212333233130122221103
00000000001010101010020000101102030000010111101010011202020303020110112011020211021020130212031303212021203031322202221132313230220113303111211313211313221233323313012222111202
00000000001010101010020000101102030000010111101010011202020303020110112011020211021020130212031303212021203031322202221132313230220113303111211313211313221233323313012222111203321
00000000001010101010020000101102030000010111101010011202020303020110112011020211021020130212031303212021203031322202221132313230220113303111211313211313221233323313012222111203322
000000000010101010100200001011020300000101111010100112020203030201101120110202110210201302120313032120212030313222022211323132302201133031112113132113132212333233130122221112033231
0000000000101010101002000010110203000001011110101001120202030302011011201102021102102013021203130321202120303132220222113231323022011330311121131321131322123332331301222211120332323
0000000000101010101002000010110203000001011110101001120202030302011011201102021102102013021203130321202120303132220222113231323022011330311121131321131322123332331301222211120332330
0000000000101010101002000010110203000001011110101001120202030302011011201102021102102013021203130321202120303132220222113231323022011330311121131321131322123332331301222211120332331
0000000000101010101002000010110203000001011110101001120202030302011011201102021102102013021203130321202120303132220222113231323022011330311121131321131322123332331301222211120332332
0000000000101010101002000010110203000001011110101001120202030302011011201102021102102013021203130321202120303132220222113231323022011330311121131321131322123332331301222211120332333
00000000001010101010020000101102030000010111101010011202020303020110112011020211021020130212031303212021203031322202221132313230220113303111211313211313221233323313012222111203333
00000000001010101010020000101102030000010111101010011202020303020110112011020211021020130212031303212021203031322202221132313230220113303111211313211313221233323313012222111212
00000000001010101010020000101102030000010111101010011202020303020110112011020211021020130212031303212021203031322202221132313230220113303111211313211313221233323313012222111213
00000000001010101010020000101102030000010111101010011202020303020110112011020211021020130212031303212021203031322202221132313230220113303111211313211313221233323313012222111223
000000000010101010100200001011020300000101111010100112020203030201101120110202110210201302120313032120212030313222022211323132302201133031112113132113132212333233130122221112303
00000000001010101010020000101102030000010111101010011202020303020110112011020211021020130212031303212021203031322202221132313230220113303111211313211313221233323313012222111231
00000000001010101010020000101102030000010111101010011202020303020110112011020211021020130212031303212021203031322202221132313230220113303111211313211313221233323313012222111232
00000000001010101010020000101102030000010111101010011202020303020110112011020211021020130212031303212021203031322202221132313230220113303111211313211313221233323313012222111233
0000000000101010101002000010110203000001011110101001120202030302011011201102021102102013021203130321202120303132220222113231323022011330311121131321131322123332331301222211130
0000000000101010101002000010110203000001011110101001120202030302011011201102021102102013021203130321202120303132220222113231323022011330311121131321131322123332331301222211131
0000000000101010101002000010110203000001011110101001120202030302011011201102021102102013021203130321202120303132220222113231323022011330311121131321131322123332331301222211132
0000000000101010101002000010110203000001011110101001120202030302011011201102021102102013021203130321202120303132220222113231323022011330311121131321131322123332331301222211133
0000000000101010101002000010110203000001011110101001120202030302011011201102021102102013021203130321202120303132220222113231323022011330311121131321131322123332331301222212
0000000000101010101002000010110203000001011110101001120202030302011011201102021102102013021203130321202120303132220222113231323022011330311121131321131322123332331301222213
0000000000101010101002000010110203000001011110101001120202030302011011201102021102102013021203130321202120303132220222113231323022011330311121131321131322123332331301222221
0000000000101010101002000010110203000001011110101001120202030302011011201102021102102013021203130321202120303132220222113231323022011330311121131321131322123332331301222222
0000000000101010101002000010110203000001011110101001120202030302011011201102021102102013021203130321202120303132220222113231323022011330311121131321131322123332331301222223
0000000000101010101002000010110203000001011110101001120202030302011011201102021102102013021203130321202120303132220222113231323022011330311121131321131322123332331301222233
000000000010101010100200001011020300000101111010100112020203030201101120110202110210201302120313032120212030313222022211323132302201133031112113132113132212333233130123
000000000010101010100200001011020300000101111010100112020203030201101120110202110210201302120313032120212030313222022211323132302201133031112113132113132213
000000000010101010100200001011020300000101111010100112020203030201101120110202110210201302120313032120212030313222022211323132302201133031113
000000000010101010100200001011020300000101111010100112020203030201101120110202110210201302120313032120212030313222022211323132302202
000000000010101010100200001011020300000101111010100112020203030201101120110202110210201302120313032120212030313222022211323132302203
000000000010101010100200001011020300000101111010100112020203030201101120110202110210201302120313032120212030313222022211323132303
0000000000101010101002000010110203000001011110101001120202030302011011201102021102102013021203130321202120303133
000000000010101010100200001011020300000101111010100112020203030201101120110202110210201302120313032121
000000000010101010100200001011020300000101111010100112020203030201101120110202110210201302120313032122
000000000010101010100200001011020300000101111010100112020203030201101120110202110210201302120313032123
0000000000101010101002000010110203000001011110101001120202030302011011201102021102103
000000000010101010100200001011020300000101111010100112020203030201101120110203
0000000000101010101002000010110203000001011111
0000000000101010101002000010110203000001011112
0000000000101010101002000010110203000001011113
000000000010101010100200001011020300000102
000000000010101010100200001011020300000103
1000000000010100010110203000001001010100201010010
100000000001010001011020300000100101010020101001111101011202020302111020211020203020121203030
10000000000101000101102030000010010101002010100111110101120202030211102021102020302012120303120
1000000000010100010110203000001001010100201010011111010112020203021110202110202030201212030312120
100000000001010001011020300000100101010020101001111101011202020302111020211020203020121203031212121020130313030
100000000001010001011020300000100101010020101001111101011202020302111020211020203020121203031212121020130313031
100000000001010001011020300000100101010020101001111101011202020302111020211020203020121203031212121020130313032130
100000000001010001011020300000100101010020101001111101011202020302111020211020203020121203031212121020130313032131
10000000000101000101102030000010010101002010100111110101120202030211102021102020302012120303121212102013031303213222021
100000000001010001011020300000100101010020101001111101011202020302111020211020203020121203031212121020130313032132220222113230
10000000000101000101102030000010010101002010100111110101120202030211102021102020302012120303121212102013031303213222022211323130
10000000000101000101102030000010010101002010100111110101120202030211102021102020302012120303121212102013031303213222022211323131
1000000000010100010110203000001001010100201010011111010112020203021110202110202030201212030312121210201303130321322202221132313230200
1000000000010100010110203000001001010100201010011111010112020203021110202110202030201212030312121210201303130321322202221132313230201
1000000000010100010110203000001001010100201010011111010112020203021110202110202030201212030312121210201303130321322202221132313230202
10000000000101000101102030000010010101002010100111110101120202030211102021102020302012120303121212102013031303213222022211323132302031
100000000001010001011020300000100101010020101001111101011202020302111020211020203020121203031212121020130313032132220222113231323020322333
1000000000010100010110203000001001010100201010011111010112020203021110202110202030201212030312121210201303130321322202221132313230210
1000000000010100010110203000001001010100201010011111010112020203021110202110202030201212030312121210201303130321322202221132313230211
1000000000010100010110203000001001010100201010011111010112020203021110202110202030201212030312121210201303130321322202221132313230212
1000000000010100010110203000001001010100201010011111010112020203021110202110202030201212030312121210201303130321322202221132313230213
1000000000010100010110203000001001010100201010011111010112020203021110202110202030201212030312121210201303130321322202221132313230220111
1000000000010100010110203000001001010100201010011111010112020203021110202110202030201212030312121210201303130321322202221132313230220112
10000000000101000101102030000010010101002010100111110101120202030211102021102020302012120303121212102013031303213222022211323132302201131
100000000001010001011020300000100101010020101001111101011202020302111020211020203020121203031212121020130313032132220222113231323022011323
1000000000010100010110203000001001010100201010011111010112020203021110202110202030201212030312121210201303130321322202221132313230220113303111211302
1000000000010100010110203000001001010100201010011111010112020203021110202110202030201212030312121210201303130321322202221132313230220113303111211303
10000000000101000101102030000010010101002010100111110101120202030211102021102020302012120303121212102013031303213222022211323132302201133031112113123
10000000000101000101102030000010010101002010100111110101120202030211102021102020302012120303121212102013031303213222022211323132302201133031112113132112
100000000001010001011020300000100101010020101001111101011202020302111020211020203020121203031212121020130313032132220222113231323022011330311121131321131230
100000000001010001011020300000100101010020101001111101011202020302111020211020203020121203031212121020130313032132220222113231323022011330311121131321131231
100000000001010001011020300000100101010020101001111101011202020302111020211020203020121203031212121020130313032132220222113231323022011330311121131321131232
100000000001010001011020300000100101010020101001111101011202020302111020211020203020121203031212121020130313032132220222113231323022011330311121131321131233
10000000000101000101102030000010010101002010100111110101120202030211102021102020302012120303121212102013031303213222022211323132302201133031112113132113130
10000000000101000101102030000010010101002010100111110101120202030211102021102020302012120303121212102013031303213222022211323132302201133031112113132113131
100000000001010001011020300000100101010020101001111101011202020302111020211020203020121203031212121020130313032132220222113231323022011330311121131321131322120
100000000001010001011020300000100101010020101001111101011202020302111020211020203020121203031212121020130313032132220222113231323022011330311121131321131322121
100000000001010001011020300000100101010020101001111101011202020302111020211020203020121203031212121020130313032132220222113231323022011330311121131321131322122
10000000000101000101102030000010010101002010100111110101120202030211102021102020302012120303121212102013031303213222022211323132302201133031112113132113132212322
10000000000101000101102030000010010101002010100111110101120202030211102021102020302012120303121212102013031303213222022211323132302201133031112113132113132212323
1000000000010100010110203000001001010100201010011111010112020203021110202110202030201212030312121210201303130321322202221132313230220113303111211313211313221233222
100000000001010001011020300000100101010020101001111101011202020302111020211020203020121203031212121020130313032132220222113231323022011330311121131321131322123322332
100000000001010001011020300000100101010020101001111101011202020302111020211020203020121203031212121020130313032132220222113231323022011330311121131321131322123322333
1000000000010100010110203000001001010100201010011111010112020203021110202110202030201212030312121210201303130321322202221132313230220113303111211313211313221233232
1000000000010100010110203000001001010100201010011111010112020203021110202110202030201212030312121210201303130321322202221132313230220113303111211313211313221233233
100000000001010001011020300000100101010020101001111101011202020302111020211020203020121203031212121020130313032132220222113231323022011330311121131321131322123331
1000000000010100010110203000001001010100201010011111010112020203021110202110202030201212030312121210201303130321322202221132313230220113303111211313211313221233323312
1000000000010100010110203000001001010100201010011111010112020203021110202110202030201212030312121210201303130321322202221132313230220113303111211313211313221233323313003
10000000000101000101102030000010010101002010100111110101120202030211102021102020302012120303121212102013031303213222022211323132302201133031112113132113132212333233130122022
10000000000101000101102030000010010101002010100111110101120202030211102021102020302012120303121212102013031303213222022211323132302201133031112113132113132212333233130122023
1000000000010100010110203000001001010100201010011111010112020203021110202110202030201212030312121210201303130321322202221132313230220113303111211313211313221233323313012203
1000000000010100010110203000001001010100201010011111010112020203021110202110202030201212030312121210201303130321322202221132313230220113303111211313211313221233323313012210
100000000001010001011020300000100101010020101001111101011202020302111020211020203020121203031212121020130313032132220222113231323022011330311121131321131322123332331301221131
100000000001010001011020300000100101010020101001111101011202020302111020211020203020121203031212121020130313032132220222113231323022011330311121131321131322123332331301221132
100000000001010001011020300000100101010020101001111101011202020302111020211020203020121203031212121020130313032132220222113231323022011330311121131321131322123332331301221133
1000000000010100010110203000001001010100201010011111010112020203021110202110202030201212030312121210201303130321322202221132313230220113303111211313211313221233323313012212
1000000000010100010110203000001001010100201010011111010112020203021110202110202030201212030312121210201303130321322202221132313230220113303111211313211313221233323313012213
1000000000010100010110203000001001010100201010011111010112020203021110202110202030201212030312121210201303130321322202221132313230220113303111211313211313221233323313012220
1000000000010100010110203000001001010100201010011111010112020203021110202110202030201212030312121210201303130321322202221132313230220113303111211313211313221233323313012221
10000000000101000101102030000010010101002010100111110101120202030211102021102020302012120303121212102013031303213222022211323132302201133031112113132113132212333233130122221101
10000000000101000101102030000010010101002010100111110101120202030211102021102020302012120303121212102013031303213222022211323132302201133031112113132113132212333233130122221102
10000000000101000101102030000010010101002010100111110101120202030211102021102020302012120303121212102013031303213222022211323132302201133031112113132113132212333233130122221103
1000000000010100010110203000001001010100201010011111010112020203021110202110202030201212030312121210201303130321322202221132313230220113303111211313211313221233323313012222111202
1000000000010100010110203000001001010100201010011111010112020203021110202110202030201212030312121210201303130321322202221132313230220113303111211313211313221233323313012222111203321
1000000000010100010110203000001001010100201010011111010112020203021110202110202030201212030312121210201303130321322202221132313230220113303111211313211313221233323313012222111203322
10000000000101000101102030000010010101002010100111110101120202030211102021102020302012120303121212102013031303213222022211323132302201133031112113132113132212333233130122221112033231
100000000001010001011020300000100101010020101001111101011202020302111020211020203020121203031212121020130313032132220222113231323022011330311121131321131322123332331301222211120332323
100000000001010001011020300000100101010020101001111101011202020302111020211020203020121203031212121020130313032132220222113231323022011330311121131321131322123332331301222211120332330
100000000001010001011020300000100101010020101001111101011202020302111020211020203020121203031212121020130313032132220222113231323022011330311121131321131322123332331301222211120332331
100000000001010001011020300000100101010020101001111101011202020302111020211020203020121203031212121020130313032132220222113231323022011330311121131321131322123332331301222211120332332
100000000001010001011020300000100101010020101001111101011202020302111020211020203020121203031212121020130313032132220222113231323022011330311121131321131322123332331301222211120332333
1000000000010100010110203000001001010100201010011111010112020203021110202110202030201212030312121210201303130321322202221132313230220113303111211313211313221233323313012222111203333
1000000000010100010110203000001001010100201010011111010112020203021110202110202030201212030312121210201303130321322202221132313230220113303111211313211313221233323313012222111212
1000000000010100010110203000001001010100201010011111010112020203021110202110202030201212030312121210201303130321322202221132313230220113303111211313211313221233323313012222111213
1000000000010100010110203000001001010100201010011111010112020203021110202110202030201212030312121210201303130321322202221132313230220113303111211313211313221233323313012222111223
10000000000101000101102030000010010101002010100111110101120202030211102021102020302012120303121212102013031303213222022211323132302201133031112113132113132212333233130122221112303
1000000000010100010110203000001001010100201010011111010112020203021110202110202030201212030312121210201303130321322202221132313230220113303111211313211313221233323313012222111231
1000000000010100010110203000001001010100201010011111010112020203021110202110202030201212030312121210201303130321322202221132313230220113303111211313211313221233323313012222111232
1000000000010100010110203000001001010100201010011111010112020203021110202110202030201212030312121210201303130321322202221132313230220113303111211313211313221233323313012222111233
100000000001010001011020300000100101010020101001111101011202020302111020211020203020121203031212121020130313032132220222113231323022011330311121131321131322123332331301222211130
100000000001010001011020300000100101010020101001111101011202020302111020211020203020121203031212121020130313032132220222113231323022011330311121131321131322123332331301222211131
100000000001010001011020300000100101010020101001111101011202020302111020211020203020121203031212121020130313032132220222113231323022011330311121131321131322123332331301222211132
100000000001010001011020300000100101010020101001111101011202020302111020211020203020121203031212121020130313032132220222113231323022011330311121131321131322123332331301222211133
100000000001010001011020300000100101010020101001111101011202020302111020211020203020121203031212121020130313032132220222113231323022011330311121131321131322123332331301222212
100000000001010001011020300000100101010020101001111101011202020302111020211020203020121203031212121020130313032132220222113231323022011330311121131321131322123332331301222213
100000000001010001011020300000100101010020101001111101011202020302111020211020203020121203031212121020130313032132220222113231323022011330311121131321131322123332331301222221
100000000001010001011020300000100101010020101001111101011202020302111020211020203020121203031212121020130313032132220222113231323022011330311121131321131322123332331301222222
100000000001010001011020300000100101010020101001111101011202020302111020211020203020121203031212121020130313032132220222113231323022011330311121131321131322123332331301222223
100000000001010001011020300000100101010020101001111101011202020302111020211020203020121203031212121020130313032132220222113231323022011330311121131321131322123332331301222233
10000000000101000101102030000010010101002010100111110101120202030211102021102020302012120303121212102013031303213222022211323132302201133031112113132113132212333233130123
10000000000101000101102030000010010101002010100111110101120202030211102021102020302012120303121212102013031303213222022211323132302201133031112113132113132213
10000000000101000101102030000010010101002010100111110101120202030211102021102020302012120303121212102013031303213222022211323132302201133031113
10000000000101000101102030000010010101002010100111110101120202030211102021102020302012120303121212102013031303213222022211323132302202
10000000000101000101102030000010010101002010100111110101120202030211102021102020302012120303121212102013031303213222022211323132302203
10000000000101000101102030000010010101002010100111110101120202030211102021102020302012120303121212102013031303213222022211323132303
100000000001010001011020300000100101010020101001111101011202020302111020211020203020121203031212121020130313032133
10000000000101000101102030000010010101002010100111110101120202030211102021102020302012120303121212103
10000000000101000101102030000010010101002010100111110101120202030211102021102020302012120303122
10000000000101000101102030000010010101002010100111110101120202030211102021102020302012120303123
1000000000010100010110203000001001010100201010011111010112020203021110203
1000000000010100010110203000001001010100201010011112
1000000000010100010110203000001001010100201010011113
100000000001010001011020300000101
100000000001010001011020300000102
100000000001010001011020300000103
3000000000000101000101102030010010
3000000000000101000101102030010011100101010020011010201101120110202110202020303030
300000000000010100010110203001001110010101002001101020110112011020211020202030303130
300000000000010100010110203001001110010101002001101020110112011020211020202030303131
300000000000010100010110203001001110010101002001101020110112011020211020202030303132120202121203030
30000000000001010001011020300100111001010100200110102011011201102021102020203030313212020212120303131
30000000000001010001011020300100111001010100200110102011011201102021102020203030313212020212120303132210201220213031
300000000000010100010110203001001110010101002001101020110112011020211020202030303132120202121203031322102012202130323130
300000000000010100010110203001001110010101002001101020110112011020211020202030303132120202121203031322102012202130323131
3000000000000101000101102030010011100101010020011010201101120110202110202020303031321202021212030313221020122021303231322113230
3000000000000101000101102030010011100101010020011010201101120110202110202020303031321202021212030313221020122021303231322113231
30000000000001010001011020300100111001010100200110102011011201102021102020203030313212020212120303132210201220213032313221132322332
30000000000001010001011020300100111001010100200110102011011201102021102020203030313212020212120303132210201220213032313221132322333
3000000000000101000101102030010011100101010020011010201101120110202110202020303031321202021212030313221020122021303231322113233
300000000000010100010110203001001110010101002001101020110112011020211020202030303132120202121203031322102012202130323132212230200
300000000000010100010110203001001110010101002001101020110112011020211020202030303132120202121203031322102012202130323132212230201
300000000000010100010110203001001110010101002001101020110112011020211020202030303132120202121203031322102012202130323132212230202
300000000000010100010110203001001110010101002001101020110112011020211020202030303132120202121203031322102012202130323132212230203
300000000000010100010110203001001110010101002001101020110112011020211020202030303132120202121203031322102012202130323132212230210
300000000000010100010110203001001110010101002001101020110112011020211020202030303132120202121203031322102012202130323132212230211
300000000000010100010110203001001110010101002001101020110112011020211020202030303132120202121203031322102012202130323132212230212
300000000000010100010110203001001110010101002001101020110112011020211020202030303132120202121203031322102012202130323132212230213
300000000000010100010110203001001110010101002001101020110112011020211020202030303132120202121203031322102012202130323132212230220111
300000000000010100010110203001001110010101002001101020110112011020211020202030303132120202121203031322102012202130323132212230220112
300000000000010100010110203001001110010101002001101020110112011020211020202030303132120202121203031322102012202130323132212230220113303111210
30000000000001010001011020300100111001010100200110102011011201102021102020203030313212020212120303132210201220213032313221223022011330311121120
30000000000001010001011020300100111001010100200110102011011201102021102020203030313212020212120303132210201220213032313221223022011330311121121
30000000000001010001011020300100111001010100200110102011011201102021102020203030313212020212120303132210201220213032313221223022011330311121122
30000000000001010001011020300100111001010100200110102011011201102021102020203030313212020212120303132210201220213032313221223022011330311121123
300000000000010100010110203001001110010101002001101020110112011020211020202030303132120202121203031322102012202130323132212230220113303111211302
300000000000010100010110203001001110010101002001101020110112011020211020202030303132120202121203031322102012202130323132212230220113303111211303
3000000000000101000101102030010011100101010020011010201101120110202110202020303031321202021212030313221020122021303231322122302201133031112113132112
30000000000001010001011020300100111001010100200110102011011201102021102020203030313212020212120303132210201220213032313221223022011330311121131321131230
30000000000001010001011020300100111001010100200110102011011201102021102020203030313212020212120303132210201220213032313221223022011330311121131321131231
30000000000001010001011020300100111001010100200110102011011201102021102020203030313212020212120303132210201220213032313221223022011330311121131321131232
30000000000001010001011020300100111001010100200110102011011201102021102020203030313212020212120303132210201220213032313221223022011330311121131321131233
3000000000000101000101102030010011100101010020011010201101120110202110202020303031321202021212030313221020122021303231322122302201133031112113132113130
3000000000000101000101102030010011100101010020011010201101120110202110202020303031321202021212030313221020122021303231322122302201133031112113132113131
30000000000001010001011020300100111001010100200110102011011201102021102020203030313212020212120303132210201220213032313221223022011330311121131321131322120
30000000000001010001011020300100111001010100200110102011011201102021102020203030313212020212120303132210201220213032313221223022011330311121131321131322121
30000000000001010001011020300100111001010100200110102011011201102021102020203030313212020212120303132210201220213032313221223022011330311121131321131322122
300000000000010100010110203001001110010101002001101020110112011020211020202030303132120202121203031322102012202130323132212230220113303111211313211313221232
3000000000000101000101102030010011100101010020011010201101120110202110202020303031321202021212030313221020122021303231322122302201133031112113132113132212332223
3000000000000101000101102030010011100101010020011010201101120110202110202020303031321202021212030313221020122021303231322122302201133031112113132113132212332233
300000000000010100010110203001001110010101002001101020110112011020211020202030303132120202121203031322102012202130323132212230220113303111211313211313221233233
30000000000001010001011020300100111001010100200110102011011201102021102020203030313212020212120303132210201220213032313221223022011330311121131321131322123331
300000000000010100010110203001001110010101002001101020110112011020211020202030303132120202121203031322102012202130323132212230220113303111211313211313221233323312
300000000000010100010110203001001110010101002001101020110112011020211020202030303132120202121203031322102012202130323132212230220113303111211313211313221233323313003
3000000000000101000101102030010011100101010020011010201101120110202110202020303031321202021212030313221020122021303231322122302201133031112113132113132212333233130122022
3000000000000101000101102030010011100101010020011010201101120110202110202020303031321202021212030313221020122021303231322122302201133031112113132113132212333233130122023
300000000000010100010110203001001110010101002001101020110112011020211020202030303132120202121203031322102012202130323132212230220113303111211313211313221233323313012203
300000000000010100010110203001001110010101002001101020110112011020211020202030303132120202121203031322102012202130323132212230220113303111211313211313221233323313012210
30000000000001010001011020300100111001010100200110102011011201102021102020203030313212020212120303132210201220213032313221223022011330311121131321131322123332331301221131
30000000000001010001011020300100111001010100200110102011011201102021102020203030313212020212120303132210201220213032313221223022011330311121131321131322123332331301221132
30000000000001010001011020300100111001010100200110102011011201102021102020203030313212020212120303132210201220213032313221223022011330311121131321131322123332331301221133
300000000000010100010110203001001110010101002001101020110112011020211020202030303132120202121203031322102012202130323132212230220113303111211313211313221233323313012212
300000000000010100010110203001001110010101002001101020110112011020211020202030303132120202121203031322102012202130323132212230220113303111211313211313221233323313012213
300000000000010100010110203001001110010101002001101020110112011020211020202030303132120202121203031322102012202130323132212230220113303111211313211313221233323313012220
300000000000010100010110203001001110010101002001101020110112011020211020202030303132120202121203031322102012202130323132212230220113303111211313211313221233323313012221
3000000000000101000101102030010011100101010020011010201101120110202110202020303031321202021212030313221020122021303231322122302201133031112113132113132212333233130122221101
3000000000000101000101102030010011100101010020011010201101120110202110202020303031321202021212030313221020122021303231322122302201133031112113132113132212333233130122221102
3000000000000101000101102030010011100101010020011010201101120110202110202020303031321202021212030313221020122021303231322122302201133031112113132113132212333233130122221103
300000000000010100010110203001001110010101002001101020110112011020211020202030303132120202121203031322102012202130323132212230220113303111211313211313221233323313012222111202
300000000000010100010110203001001110010101002001101020110112011020211020202030303132120202121203031322102012202130323132212230220113303111211313211313221233323313012222111203321
300000000000010100010110203001001110010101002001101020110112011020211020202030303132120202121203031322102012202130323132212230220113303111211313211313221233323313012222111203322
3000000000000101000101102030010011100101010020011010201101120110202110202020303031321202021212030313221020122021303231322122302201133031112113132113132212333233130122221112033231
30000000000001010001011020300100111001010100200110102011011201102021102020203030313212020212120303132210201220213032313221223022011330311121131321131322123332331301222211120332323
30000000000001010001011020300100111001010100200110102011011201102021102020203030313212020212120303132210201220213032313221223022011330311121131321131322123332331301222211120332330
30000000000001010001011020300100111001010100200110102011011201102021102020203030313212020212120303132210201220213032313221223022011330311121131321131322123332331301222211120332331
30000000000001010001011020300100111001010100200110102011011201102021102020203030313212020212120303132210201220213032313221223022011330311121131321131322123332331301222211120332332
30000000000001010001011020300100111001010100200110102011011201102021102020203030313212020212120303132210201220213032313221223022011330311121131321131322123332331301222211120332333
300000000000010100010110203001001110010101002001101020110112011020211020202030303132120202121203031322102012202130323132212230220113303111211313211313221233323313012222111203333
300000000000010100010110203001001110010101002001101020110112011020211020202030303132120202121203031322102012202130323132212230220113303111211313211313221233323313012222111212
300000000000010100010110203001001110010101002001101020110112011020211020202030303132120202121203031322102012202130323132212230220113303111211313211313221233323313012222111213
300000000000010100010110203001001110010101002001101020110112011020211020202030303132120202121203031322102012202130323132212230220113303111211313211313221233323313012222111223
3000000000000101000101102030010011100101010020011010201101120110202110202020303031321202021212030313221020122021303231322122302201133031112113132113132212333233130122221112303
300000000000010100010110203001001110010101002001101020110112011020211020202030303132120202121203031322102012202130323132212230220113303111211313211313221233323313012222111231
300000000000010100010110203001001110010101002001101020110112011020211020202030303132120202121203031322102012202130323132212230220113303111211313211313221233323313012222111232
300000000000010100010110203001001110010101002001101020110112011020211020202030303132120202121203031322102012202130323132212230220113303111211313211313221233323313012222111233
30000000000001010001011020300100111001010100200110102011011201102021102020203030313212020212120303132210201220213032313221223022011330311121131321131322123332331301222211130
30000000000001010001011020300100111001010100200110102011011201102021102020203030313212020212120303132210201220213032313221223022011330311121131321131322123332331301222211131
30000000000001010001011020300100111001010100200110102011011201102021102020203030313212020212120303132210201220213032313221223022011330311121131321131322123332331301222211132
30000000000001010001011020300100111001010100200110102011011201102021102020203030313212020212120303132210201220213032313221223022011330311121131321131322123332331301222211133
30000000000001010001011020300100111001010100200110102011011201102021102020203030313212020212120303132210201220213032313221223022011330311121131321131322123332331301222212
30000000000001010001011020300100111001010100200110102011011201102021102020203030313212020212120303132210201220213032313221223022011330311121131321131322123332331301222213
30000000000001010001011020300100111001010100200110102011011201102021102020203030313212020212120303132210201220213032313221223022011330311121131321131322123332331301222221
30000000000001010001011020300100111001010100200110102011011201102021102020203030313212020212120303132210201220213032313221223022011330311121131321131322123332331301222222
30000000000001010001011020300100111001010100200110102011011201102021102020203030313212020212120303132210201220213032313221223022011330311121131321131322123332331301222223
30000000000001010001011020300100111001010100200110102011011201102021102020203030313212020212120303132210201220213032313221223022011330311121131321131322123332331301222232
30000000000001010001011020300100111001010100200110102011011201102021102020203030313212020212120303132210201220213032313221223022011330311121131321131322123332331301222233
3000000000000101000101102030010011100101010020011010201101120110202110202020303031321202021212030313221020122021303231322122302201133031112113132113132212333233130123
3000000000000101000101102030010011100101010020011010201101120110202110202020303031321202021212030313221020122021303231322122302201133031112113132113132213
3000000000000101000101102030010011100101010020011010201101120110202110202020303031321202021212030313221020122021303231322122302201133031113
3000000000000101000101102030010011100101010020011010201101120110202110202020303031321202021212030313221020122021303231322122302202
3000000000000101000101102030010011100101010020011010201101120110202110202020303031321202021212030313221020122021303231322122302203
3000000000000101000101102030010011100101010020011010201101120110202110202020303031321202021212030313221020122021303231322122303
300000000000010100010110203001001110010101002001101020110112011020211020202030303132120202121203031322103
30000000000001010001011020300100111001010100200110102011011201102021102020203030313212020212120303133
300000000000010100010110203001001110010101002001101020110112011020211020202030303132121
300000000000010100010110203001001110010101002001101020110112011020211020202030303132122
300000000000010100010110203001001110010101002001101020110112011020211020202030303132123
3000000000000101000101102030010011100101010020011010201101120110203
30000000000001010001011020300100111001010100200111
30000000000001010001011020300100111001010100200112
30000000000001010001011020300100111001010100200113
3000000000000101000101102030010011101
3000000000000101000101102030010011102
3000000000000101000101102030010011103
