0000001020000111001312213101
0000001020000111001312213102
0000001020000111001312213103
000000102000011100131221311023
00000010200001110013122131112
0000001020000111001312213111322123
00000010200001110013122131113221312
000000102000011100131221311132213130
000000102000011100131221311132213131
000000102000011100131221311132213132
0000001020000111001312213111322131333
00000010200001110013122131113222
00000010200001110013122131113223
0000001020000111001312213112
0000001020000111001312213113
000000102000011100131221312
000000102000011100131221313
0000001020000111001313
000000102001
000000102002
000000102003
012
013
