000001001011020212030000
000001001011020212030001000002001000301020101100010102010
0000010010110202120300010000020010003010201011000101020112001013020
0000010010110202120300010000020010003010201011000101020112001013021
00000100101102021203000100000200100030102010110001010201120010130221111030
0000010010110202120300010000020010003010201011000101020112001013022111103120110
0000010010110202120300010000020010003010201011000101020112001013022111103120111
0000010010110202120300010000020010003010201011000101020112001013022111103120112202302103101130
0000010010110202120300010000020010003010201011000101020112001013022111103120112202302103101131202021130
0000010010110202120300010000020010003010201011000101020112001013022111103120112202302103101131202021131
0000010010110202120300010000020010003010201011000101020112001013022111103120112202302103101131202021132232032202
00000100101102021203000100000200100030102010110001010201120010130221111031201122023021031011312020211322320322032130
00000100101102021203000100000200100030102010110001010201120010130221111031201122023021031011312020211322320322032131
00000100101102021203000100000200100030102010110001010201120010130221111031201122023021031011312020211322320322032132
0000010010110202120300010000020010003010201011000101020112001013022111103120112202302103101131202021132232032203213330333
00000100101102021203000100000200100030102010110001010201120010130221111031201122023021031011312020211322320322032133311123
0000010010110202120300010000020010003010201011000101020112001013022111103120112202302103101131202021132232032203213331113020
0000010010110202120300010000020010003010201011000101020112001013022111103120112202302103101131202021132232032203213331113021
000001001011020212030001000002001000301020101100010102011200101302211110312011220230210310113120202113223203220321333111302230
0000010010110202120300010000020010003010201011000101020112001013022111103120112202302103101131202021132232032203213331113022310
0000010010110202120300010000020010003010201011000101020112001013022111103120112202302103101131202021132232032203213331113022311
0000010010110202120300010000020010003010201011000101020112001013022111103120112202302103101131202021132232032203213331113022312021113
0000010010110202120300010000020010003010201011000101020112001013022111103120112202302103101131202021132232032203213331113022312021120
0000010010110202120300010000020010003010201011000101020112001013022111103120112202302103101131202021132232032203213331113022312021121
000001001011020212030001000002001000301020101100010102011200101302211110312011220230210310113120202113223203220321333111302231202112213030
00000100101102021203000100000200100030102010110001010201120010130221111031201122023021031011312020211322320322032133311130223120211221303122122130
0000010010110202120300010000020010003010201011000101020112001013022111103120112202302103101131202021132232032203213331113022312021122130312212213130231232203221332
0000010010110202120300010000020010003010201011000101020112001013022111103120112202302103101131202021132232032203213331113022312021122130312212213130231232203221333
0000010010110202120300010000020010003010201011000101020112001013022111103120112202302103101131202021132232032203213331113022312021122130312212213130231232203222
0000010010110202120300010000020010003010201011000101020112001013022111103120112202302103101131202021132232032203213331113022312021122130312212213130231232203223122
00000100101102021203000100000200100030102010110001010201120010130221111031201122023021031011312020211322320322032133311130223120211221303122122131302312322032231233
000001001011020212030001000002001000301020101100010102011200101302211110312011220230210310113120202113223203220321333111302231202112213031221221313023123220322313
000001001011020212030001000002001000301020101100010102011200101302211110312011220230210310113120202113223203220321333111302231202112213031221221313023123220322322301
000001001011020212030001000002001000301020101100010102011200101302211110312011220230210310113120202113223203220321333111302231202112213031221221313023123220322322302
000001001011020212030001000002001000301020101100010102011200101302211110312011220230210310113120202113223203220321333111302231202112213031221221313023123220322322303
000001001011020212030001000002001000301020101100010102011200101302211110312011220230210310113120202113223203220321333111302231202112213031221221313023123220322322310
000001001011020212030001000002001000301020101100010102011200101302211110312011220230210310113120202113223203220321333111302231202112213031221221313023123220322322311
000001001011020212030001000002001000301020101100010102011200101302211110312011220230210310113120202113223203220321333111302231202112213031221221313023123220322322312
000001001011020212030001000002001000301020101100010102011200101302211110312011220230210310113120202113223203220321333111302231202112213031221221313023123220322322313
000001001011020212030001000002001000301020101100010102011200101302211110312011220230210310113120202113223203220321333111302231202112213031221221313023123220322322320312
000001001011020212030001000002001000301020101100010102011200101302211110312011220230210310113120202113223203220321333111302231202112213031221221313023123220322322320313
000001001011020212030001000002001000301020101100010102011200101302211110312011220230210310113120202113223203220321333111302231202112213031221221313023123220322322320321
000001001011020212030001000002001000301020101100010102011200101302211110312011220230210310113120202113223203220321333111302231202112213031221221313023123220322322320322
000001001011020212030001000002001000301020101100010102011200101302211110312011220230210310113120202113223203220321333111302231202112213031221221313023123220322322320323
000001001011020212030001000002001000301020101100010102011200101302211110312011220230210310113120202113223203220321333111302231202112213031221221313023123220322322320331
0000010010110202120300010000020010003010201011000101020112001013022111103120112202302103101131202021132232032203213331113022312021122130312212213130231232203223223203321
0000010010110202120300010000020010003010201011000101020112001013022111103120112202302103101131202021132232032203213331113022312021122130312212213130231232203223223203322
00000100101102021203000100000200100030102010110001010201120010130221111031201122023021031011312020211322320322032133311130223120211221303122122131302312322032232232033231
00000100101102021203000100000200100030102010110001010201120010130221111031201122023021031011312020211322320322032133311130223120211221303122122131302312322032232232033232
00000100101102021203000100000200100030102010110001010201120010130221111031201122023021031011312020211322320322032133311130223120211221303122122131302312322032232232033233
0000010010110202120300010000020010003010201011000101020112001013022111103120112202302103101131202021132232032203213331113022312021122130312212213130231232203223223203333033
00000100101102021203000100000200100030102010110001010201120010130221111031201122023021031011312020211322320322032133311130223120211221303122122131302312322032232232033331
00000100101102021203000100000200100030102010110001010201120010130221111031201122023021031011312020211322320322032133311130223120211221303122122131302312322032232232033332
00000100101102021203000100000200100030102010110001010201120010130221111031201122023021031011312020211322320322032133311130223120211221303122122131302312322032232232033333
0000010010110202120300010000020010003010201011000101020112001013022111103120112202302103101131202021132232032203213331113022312021122130312212213130231232203223223212
0000010010110202120300010000020010003010201011000101020112001013022111103120112202302103101131202021132232032203213331113022312021122130312212213130231232203223223213
000001001011020212030001000002001000301020101100010102011200101302211110312011220230210310113120202113223203220321333111302231202112213031221221313023123220322322322
0000010010110202120300010000020010003010201011000101020112001013022111103120112202302103101131202021132232032203213331113022312021122130312212213130231232203223223232
0000010010110202120300010000020010003010201011000101020112001013022111103120112202302103101131202021132232032203213331113022312021122130312212213130231232203223223233
000001001011020212030001000002001000301020101100010102011200101302211110312011220230210310113120202113223203220321333111302231202112213031221221313023123220322323
000001001011020212030001000002001000301020101100010102011200101302211110312011220230210310113120202113223203220321333111302231202112213031221221313023123220323
00000100101102021203000100000200100030102010110001010201120010130221111031201122023021031011312020211322320322032133311130223120211221303122122131302312322033
00000100101102021203000100000200100030102010110001010201120010130221111031201122023021031011312020211322320322032133311130223120211221303122122131302313
00000100101102021203000100000200100030102010110001010201120010130221111031201122023021031011312020211322320322032133311130223120211221303122122131303
00000100101102021203000100000200100030102010110001010201120010130221111031201122023021031011312020211322320322032133311130223120211221303122123
000001001011020212030001000002001000301020101100010102011200101302211110312011220230210310113120202113223203220321333111302231202112213032
000001001011020212030001000002001000301020101100010102011200101302211110312011220230210310113120202113223203220321333111302231202112213033
000001001011020212030001000002001000301020101100010102011200101302211110312011220230210310113120202113223203220321333111302231203
0000010010110202120300010000020010003010201011000101020112001013022111103120112202302103101131202021132232032203213331113023
00000100101102021203000100000200100030102010110001010201120010130221111031201122023021031011312020211322320322032133311130301
00000100101102021203000100000200100030102010110001010201120010130221111031201122023021031011312020211322320322032133311130302
00000100101102021203000100000200100030102010110001010201120010130221111031201122023021031011312020211322320322032133311130303
00000100101102021203000100000200100030102010110001010201120010130221111031201122023021031011312020211322320322032133311130311
00000100101102021203000100000200100030102010110001010201120010130221111031201122023021031011312020211322320322032133311130312
00000100101102021203000100000200100030102010110001010201120010130221111031201122023021031011312020211322320322032133311130313
00000100101102021203000100000200100030102010110001010201120010130221111031201122023021031011312020211322320322032133311130321
00000100101102021203000100000200100030102010110001010201120010130221111031201122023021031011312020211322320322032133311130322
00000100101102021203000100000200100030102010110001010201120010130221111031201122023021031011312020211322320322032133311130323
000001001011020212030001000002001000301020101100010102011200101302211110312011220230210310113120202113223203220321333111303311
000001001011020212030001000002001000301020101100010102011200101302211110312011220230210310113120202113223203220321333111303312
000001001011020212030001000002001000301020101100010102011200101302211110312011220230210310113120202113223203220321333111303313
00000100101102021203000100000200100030102010110001010201120010130221111031201122023021031011312020211322320322032133311130332
00000100101102021203000100000200100030102010110001010201120010130221111031201122023021031011312020211322320322032133311130333
00000100101102021203000100000200100030102010110001010201120010130221111031201122023021031011312021
00000100101102021203000100000200100030102010110001010201120010130221111031201122023021031011312022
00000100101102021203000100000200100030102010110001010201120010130221111031201122023021031011312023
000001001011020212030001000002001000301020101100010102012
000001001011020212030001000002001000301020101100010102013
000001001011020212030001000002001000302
000001001011020212030001000002001000303
00000100101102021203001
00000100101102021203002
00000100101102021203003
200000001001011020212030000
2000000010010110202120300010001002001001100010102010301021111030
200000001001011020212030001000100200100110001010201030102111103120010120110
2000000010010110202120300010001002001001100010102010301021111031200101201113020
2000000010010110202120300010001002001001100010102010301021111031200101201113021
2000000010010110202120300010001002001001100010102010301021111031200101201113022202302103101130
2000000010010110202120300010001002001001100010102010301021111031200101201113022202302103101131202021130
2000000010010110202120300010001002001001100010102010301021111031200101201113022202302103101131202021131
2000000010010110202120300010001002001001100010102010301021111031200101201113022202302103101131202021132232032202
20000000100101102021203000100010020010011000101020103010211110312001012011130222023021031011312020211322320322032130
20000000100101102021203000100010020010011000101020103010211110312001012011130222023021031011312020211322320322032131
20000000100101102021203000100010020010011000101020103010211110312001012011130222023021031011312020211322320322032132
2000000010010110202120300010001002001001100010102010301021111031200101201113022202302103101131202021132232032203213330333
20000000100101102021203000100010020010011000101020103010211110312001012011130222023021031011312020211322320322032133311123
2000000010010110202120300010001002001001100010102010301021111031200101201113022202302103101131202021132232032203213331113020
2000000010010110202120300010001002001001100010102010301021111031200101201113022202302103101131202021132232032203213331113021
200000001001011020212030001000100200100110001010201030102111103120010120111302220230210310113120202113223203220321333111302230
2000000010010110202120300010001002001001100010102010301021111031200101201113022202302103101131202021132232032203213331113022310
2000000010010110202120300010001002001001100010102010301021111031200101201113022202302103101131202021132232032203213331113022311
2000000010010110202120300010001002001001100010102010301021111031200101201113022202302103101131202021132232032203213331113022312021112
2000000010010110202120300010001002001001100010102010301021111031200101201113022202302103101131202021132232032203213331113022312021113
2000000010010110202120300010001002001001100010102010301021111031200101201113022202302103101131202021132232032203213331113022312021120
2000000010010110202120300010001002001001100010102010301021111031200101201113022202302103101131202021132232032203213331113022312021121
200000001001011020212030001000100200100110001010201030102111103120010120111302220230210310113120202113223203220321333111302231202112213030
20000000100101102021203000100010020010011000101020103010211110312001012011130222023021031011312020211322320322032133311130223120211221303122122130
2000000010010110202120300010001002001001100010102010301021111031200101201113022202302103101131202021132232032203213331113022312021122130312212213130231232203221332
2000000010010110202120300010001002001001100010102010301021111031200101201113022202302103101131202021132232032203213331113022312021122130312212213130231232203221333
2000000010010110202120300010001002001001100010102010301021111031200101201113022202302103101131202021132232032203213331113022312021122130312212213130231232203222
2000000010010110202120300010001002001001100010102010301021111031200101201113022202302103101131202021132232032203213331113022312021122130312212213130231232203223122
20000000100101102021203000100010020010011000101020103010211110312001012011130222023021031011312020211322320322032133311130223120211221303122122131302312322032231233
200000001001011020212030001000100200100110001010201030102111103120010120111302220230210310113120202113223203220321333111302231202112213031221221313023123220322313
200000001001011020212030001000100200100110001010201030102111103120010120111302220230210310113120202113223203220321333111302231202112213031221221313023123220322322301
200000001001011020212030001000100200100110001010201030102111103120010120111302220230210310113120202113223203220321333111302231202112213031221221313023123220322322302
200000001001011020212030001000100200100110001010201030102111103120010120111302220230210310113120202113223203220321333111302231202112213031221221313023123220322322303
200000001001011020212030001000100200100110001010201030102111103120010120111302220230210310113120202113223203220321333111302231202112213031221221313023123220322322310
200000001001011020212030001000100200100110001010201030102111103120010120111302220230210310113120202113223203220321333111302231202112213031221221313023123220322322311
200000001001011020212030001000100200100110001010201030102111103120010120111302220230210310113120202113223203220321333111302231202112213031221221313023123220322322312
200000001001011020212030001000100200100110001010201030102111103120010120111302220230210310113120202113223203220321333111302231202112213031221221313023123220322322313
200000001001011020212030001000100200100110001010201030102111103120010120111302220230210310113120202113223203220321333111302231202112213031221221313023123220322322320312
200000001001011020212030001000100200100110001010201030102111103120010120111302220230210310113120202113223203220321333111302231202112213031221221313023123220322322320313
200000001001011020212030001000100200100110001010201030102111103120010120111302220230210310113120202113223203220321333111302231202112213031221221313023123220322322320321
200000001001011020212030001000100200100110001010201030102111103120010120111302220230210310113120202113223203220321333111302231202112213031221221313023123220322322320322
200000001001011020212030001000100200100110001010201030102111103120010120111302220230210310113120202113223203220321333111302231202112213031221221313023123220322322320323
200000001001011020212030001000100200100110001010201030102111103120010120111302220230210310113120202113223203220321333111302231202112213031221221313023123220322322320331
2000000010010110202120300010001002001001100010102010301021111031200101201113022202302103101131202021132232032203213331113022312021122130312212213130231232203223223203321
2000000010010110202120300010001002001001100010102010301021111031200101201113022202302103101131202021132232032203213331113022312021122130312212213130231232203223223203322
20000000100101102021203000100010020010011000101020103010211110312001012011130222023021031011312020211322320322032133311130223120211221303122122131302312322032232232033231
20000000100101102021203000100010020010011000101020103010211110312001012011130222023021031011312020211322320322032133311130223120211221303122122131302312322032232232033232
20000000100101102021203000100010020010011000101020103010211110312001012011130222023021031011312020211322320322032133311130223120211221303122122131302312322032232232033233
2000000010010110202120300010001002001001100010102010301021111031200101201113022202302103101131202021132232032203213331113022312021122130312212213130231232203223223203333033
20000000100101102021203000100010020010011000101020103010211110312001012011130222023021031011312020211322320322032133311130223120211221303122122131302312322032232232033331
20000000100101102021203000100010020010011000101020103010211110312001012011130222023021031011312020211322320322032133311130223120211221303122122131302312322032232232033332
20000000100101102021203000100010020010011000101020103010211110312001012011130222023021031011312020211322320322032133311130223120211221303122122131302312322032232232033333
2000000010010110202120300010001002001001100010102010301021111031200101201113022202302103101131202021132232032203213331113022312021122130312212213130231232203223223212
2000000010010110202120300010001002001001100010102010301021111031200101201113022202302103101131202021132232032203213331113022312021122130312212213130231232203223223213
200000001001011020212030001000100200100110001010201030102111103120010120111302220230210310113120202113223203220321333111302231202112213031221221313023123220322322322
2000000010010110202120300010001002001001100010102010301021111031200101201113022202302103101131202021132232032203213331113022312021122130312212213130231232203223223232
2000000010010110202120300010001002001001100010102010301021111031200101201113022202302103101131202021132232032203213331113022312021122130312212213130231232203223223233
200000001001011020212030001000100200100110001010201030102111103120010120111302220230210310113120202113223203220321333111302231202112213031221221313023123220322323
200000001001011020212030001000100200100110001010201030102111103120010120111302220230210310113120202113223203220321333111302231202112213031221221313023123220323
20000000100101102021203000100010020010011000101020103010211110312001012011130222023021031011312020211322320322032133311130223120211221303122122131302312322033
20000000100101102021203000100010020010011000101020103010211110312001012011130222023021031011312020211322320322032133311130223120211221303122122131302313
20000000100101102021203000100010020010011000101020103010211110312001012011130222023021031011312020211322320322032133311130223120211221303122122131303
20000000100101102021203000100010020010011000101020103010211110312001012011130222023021031011312020211322320322032133311130223120211221303122123
200000001001011020212030001000100200100110001010201030102111103120010120111302220230210310113120202113223203220321333111302231202112213032
200000001001011020212030001000100200100110001010201030102111103120010120111302220230210310113120202113223203220321333111302231202112213033
200000001001011020212030001000100200100110001010201030102111103120010120111302220230210310113120202113223203220321333111302231203
2000000010010110202120300010001002001001100010102010301021111031200101201113022202302103101131202021132232032203213331113023
20000000100101102021203000100010020010011000101020103010211110312001012011130222023021031011312020211322320322032133311130301
20000000100101102021203000100010020010011000101020103010211110312001012011130222023021031011312020211322320322032133311130302
20000000100101102021203000100010020010011000101020103010211110312001012011130222023021031011312020211322320322032133311130303
20000000100101102021203000100010020010011000101020103010211110312001012011130222023021031011312020211322320322032133311130311
20000000100101102021203000100010020010011000101020103010211110312001012011130222023021031011312020211322320322032133311130312
20000000100101102021203000100010020010011000101020103010211110312001012011130222023021031011312020211322320322032133311130313
20000000100101102021203000100010020010011000101020103010211110312001012011130222023021031011312020211322320322032133311130321
20000000100101102021203000100010020010011000101020103010211110312001012011130222023021031011312020211322320322032133311130322
20000000100101102021203000100010020010011000101020103010211110312001012011130222023021031011312020211322320322032133311130323
200000001001011020212030001000100200100110001010201030102111103120010120111302220230210310113120202113223203220321333111303311
200000001001011020212030001000100200100110001010201030102111103120010120111302220230210310113120202113223203220321333111303312
200000001001011020212030001000100200100110001010201030102111103120010120111302220230210310113120202113223203220321333111303313
20000000100101102021203000100010020010011000101020103010211110312001012011130222023021031011312020211322320322032133311130332
20000000100101102021203000100010020010011000101020103010211110312001012011130222023021031011312020211322320322032133311130333
20000000100101102021203000100010020010011000101020103010211110312001012011130222023021031011312021
20000000100101102021203000100010020010011000101020103010211110312001012011130222023021031011312022
20000000100101102021203000100010020010011000101020103010211110312001012011130222023021031011312023
2000000010010110202120300010001002001001100010102010302
2000000010010110202120300010001002001001100010102010303
2000000010010110202120300010001002001001100010102011
2000000010010110202120300010001002001001100010102012
2000000010010110202120300010001002001001100010102013
20000000100101102021203001
20000000100101102021203002
20000000100101102021203003
100000001001011020212030000
1000000010010110202120300010000020011000101020103010201012001013020
1000000010010110202120300010000020011000101020103010201012001013021
10000000100101102021203000100000200110001010201030102010120010130221111030
1000000010010110202120300010000020011000101020103010201012001013022111103120110
1000000010010110202120300010000020011000101020103010201012001013022111103120111
1000000010010110202120300010000020011000101020103010201012001013022111103120112202302103101130
1000000010010110202120300010000020011000101020103010201012001013022111103120112202302103101131202021130
1000000010010110202120300010000020011000101020103010201012001013022111103120112202302103101131202021131
1000000010010110202120300010000020011000101020103010201012001013022111103120112202302103101131202021132232032202
10000000100101102021203000100000200110001010201030102010120010130221111031201122023021031011312020211322320322032130
10000000100101102021203000100000200110001010201030102010120010130221111031201122023021031011312020211322320322032131
10000000100101102021203000100000200110001010201030102010120010130221111031201122023021031011312020211322320322032132
1000000010010110202120300010000020011000101020103010201012001013022111103120112202302103101131202021132232032203213330333
10000000100101102021203000100000200110001010201030102010120010130221111031201122023021031011312020211322320322032133311123
1000000010010110202120300010000020011000101020103010201012001013022111103120112202302103101131202021132232032203213331113020
1000000010010110202120300010000020011000101020103010201012001013022111103120112202302103101131202021132232032203213331113021
100000001001011020212030001000002001100010102010301020101200101302211110312011220230210310113120202113223203220321333111302230
1000000010010110202120300010000020011000101020103010201012001013022111103120112202302103101131202021132232032203213331113022310
1000000010010110202120300010000020011000101020103010201012001013022111103120112202302103101131202021132232032203213331113022311
1000000010010110202120300010000020011000101020103010201012001013022111103120112202302103101131202021132232032203213331113022312021113
1000000010010110202120300010000020011000101020103010201012001013022111103120112202302103101131202021132232032203213331113022312021120
1000000010010110202120300010000020011000101020103010201012001013022111103120112202302103101131202021132232032203213331113022312021121
100000001001011020212030001000002001100010102010301020101200101302211110312011220230210310113120202113223203220321333111302231202112213030
10000000100101102021203000100000200110001010201030102010120010130221111031201122023021031011312020211322320322032133311130223120211221303122122130
1000000010010110202120300010000020011000101020103010201012001013022111103120112202302103101131202021132232032203213331113022312021122130312212213130231232203221332
1000000010010110202120300010000020011000101020103010201012001013022111103120112202302103101131202021132232032203213331113022312021122130312212213130231232203221333
1000000010010110202120300010000020011000101020103010201012001013022111103120112202302103101131202021132232032203213331113022312021122130312212213130231232203222
1000000010010110202120300010000020011000101020103010201012001013022111103120112202302103101131202021132232032203213331113022312021122130312212213130231232203223122
10000000100101102021203000100000200110001010201030102010120010130221111031201122023021031011312020211322320322032133311130223120211221303122122131302312322032231233
100000001001011020212030001000002001100010102010301020101200101302211110312011220230210310113120202113223203220321333111302231202112213031221221313023123220322313
100000001001011020212030001000002001100010102010301020101200101302211110312011220230210310113120202113223203220321333111302231202112213031221221313023123220322322301
100000001001011020212030001000002001100010102010301020101200101302211110312011220230210310113120202113223203220321333111302231202112213031221221313023123220322322302
100000001001011020212030001000002001100010102010301020101200101302211110312011220230210310113120202113223203220321333111302231202112213031221221313023123220322322303
100000001001011020212030001000002001100010102010301020101200101302211110312011220230210310113120202113223203220321333111302231202112213031221221313023123220322322310
100000001001011020212030001000002001100010102010301020101200101302211110312011220230210310113120202113223203220321333111302231202112213031221221313023123220322322311
100000001001011020212030001000002001100010102010301020101200101302211110312011220230210310113120202113223203220321333111302231202112213031221221313023123220322322312
100000001001011020212030001000002001100010102010301020101200101302211110312011220230210310113120202113223203220321333111302231202112213031221221313023123220322322313
100000001001011020212030001000002001100010102010301020101200101302211110312011220230210310113120202113223203220321333111302231202112213031221221313023123220322322320312
100000001001011020212030001000002001100010102010301020101200101302211110312011220230210310113120202113223203220321333111302231202112213031221221313023123220322322320313
100000001001011020212030001000002001100010102010301020101200101302211110312011220230210310113120202113223203220321333111302231202112213031221221313023123220322322320321
100000001001011020212030001000002001100010102010301020101200101302211110312011220230210310113120202113223203220321333111302231202112213031221221313023123220322322320322
100000001001011020212030001000002001100010102010301020101200101302211110312011220230210310113120202113223203220321333111302231202112213031221221313023123220322322320323
100000001001011020212030001000002001100010102010301020101200101302211110312011220230210310113120202113223203220321333111302231202112213031221221313023123220322322320331
1000000010010110202120300010000020011000101020103010201012001013022111103120112202302103101131202021132232032203213331113022312021122130312212213130231232203223223203321
1000000010010110202120300010000020011000101020103010201012001013022111103120112202302103101131202021132232032203213331113022312021122130312212213130231232203223223203322
10000000100101102021203000100000200110001010201030102010120010130221111031201122023021031011312020211322320322032133311130223120211221303122122131302312322032232232033231
10000000100101102021203000100000200110001010201030102010120010130221111031201122023021031011312020211322320322032133311130223120211221303122122131302312322032232232033232
10000000100101102021203000100000200110001010201030102010120010130221111031201122023021031011312020211322320322032133311130223120211221303122122131302312322032232232033233
1000000010010110202120300010000020011000101020103010201012001013022111103120112202302103101131202021132232032203213331113022312021122130312212213130231232203223223203333033
10000000100101102021203000100000200110001010201030102010120010130221111031201122023021031011312020211322320322032133311130223120211221303122122131302312322032232232033331
10000000100101102021203000100000200110001010201030102010120010130221111031201122023021031011312020211322320322032133311130223120211221303122122131302312322032232232033332
10000000100101102021203000100000200110001010201030102010120010130221111031201122023021031011312020211322320322032133311130223120211221303122122131302312322032232232033333
1000000010010110202120300010000020011000101020103010201012001013022111103120112202302103101131202021132232032203213331113022312021122130312212213130231232203223223212
1000000010010110202120300010000020011000101020103010201012001013022111103120112202302103101131202021132232032203213331113022312021122130312212213130231232203223223213
100000001001011020212030001000002001100010102010301020101200101302211110312011220230210310113120202113223203220321333111302231202112213031221221313023123220322322322
1000000010010110202120300010000020011000101020103010201012001013022111103120112202302103101131202021132232032203213331113022312021122130312212213130231232203223223232
1000000010010110202120300010000020011000101020103010201012001013022111103120112202302103101131202021132232032203213331113022312021122130312212213130231232203223223233
100000001001011020212030001000002001100010102010301020101200101302211110312011220230210310113120202113223203220321333111302231202112213031221221313023123220322323
100000001001011020212030001000002001100010102010301020101200101302211110312011220230210310113120202113223203220321333111302231202112213031221221313023123220323
10000000100101102021203000100000200110001010201030102010120010130221111031201122023021031011312020211322320322032133311130223120211221303122122131302312322033
10000000100101102021203000100000200110001010201030102010120010130221111031201122023021031011312020211322320322032133311130223120211221303122122131302313
10000000100101102021203000100000200110001010201030102010120010130221111031201122023021031011312020211322320322032133311130223120211221303122122131303
10000000100101102021203000100000200110001010201030102010120010130221111031201122023021031011312020211322320322032133311130223120211221303122123
100000001001011020212030001000002001100010102010301020101200101302211110312011220230210310113120202113223203220321333111302231202112213032
100000001001011020212030001000002001100010102010301020101200101302211110312011220230210310113120202113223203220321333111302231202112213033
100000001001011020212030001000002001100010102010301020101200101302211110312011220230210310113120202113223203220321333111302231203
1000000010010110202120300010000020011000101020103010201012001013022111103120112202302103101131202021132232032203213331113023
10000000100101102021203000100000200110001010201030102010120010130221111031201122023021031011312020211322320322032133311130301
10000000100101102021203000100000200110001010201030102010120010130221111031201122023021031011312020211322320322032133311130302
10000000100101102021203000100000200110001010201030102010120010130221111031201122023021031011312020211322320322032133311130303
10000000100101102021203000100000200110001010201030102010120010130221111031201122023021031011312020211322320322032133311130311
10000000100101102021203000100000200110001010201030102010120010130221111031201122023021031011312020211322320322032133311130312
10000000100101102021203000100000200110001010201030102010120010130221111031201122023021031011312020211322320322032133311130313
10000000100101102021203000100000200110001010201030102010120010130221111031201122023021031011312020211322320322032133311130321
10000000100101102021203000100000200110001010201030102010120010130221111031201122023021031011312020211322320322032133311130322
10000000100101102021203000100000200110001010201030102010120010130221111031201122023021031011312020211322320322032133311130323
100000001001011020212030001000002001100010102010301020101200101302211110312011220230210310113120202113223203220321333111303311
100000001001011020212030001000002001100010102010301020101200101302211110312011220230210310113120202113223203220321333111303312
100000001001011020212030001000002001100010102010301020101200101302211110312011220230210310113120202113223203220321333111303313
10000000100101102021203000100000200110001010201030102010120010130221111031201122023021031011312020211322320322032133311130332
10000000100101102021203000100000200110001010201030102010120010130221111031201122023021031011312020211322320322032133311130333
10000000100101102021203000100000200110001010201030102010120010130221111031201122023021031011312021
10000000100101102021203000100000200110001010201030102010120010130221111031201122023021031011312022
10000000100101102021203000100000200110001010201030102010120010130221111031201122023021031011312023
100000001001011020212030001000002001100010102010302
100000001001011020212030001000002001100010102010303
100000001001011020212030001000002001100010102011
100000001001011020212030001000002001100010102012
100000001001011020212030001000002001100010102013
10000000100101102021203001
10000000100101102021203002
10000000100101102021203003
30000001010001011020212030000
300000010100010110202120300010000020020101100010102010301031110
30000001010001011020212030001000002002010110001010201030103111120010120110
300000010100010110202120300010000020020101100010102010301031111200101201113020
300000010100010110202120300010000020020101100010102010301031111200101201113021
3000000101000101102021203000100000200201011000101020103010311112001012011130221130
3000000101000101102021203000100000200201011000101020103010311112001012011130221131202021031012130
300000010100010110202120300010000020020101100010102010301031111200101201113022113120202103101213130
300000010100010110202120300010000020020101100010102010301031111200101201113022113120202103101213131
3000000101000101102021203000100000200201011000101020103010311112001012011130221131202021031012131322320211
3000000101000101102021203000100000200201011000101020103010311112001012011130221131202021031012131322320212
300000010100010110202120300010000020020101100010102010301031111200101201113022113120202103101213132232021330220322202303230
3000000101000101102021203000100000200201011000101020103010311112001012011130221131202021031012131322320213302203222023032310
3000000101000101102021203000100000200201011000101020103010311112001012011130221131202021031012131322320213302203222023032311112333
3000000101000101102021203000100000200201011000101020103010311112001012011130221131202021031012131322320213302203222023032311113020
3000000101000101102021203000100000200201011000101020103010311112001012011130221131202021031012131322320213302203222023032311113021
3000000101000101102021203000100000200201011000101020103010311112001012011130221131202021031012131322320213302203222023032311113022
30000001010001011020212030001000002002010110001010201030103111120010120111302211312020210310121313223202133022032220230323111130233
30000001010001011020212030001000002002010110001010201030103111120010120111302211312020210310121313223202133022032220230323111130301
30000001010001011020212030001000002002010110001010201030103111120010120111302211312020210310121313223202133022032220230323111130302
30000001010001011020212030001000002002010110001010201030103111120010120111302211312020210310121313223202133022032220230323111130303
30000001010001011020212030001000002002010110001010201030103111120010120111302211312020210310121313223202133022032220230323111130311
30000001010001011020212030001000002002010110001010201030103111120010120111302211312020210310121313223202133022032220230323111130312
30000001010001011020212030001000002002010110001010201030103111120010120111302211312020210310121313223202133022032220230323111130313
300000010100010110202120300010000020020101100010102010301031111200101201113022113120202103101213132232021330220322202303231111303210
300000010100010110202120300010000020020101100010102010301031111200101201113022113120202103101213132232021330220322202303231111303211
300000010100010110202120300010000020020101100010102010301031111200101201113022113120202103101213132232021330220322202303231111303212
300000010100010110202120300010000020020101100010102010301031111200101201113022113120202103101213132232021330220322202303231111303213
3000000101000101102021203000100000200201011000101020103010311112001012011130221131202021031012131322320213302203222023032311113032203123
300000010100010110202120300010000020020101100010102010301031111200101201113022113120202103101213132232021330220322202303231111303220313
300000010100010110202120300010000020020101100010102010301031111200101201113022113120202103101213132232021330220322202303231111303220321
300000010100010110202120300010000020020101100010102010301031111200101201113022113120202103101213132232021330220322202303231111303220322021112
300000010100010110202120300010000020020101100010102010301031111200101201113022113120202103101213132232021330220322202303231111303220322021113
300000010100010110202120300010000020020101100010102010301031111200101201113022113120202103101213132232021330220322202303231111303220322021120
300000010100010110202120300010000020020101100010102010301031111200101201113022113120202103101213132232021330220322202303231111303220322021121
300000010100010110202120300010000020020101100010102010301031111200101201113022113120202103101213132232021330220322202303231111303220322021122130303
300000010100010110202120300010000020020101100010102010301031111200101201113022113120202103101213132232021330220322202303231111303220322021122130312212212302
3000000101000101102021203000100000200201011000101020103010311112001012011130221131202021031012131322320213302203222023032311113032203220211221303122122123030
300000010100010110202120300010000020020101100010102010301031111200101201113022113120202103101213132232021330220322202303231111303220322021122130312212212303131232203221331
300000010100010110202120300010000020020101100010102010301031111200101201113022113120202103101213132232021330220322202303231111303220322021122130312212212303131232203221332
300000010100010110202120300010000020020101100010102010301031111200101201113022113120202103101213132232021330220322202303231111303220322021122130312212212303131232203221333
300000010100010110202120300010000020020101100010102010301031111200101201113022113120202103101213132232021330220322202303231111303220322021122130312212212303131232203222
30000001010001011020212030001000002002010110001010201030103111120010120111302211312020210310121313223202133022032220230323111130322032202112213031221221230313123220322313
30000001010001011020212030001000002002010110001010201030103111120010120111302211312020210310121313223202133022032220230323111130322032202112213031221221230313123220322322301
30000001010001011020212030001000002002010110001010201030103111120010120111302211312020210310121313223202133022032220230323111130322032202112213031221221230313123220322322302
30000001010001011020212030001000002002010110001010201030103111120010120111302211312020210310121313223202133022032220230323111130322032202112213031221221230313123220322322303
3000000101000101102021203000100000200201011000101020103010311112001012011130221131202021031012131322320213302203222023032311113032203220211221303122122123031312322032232231
30000001010001011020212030001000002002010110001010201030103111120010120111302211312020210310121313223202133022032220230323111130322032202112213031221221230313123220322322321
30000001010001011020212030001000002002010110001010201030103111120010120111302211312020210310121313223202133022032220230323111130322032202112213031221221230313123220322322322
3000000101000101102021203000100000200201011000101020103010311112001012011130221131202021031012131322320213302203222023032311113032203220211221303122122123031312322032232232321
3000000101000101102021203000100000200201011000101020103010311112001012011130221131202021031012131322320213302203222023032311113032203220211221303122122123031312322032232232322
30000001010001011020212030001000002002010110001010201030103111120010120111302211312020210310121313223202133022032220230323111130322032202112213031221221230313123220322322323231
30000001010001011020212030001000002002010110001010201030103111120010120111302211312020210310121313223202133022032220230323111130322032202112213031221221230313123220322322323232
30000001010001011020212030001000002002010110001010201030103111120010120111302211312020210310121313223202133022032220230323111130322032202112213031221221230313123220322322323233
30000001010001011020212030001000002002010110001010201030103111120010120111302211312020210310121313223202133022032220230323111130322032202112213031221221230313123220322322323330332
30000001010001011020212030001000002002010110001010201030103111120010120111302211312020210310121313223202133022032220230323111130322032202112213031221221230313123220322322323330333
30000001010001011020212030001000002002010110001010201030103111120010120111302211312020210310121313223202133022032220230323111130322032202112213031221221230313123220322322323331
300000010100010110202120300010000020020101100010102010301031111200101201113022113120202103101213132232021330220322202303231111303220322021122130312212212303131232203223223233323
3000000101000101102021203000100000200201011000101020103010311112001012011130221131202021031012131322320213302203222023032311113032203220211221303122122123031312322032232232333313
300000010100010110202120300010000020020101100010102010301031111200101201113022113120202103101213132232021330220322202303231111303220322021122130312212212303131232203223223233332
300000010100010110202120300010000020020101100010102010301031111200101201113022113120202103101213132232021330220322202303231111303220322021122130312212212303131232203223223233333
30000001010001011020212030001000002002010110001010201030103111120010120111302211312020210310121313223202133022032220230323111130322032202112213031221221230313123220322323
30000001010001011020212030001000002002010110001010201030103111120010120111302211312020210310121313223202133022032220230323111130322032202112213031221221230313123220323
30000001010001011020212030001000002002010110001010201030103111120010120111302211312020210310121313223202133022032220230323111130322032202112213031221221230313123220333
3000000101000101102021203000100000200201011000101020103010311112001012011130221131202021031012131322320213302203222023032311113032203220211221303122122123031313
3000000101000101102021203000100000200201011000101020103010311112001012011130221131202021031012131322320213302203222023032311113032203220211221303122123
30000001010001011020212030001000002002010110001010201030103111120010120111302211312020210310121313223202133022032220230323111130322032202112213032
30000001010001011020212030001000002002010110001010201030103111120010120111302211312020210310121313223202133022032220230323111130322032202112213033
30000001010001011020212030001000002002010110001010201030103111120010120111302211312020210310121313223202133022032220230323111130322032203
30000001010001011020212030001000002002010110001010201030103111120010120111302211312020210310121313223202133022032220230323111130323
300000010100010110202120300010000020020101100010102010301031111200101201113022113120202103101213132232021330220322202303231111303311
300000010100010110202120300010000020020101100010102010301031111200101201113022113120202103101213132232021330220322202303231111303312
300000010100010110202120300010000020020101100010102010301031111200101201113022113120202103101213132232021330220322202303231111303313
30000001010001011020212030001000002002010110001010201030103111120010120111302211312020210310121313223202133022032220230323111130332
30000001010001011020212030001000002002010110001010201030103111120010120111302211312020210310121313223202133022032220230323111130333
30000001010001011020212030001000002002010110001010201030103111120010120111302211312021
30000001010001011020212030001000002002010110001010201030103111120010120111302211312022
30000001010001011020212030001000002002010110001010201030103111120010120111302211312023
300000010100010110202120300010000020020101100010102010302
300000010100010110202120300010000020020101100010102010303
300000010100010110202120300010000020020101100010102011
300000010100010110202120300010000020020101100010102012
300000010100010110202120300010000020020101100010102013
3000000101000101102021203001
3000000101000101102021203002
3000000101000101102021203003
