10000000100102000101011102030
10000000100102000101011102031200102011130020
10000000100102000101011102031200102011130021
1000000010010200010101110203120010201113002210220101203021001020323030
100000001001020001010111020312001020111300221022010120302100102032303111213030
1000000010010200010101110203120010201113002210220101203021001020323031112130312
10000000100102000101011102031200102011130022102201012030210010203230311121303133
1000000010010200010101110203120010201113002210220101203021001020323031112130320
1000000010010200010101110203120010201113002210220101203021001020323031112130321
1000000010010200010101110203120010201113002210220101203021001020323031112130322301
1000000010010200010101110203120010201113002210220101203021001020323031112130322302
1000000010010200010101110203120010201113002210220101203021001020323031112130322303112113321
1000000010010200010101110203120010201113002210220101203021001020323031112130322303112113322
1000000010010200010101110203120010201113002210220101203021001020323031112130322303112113323
100000001001020001010111020312001020111300221022010120302100102032303111213032230311211333221
10000000100102000101011102031200102011130022102201012030210010203230311121303223031121133322220
10000000100102000101011102031200102011130022102201012030210010203230311121303223031121133322221
10000000100102000101011102031200102011130022102201012030210010203230311121303223031121133322222
10000000100102000101011102031200102011130022102201012030210010203230311121303223031121133322223
10000000100102000101011102031200102011130022102201012030210010203230311121303223031121133322230
1000000010010200010101110203120010201113002210220101203021001020323031112130322303112113332223122
100000001001020001010111020312001020111300221022010120302100102032303111213032230311211333222312310
100000001001020001010111020312001020111300221022010120302100102032303111213032230311211333222312311
100000001001020001010111020312001020111300221022010120302100102032303111213032230311211333222312312
100000001001020001010111020312001020111300221022010120302100102032303111213032230311211333222312313
10000000100102000101011102031200102011130022102201012030210010203230311121303223031121133322231232011
100000001001020001010111020312001020111300221022010120302100102032303111213032230311211333222312320121112131
10000000100102000101011102031200102011130022102201012030210010203230311121303223031121133322231232012111213231
10000000100102000101011102031200102011130022102201012030210010203230311121303223031121133322231232012111213232
10000000100102000101011102031200102011130022102201012030210010203230311121303223031121133322231232012111213233
100000001001020001010111020312001020111300221022010120302100102032303111213032230311211333222312320121112133
1000000010010200010101110203120010201113002210220101203021001020323031112130322303112113332223123201211122
1000000010010200010101110203120010201113002210220101203021001020323031112130322303112113332223123201211123
100000001001020001010111020312001020111300221022010120302100102032303111213032230311211333222312320121113020
100000001001020001010111020312001020111300221022010120302100102032303111213032230311211333222312320121113021
100000001001020001010111020312001020111300221022010120302100102032303111213032230311211333222312320121113022
100000001001020001010111020312001020111300221022010120302100102032303111213032230311211333222312320121113023
100000001001020001010111020312001020111300221022010120302100102032303111213032230311211333222312320121113030
100000001001020001010111020312001020111300221022010120302100102032303111213032230311211333222312320121113031
100000001001020001010111020312001020111300221022010120302100102032303111213032230311211333222312320121113032
100000001001020001010111020312001020111300221022010120302100102032303111213032230311211333222312320121113033
10000000100102000101011102031200102011130022102201012030210010203230311121303223031121133322231232012111312
100000001001020001010111020312001020111300221022010120302100102032303111213032230311211333222312320121113132
1000000010010200010101110203120010201113002210220101203021001020323031112130322303112113332223123201211131332
10000000100102000101011102031200102011130022102201012030210010203230311121303223031121133322231232012111313333
100000001001020001010111020312001020111300221022010120302100102032303111213032230311211333222312320122
100000001001020001010111020312001020111300221022010120302100102032303111213032230311211333222312320123
100000001001020001010111020312001020111300221022010120302100102032303111213032230311211333222312320130
100000001001020001010111020312001020111300221022010120302100102032303111213032230311211333222312320131
100000001001020001010111020312001020111300221022010120302100102032303111213032230311211333222312320132
100000001001020001010111020312001020111300221022010120302100102032303111213032230311211333222312320133
10000000100102000101011102031200102011130022102201012030210010203230311121303223031121133322231233
100000001001020001010111020312001020111300221022010120302100102032303111213032230311211333222313
100000001001020001010111020312001020111300221022010120302100102032303111213032230311211333223
100000001001020001010111020312001020111300221022010120302100102032303111213032230311212
100000001001020001010111020312001020111300221022010120302100102032303111213032230311213
100000001001020001010111020312001020111300221022010120302100103
100000001001020001010111020312001020111300221022010120303
10000000100102000101011102031200102011130022102201012031
10000000100102000101011102031200102011130022102201012032
10000000100102000101011102031200102011130022102201012033
10000000100102000101011102031200102011130022102202
10000000100102000101011102031200102011130022102203
10000000100102000101011102031200102011130023
10000000100102000101011102031200102012
10000000100102000101011102031200102013
100000001001020001010111020312002
100000001001020001010111020312003
100000001002
100000001003
300000001010100020202010110001030
30000000101010002020201011000103120011131030
300000001010100020202010110001031200111310312102201011020
300000001010100020202010110001031200111310312102201011021
3000000010101000202020101100010312001113103121022010110223030
3000000010101000202020101100010312001113103121022010110223031112120302100102032
3000000010101000202020101100010312001113103121022010110223031112120302100102033
30000000101010002020201011000103120011131031210220101102230311121203021001021211320
300000001010100020202010110001031200111310312102201011022303111212030210010212113213
30000000101010002020201011000103120011131031210220101102230311121203021001021211322301
30000000101010002020201011000103120011131031210220101102230311121203021001021211322302
300000001010100020202010110001031200111310312102201011022303111212030210010212113223031131
3000000010101000202020101100010312001113103121022010110223031112120302100102121132230311322130
3000000010101000202020101100010312001113103121022010110223031112120302100102121132230311322131
3000000010101000202020101100010312001113103121022010110223031112120302100102121132230311322132
300000001010100020202010110001031200111310312102201011022303111212030210010212113223031132213323
3000000010101000202020101100010312001113103121022010110223031112120302100102121132230311322133323
3000000010101000202020101100010312001113103121022010110223031112120302100102121132230311322133333
3000000010101000202020101100010312001113103121022010110223031112120302100102121132230311322220
3000000010101000202020101100010312001113103121022010110223031112120302100102121132230311322221
3000000010101000202020101100010312001113103121022010110223031112120302100102121132230311322222
3000000010101000202020101100010312001113103121022010110223031112120302100102121132230311322223
3000000010101000202020101100010312001113103121022010110223031112120302100102121132230311322230
300000001010100020202010110001031200111310312102201011022303111212030210010212113223031132223122
30000000101010002020201011000103120011131031210220101102230311121203021001021211322303113222312320111
30000000101010002020201011000103120011131031210220101102230311121203021001021211322303113222312320112
30000000101010002020201011000103120011131031210220101102230311121203021001021211322303113222312320113
300000001010100020202010110001031200111310312102201011022303111212030210010212113223031132223123201211122
3000000010101000202020101100010312001113103121022010110223031112120302100102121132230311322231232012111233
30000000101010002020201011000103120011131031210220101102230311121203021001021211322303113222312320121113020
30000000101010002020201011000103120011131031210220101102230311121203021001021211322303113222312320121113021
30000000101010002020201011000103120011131031210220101102230311121203021001021211322303113222312320121113022
30000000101010002020201011000103120011131031210220101102230311121203021001021211322303113222312320121113023
30000000101010002020201011000103120011131031210220101102230311121203021001021211322303113222312320121113030
30000000101010002020201011000103120011131031210220101102230311121203021001021211322303113222312320121113031
30000000101010002020201011000103120011131031210220101102230311121203021001021211322303113222312320121113032
30000000101010002020201011000103120011131031210220101102230311121203021001021211322303113222312320121113033
3000000010101000202020101100010312001113103121022010110223031112120302100102121132230311322231232012111312
30000000101010002020201011000103120011131031210220101102230311121203021001021211322303113222312320121113132
300000001010100020202010110001031200111310312102201011022303111212030210010212113223031132223123201211131332
300000001010100020202010110001031200111310312102201011022303111212030210010212113223031132223123201211131333
30000000101010002020201011000103120011131031210220101102230311121203021001021211322303113222312320122
30000000101010002020201011000103120011131031210220101102230311121203021001021211322303113222312320123
30000000101010002020201011000103120011131031210220101102230311121203021001021211322303113222312320130
30000000101010002020201011000103120011131031210220101102230311121203021001021211322303113222312320131
30000000101010002020201011000103120011131031210220101102230311121203021001021211322303113222312320132
30000000101010002020201011000103120011131031210220101102230311121203021001021211322303113222312320133
3000000010101000202020101100010312001113103121022010110223031112120302100102121132230311322231233
30000000101010002020201011000103120011131031210220101102230311121203021001021211322303113222313
30000000101010002020201011000103120011131031210220101102230311121203021001021211322303113223
30000000101010002020201011000103120011131031210220101102230311121203021001021212
30000000101010002020201011000103120011131031210220101102230311121203021001021213
3000000010101000202020101100010312001113103121022010110223031112120302100103
3000000010101000202020101100010312001113103121022010110223031112120303
300000001010100020202010110001031200111310312102201011022303111212031
300000001010100020202010110001031200111310312102201011022303111212032
300000001010100020202010110001031200111310312102201011022303111212033
300000001010100020202010110001031200111310312102202
300000001010100020202010110001031200111310312102203
30000000101010002020201011000103120012
30000000101010002020201011000103120013
30000000101010002020201011000103120021
30000000101010002020201011000103120022
30000000101010002020201011000103120023
3000000010101000202020101100010312003
300000001010100020202010110002
300000001010100020202010110003
0000001010100020202010110001030
00000010101000202020101100010312001113003011020
00000010101000202020101100010312001113003011021
00000010101000202020101100010312001113003011022102201021001020323030
00000010101000202020101100010312001113003011022102201021001020323031112120
000000101010002020201011000103120011130030110221022010210010203230311121213030
0000001010100020202010110001031200111300301102210220102100102032303111212130312
00000010101000202020101100010312001113003011022102201021001020323031112121303133
0000001010100020202010110001031200111300301102210220102100102032303111212130320
0000001010100020202010110001031200111300301102210220102100102032303111212130321
0000001010100020202010110001031200111300301102210220102100102032303111212130322301
0000001010100020202010110001031200111300301102210220102100102032303111212130322302
0000001010100020202010110001031200111300301102210220102100102032303111212130322303112113323
00000010101000202020101100010312001113003011022102201021001020323031112121303223031121133322220
00000010101000202020101100010312001113003011022102201021001020323031112121303223031121133322221
00000010101000202020101100010312001113003011022102201021001020323031112121303223031121133322222
00000010101000202020101100010312001113003011022102201021001020323031112121303223031121133322223
00000010101000202020101100010312001113003011022102201021001020323031112121303223031121133322230
0000001010100020202010110001031200111300301102210220102100102032303111212130322303112113332223122
000000101010002020201011000103120011130030110221022010210010203230311121213032230311211333222312310
000000101010002020201011000103120011130030110221022010210010203230311121213032230311211333222312311
000000101010002020201011000103120011130030110221022010210010203230311121213032230311211333222312312
000000101010002020201011000103120011130030110221022010210010203230311121213032230311211333222312313
00000010101000202020101100010312001113003011022102201021001020323031112121303223031121133322231232011
000000101010002020201011000103120011130030110221022010210010203230311121213032230311211333222312320121112131
00000010101000202020101100010312001113003011022102201021001020323031112121303223031121133322231232012111213231
00000010101000202020101100010312001113003011022102201021001020323031112121303223031121133322231232012111213232
00000010101000202020101100010312001113003011022102201021001020323031112121303223031121133322231232012111213233
000000101010002020201011000103120011130030110221022010210010203230311121213032230311211333222312320121112133
0000001010100020202010110001031200111300301102210220102100102032303111212130322303112113332223123201211122
0000001010100020202010110001031200111300301102210220102100102032303111212130322303112113332223123201211123
000000101010002020201011000103120011130030110221022010210010203230311121213032230311211333222312320121113020
000000101010002020201011000103120011130030110221022010210010203230311121213032230311211333222312320121113021
000000101010002020201011000103120011130030110221022010210010203230311121213032230311211333222312320121113022
000000101010002020201011000103120011130030110221022010210010203230311121213032230311211333222312320121113023
000000101010002020201011000103120011130030110221022010210010203230311121213032230311211333222312320121113030
000000101010002020201011000103120011130030110221022010210010203230311121213032230311211333222312320121113031
000000101010002020201011000103120011130030110221022010210010203230311121213032230311211333222312320121113032
000000101010002020201011000103120011130030110221022010210010203230311121213032230311211333222312320121113033
00000010101000202020101100010312001113003011022102201021001020323031112121303223031121133322231232012111312
000000101010002020201011000103120011130030110221022010210010203230311121213032230311211333222312320121113132
0000001010100020202010110001031200111300301102210220102100102032303111212130322303112113332223123201211131332
00000010101000202020101100010312001113003011022102201021001020323031112121303223031121133322231232012111313333
000000101010002020201011000103120011130030110221022010210010203230311121213032230311211333222312320122
000000101010002020201011000103120011130030110221022010210010203230311121213032230311211333222312320123
000000101010002020201011000103120011130030110221022010210010203230311121213032230311211333222312320130
000000101010002020201011000103120011130030110221022010210010203230311121213032230311211333222312320131
000000101010002020201011000103120011130030110221022010210010203230311121213032230311211333222312320132
000000101010002020201011000103120011130030110221022010210010203230311121213032230311211333222312320133
00000010101000202020101100010312001113003011022102201021001020323031112121303223031121133322231233
000000101010002020201011000103120011130030110221022010210010203230311121213032230311211333222313
000000101010002020201011000103120011130030110221022010210010203230311121213032230311211333223
000000101010002020201011000103120011130030110221022010210010203230311121213032230311212
000000101010002020201011000103120011130030110221022010210010203230311121213032230311213
0000001010100020202010110001031200111300301102210220102100103
0000001010100020202010110001031200111300301102210220103
00000010101000202020101100010312001113003011022102202
00000010101000202020101100010312001113003011022102203
000000101010002020201011000103120011130031
000000101010002020201011000103120011130032
000000101010002020201011000103120011130033
000000101010002020201011000103120012
000000101010002020201011000103120013
000000101010002020201011000103120021
000000101010002020201011000103120022
000000101010002020201011000103120023
00000010101000202020101100010312003
0000001010100020202010110002
0000001010100020202010110003
2000000010010200010101100102011121001020210303130020
2000000010010200010101100102011121001020210303130021
2000000010010200010101100102011121001020210303130022201011020
2000000010010200010101100102011121001020210303130022201011021
20000000100102000101011001020111210010202103031300222010110223030
200000001001020001010110010201112100102021030313002220101102230311121203022030
2000000010010200010101100102011121001020210303130022201011022303111212030220312
20000000100102000101011001020111210010202103031300222010110223031112120302203132
20000000100102000101011001020111210010202103031300222010110223031112120302203133
2000000010010200010101100102011121001020210303130022201011022303111212030220320
2000000010010200010101100102011121001020210303130022201011022303111212030220321
2000000010010200010101100102011121001020210303130022201011022303111212030220322301
2000000010010200010101100102011121001020210303130022201011022303111212030220322302
2000000010010200010101100102011121001020210303130022201011022303111212030220322303112113323
20000000100102000101011001020111210010202103031300222010110223031112120302203223031121133322130
20000000100102000101011001020111210010202103031300222010110223031112120302203223031121133322131
20000000100102000101011001020111210010202103031300222010110223031112120302203223031121133322132
20000000100102000101011001020111210010202103031300222010110223031112120302203223031121133322133
20000000100102000101011001020111210010202103031300222010110223031112120302203223031121133322230
2000000010010200010101100102011121001020210303130022201011022303111212030220322303112113332223122
200000001001020001010110010201112100102021030313002220101102230311121203022032230311211333222312310
200000001001020001010110010201112100102021030313002220101102230311121203022032230311211333222312311
200000001001020001010110010201112100102021030313002220101102230311121203022032230311211333222312312
200000001001020001010110010201112100102021030313002220101102230311121203022032230311211333222312313
20000000100102000101011001020111210010202103031300222010110223031112120302203223031121133322231232011
200000001001020001010110010201112100102021030313002220101102230311121203022032230311211333222312320121112131
2000000010010200010101100102011121001020210303130022201011022303111212030220322303112113332223123201211121323
200000001001020001010110010201112100102021030313002220101102230311121203022032230311211333222312320121112133
2000000010010200010101100102011121001020210303130022201011022303111212030220322303112113332223123201211122
2000000010010200010101100102011121001020210303130022201011022303111212030220322303112113332223123201211123
200000001001020001010110010201112100102021030313002220101102230311121203022032230311211333222312320121113020
200000001001020001010110010201112100102021030313002220101102230311121203022032230311211333222312320121113021
200000001001020001010110010201112100102021030313002220101102230311121203022032230311211333222312320121113022
200000001001020001010110010201112100102021030313002220101102230311121203022032230311211333222312320121113023
200000001001020001010110010201112100102021030313002220101102230311121203022032230311211333222312320121113030
200000001001020001010110010201112100102021030313002220101102230311121203022032230311211333222312320121113031
200000001001020001010110010201112100102021030313002220101102230311121203022032230311211333222312320121113032
200000001001020001010110010201112100102021030313002220101102230311121203022032230311211333222312320121113033
20000000100102000101011001020111210010202103031300222010110223031112120302203223031121133322231232012111312
2000000010010200010101100102011121001020210303130022201011022303111212030220322303112113332223123201211131321
2000000010010200010101100102011121001020210303130022201011022303111212030220322303112113332223123201211131322
2000000010010200010101100102011121001020210303130022201011022303111212030220322303112113332223123201211131323
2000000010010200010101100102011121001020210303130022201011022303111212030220322303112113332223123201211131332
20000000100102000101011001020111210010202103031300222010110223031112120302203223031121133322231232012111313333
200000001001020001010110010201112100102021030313002220101102230311121203022032230311211333222312320122
200000001001020001010110010201112100102021030313002220101102230311121203022032230311211333222312320123
200000001001020001010110010201112100102021030313002220101102230311121203022032230311211333222312320130
200000001001020001010110010201112100102021030313002220101102230311121203022032230311211333222312320131
200000001001020001010110010201112100102021030313002220101102230311121203022032230311211333222312320132
200000001001020001010110010201112100102021030313002220101102230311121203022032230311211333222312320133
20000000100102000101011001020111210010202103031300222010110223031112120302203223031121133322231233
200000001001020001010110010201112100102021030313002220101102230311121203022032230311211333222313
200000001001020001010110010201112100102021030313002220101102230311121203022032230311211333223
200000001001020001010110010201112100102021030313002220101102230311121203022032230311212
200000001001020001010110010201112100102021030313002220101102230311121203022032230311213
20000000100102000101011001020111210010202103031300222010110223031112120303
2000000010010200010101100102011121001020210303130022201011022303111212031
2000000010010200010101100102011121001020210303130022201011022303111212032
2000000010010200010101100102011121001020210303130022201011022303111212033
2000000010010200010101100102011121001020210303130022202
2000000010010200010101100102011121001020210303130022203
2000000010010200010101100102011121001020210303130023
200000001001020001010110010201112100103
2000000010010200010101100102012
2000000010010200010101100102013
20000000100102000101011002
20000000100102000101011003
200000001002
200000001003
