0010000000010010101010200102020030
00100000000100101010102001020200311120113020
00100000000100101010102001020200311120113021
001000000001001010101020010202003111201130221030200201103030
001000000001001010101020010202003111201130221030200201103031201
00100000000100101010102001020200311120113022103020020110303120220
00100000000100101010102001020200311120113022103020020110303120221230
00100000000100101010102001020200311120113022103020020110303120221231102120
001000000001001010101020010202003111201130221030200201103031202212311021213032
001000000001001010101020010202003111201130221030200201103031202212311021213033
001000000001001010101020010202003111201130221030200201103031202212311021213103011
00100000000100101010102001020200311120113022103020020110303120221231102121310301211313
00100000000100101010102001020200311120113022103020020110303120221231102121310301211323
00100000000100101010102001020200311120113022103020020110303120221231102121310301211331
00100000000100101010102001020200311120113022103020020110303120221231102121310301211332
00100000000100101010102001020200311120113022103020020110303120221231102121310301211333
001000000001001010101020010202003111201130221030200201103031202212311021213103012121302113112
001000000001001010101020010202003111201130221030200201103031202212311021213103012121302113113
0010000000010010101010200102020031112011302210302002011030312022123110212131030121213021131222
0010000000010010101010200102020031112011302210302002011030312022123110212131030121213021131223
001000000001001010101020010202003111201130221030200201103031202212311021213103012121302113123220
001000000001001010101020010202003111201130221030200201103031202212311021213103012121302113123221
001000000001001010101020010202003111201130221030200201103031202212311021213103012121302113123222
001000000001001010101020010202003111201130221030200201103031202212311021213103012121302113123223
0010000000010010101010200102020031112011302210302002011030312022123110212131030121213021131232302
0010000000010010101010200102020031112011302210302002011030312022123110212131030121213021131232303
00100000000100101010102001020200311120113022103020020110303120221231102121310301212130211312323122
00100000000100101010102001020200311120113022103020020110303120221231102121310301212130211312323123
00100000000100101010102001020200311120113022103020020110303120221231102121310301212130211312323130
00100000000100101010102001020200311120113022103020020110303120221231102121310301212130211312323131
001000000001001010101020010202003111201130221030200201103031202212311021213103012121302113123231322
0010000000010010101010200102020031112011302210302002011030312022123110212131030121213021131232313232
00100000000100101010102001020200311120113022103020020110303120221231102121310301212130211312323132333
00100000000100101010102001020200311120113022103020020110303120221231102121310301212130211312323133210
00100000000100101010102001020200311120113022103020020110303120221231102121310301212130211312323133211
00100000000100101010102001020200311120113022103020020110303120221231102121310301212130211312323133212
00100000000100101010102001020200311120113022103020020110303120221231102121310301212130211312323133213
001000000001001010101020010202003111201130221030200201103031202212311021213103012121302113123231332203
00100000000100101010102001020200311120113022103020020110303120221231102121310301212130211312323133221131
00100000000100101010102001020200311120113022103020020110303120221231102121310301212130211312323133221132
00100000000100101010102001020200311120113022103020020110303120221231102121310301212130211312323133221133
00100000000100101010102001020200311120113022103020020110303120221231102121310301212130211312323133221230
00100000000100101010102001020200311120113022103020020110303120221231102121310301212130211312323133221231
00100000000100101010102001020200311120113022103020020110303120221231102121310301212130211312323133221232
0010000000010010101010200102020031112011302210302002011030312022123110212131030121213021131232313322123332
0010000000010010101010200102020031112011302210302002011030312022123110212131030121213021131232313322123333
001000000001001010101020010202003111201130221030200201103031202212311021213103012121302113123231332213
001000000001001010101020010202003111201130221030200201103031202212311021213103012121302113123231332221
001000000001001010101020010202003111201130221030200201103031202212311021213103012121302113123231332222311
001000000001001010101020010202003111201130221030200201103031202212311021213103012121302113123231332222312
00100000000100101010102001020200311120113022103020020110303120221231102121310301212130211312323133222231322
00100000000100101010102001020200311120113022103020020110303120221231102121310301212130211312323133222231323
00100000000100101010102001020200311120113022103020020110303120221231102121310301212130211312323133222231332
00100000000100101010102001020200311120113022103020020110303120221231102121310301212130211312323133222231333
00100000000100101010102001020200311120113022103020020110303120221231102121310301212130211312323133223
001000000001001010101020010202003111201130221030200201103031202212311021213103012121303
00100000000100101010102001020200311120113022103020020110303120221231102121310302
00100000000100101010102001020200311120113022103020020110303120221231102121310303
001000000001001010101020010202003111201130221030201
001000000001001010101020010202003111201130221030202
001000000001001010101020010202003111201130221030203
0010000000010010101010200103
100000000100101010102001020011011020030
1000000001001010101020010200110110200311120113020
1000000001001010101020010200110110200311120113021
100000000100101010102001020011011020031112011302210302002021203030
100000000100101010102001020011011020031112011302210302002021203031201
10000000010010101010200102001101102003111201130221030200202120303120220
10000000010010101010200102001101102003111201130221030200202120303120221230
100000000100101010102001020011011020031112011302210302002021203031202212313032
100000000100101010102001020011011020031112011302210302002021203031202212313033
100000000100101010102001020011011020031112011302210302002021203031202212313103011
10000000010010101010200102001101102003111201130221030200202120303120221231310301211313
10000000010010101010200102001101102003111201130221030200202120303120221231310301211323
10000000010010101010200102001101102003111201130221030200202120303120221231310301211331
10000000010010101010200102001101102003111201130221030200202120303120221231310301211332
10000000010010101010200102001101102003111201130221030200202120303120221231310301211333
100000000100101010102001020011011020031112011302210302002021203031202212313103012121302113112
100000000100101010102001020011011020031112011302210302002021203031202212313103012121302113113
1000000001001010101020010200110110200311120113022103020020212030312022123131030121213021131222
1000000001001010101020010200110110200311120113022103020020212030312022123131030121213021131223
100000000100101010102001020011011020031112011302210302002021203031202212313103012121302113123220
100000000100101010102001020011011020031112011302210302002021203031202212313103012121302113123221
100000000100101010102001020011011020031112011302210302002021203031202212313103012121302113123222
100000000100101010102001020011011020031112011302210302002021203031202212313103012121302113123223
1000000001001010101020010200110110200311120113022103020020212030312022123131030121213021131232302
1000000001001010101020010200110110200311120113022103020020212030312022123131030121213021131232303
10000000010010101010200102001101102003111201130221030200202120303120221231310301212130211312323122
10000000010010101010200102001101102003111201130221030200202120303120221231310301212130211312323123
10000000010010101010200102001101102003111201130221030200202120303120221231310301212130211312323130
10000000010010101010200102001101102003111201130221030200202120303120221231310301212130211312323131
100000000100101010102001020011011020031112011302210302002021203031202212313103012121302113123231322
1000000001001010101020010200110110200311120113022103020020212030312022123131030121213021131232313232
10000000010010101010200102001101102003111201130221030200202120303120221231310301212130211312323132333
10000000010010101010200102001101102003111201130221030200202120303120221231310301212130211312323133210
10000000010010101010200102001101102003111201130221030200202120303120221231310301212130211312323133211
10000000010010101010200102001101102003111201130221030200202120303120221231310301212130211312323133212
10000000010010101010200102001101102003111201130221030200202120303120221231310301212130211312323133213
100000000100101010102001020011011020031112011302210302002021203031202212313103012121302113123231332203
10000000010010101010200102001101102003111201130221030200202120303120221231310301212130211312323133221131
10000000010010101010200102001101102003111201130221030200202120303120221231310301212130211312323133221132
10000000010010101010200102001101102003111201130221030200202120303120221231310301212130211312323133221133
10000000010010101010200102001101102003111201130221030200202120303120221231310301212130211312323133221230
10000000010010101010200102001101102003111201130221030200202120303120221231310301212130211312323133221231
10000000010010101010200102001101102003111201130221030200202120303120221231310301212130211312323133221232
1000000001001010101020010200110110200311120113022103020020212030312022123131030121213021131232313322123332
1000000001001010101020010200110110200311120113022103020020212030312022123131030121213021131232313322123333
100000000100101010102001020011011020031112011302210302002021203031202212313103012121302113123231332213
100000000100101010102001020011011020031112011302210302002021203031202212313103012121302113123231332221
100000000100101010102001020011011020031112011302210302002021203031202212313103012121302113123231332222311
100000000100101010102001020011011020031112011302210302002021203031202212313103012121302113123231332222312
10000000010010101010200102001101102003111201130221030200202120303120221231310301212130211312323133222231321
10000000010010101010200102001101102003111201130221030200202120303120221231310301212130211312323133222231322
10000000010010101010200102001101102003111201130221030200202120303120221231310301212130211312323133222231323
10000000010010101010200102001101102003111201130221030200202120303120221231310301212130211312323133222231332
10000000010010101010200102001101102003111201130221030200202120303120221231310301212130211312323133222231333
10000000010010101010200102001101102003111201130221030200202120303120221231310301212130211312323133223
100000000100101010102001020011011020031112011302210302002021203031202212313103012121303
10000000010010101010200102001101102003111201130221030200202120303120221231310302
10000000010010101010200102001101102003111201130221030200202120303120221231310303
10000000010010101010200102001101102003111201130221030201
10000000010010101010200102001101102003111201130221030202
10000000010010101010200102001101102003111201130221030203
10000000010010101010200103
200010000010001020010200100101030
2000100000100010200102001001010311120113020
2000100000100010200102001001010311120113021
200010000010001020010200100101031112011302210302002011021030111021203030
200010000010001020010200100101031112011302210302002011021030111021203031201
20001000001000102001020010010103111201130221030200201102103011102120303120220
20001000001000102001020010010103111201130221030200201102103011102120303120221230
200010000010001020010200100101031112011302210302002011021030111021203031202212313032
200010000010001020010200100101031112011302210302002011021030111021203031202212313033
20001000001000102001020010010103111201130221030200201102103011102120303120221231311220
20001000001000102001020010010103111201130221030200201102103011102120303120221231311221
20001000001000102001020010010103111201130221030200201102103011102120303120221231311222
20001000001000102001020010010103111201130221030200201102103011102120303120221231311223
2000100000100010200102001001010311120113022103020020110210301110212030312022123131123023
20001000001000102001020010010103111201130221030200201102103011102120303120221231311230313
2000100000100010200102001001010311120113022103020020110210301110212030312022123131123032
2000100000100010200102001001010311120113022103020020110210301110212030312022123131123033
200010000010001020010200100101031112011302210302002011021030111021203031202212313112311302122
2000100000100010200102001001010311120113022103020020110210301110212030312022123131123113021231
2000100000100010200102001001010311120113022103020020110210301110212030312022123131123113021232
2000100000100010200102001001010311120113022103020020110210301110212030312022123131123113021233
200010000010001020010200100101031112011302210302002011021030111021203031202212313112311302130
2000100000100010200102001001010311120113022103020020110210301110212030312022123131123113021313
200010000010001020010200100101031112011302210302002011021030111021203031202212313112311302132122
20001000001000102001020010010103111201130221030200201102103011102120303120221231311231130213212322
20001000001000102001020010010103111201130221030200201102103011102120303120221231311231130213212323
20001000001000102001020010010103111201130221030200201102103011102120303120221231311231130213212332
20001000001000102001020010010103111201130221030200201102103011102120303120221231311231130213212333
20001000001000102001020010010103111201130221030200201102103011102120303120221231311231130213213112
20001000001000102001020010010103111201130221030200201102103011102120303120221231311231130213213113
20001000001000102001020010010103111201130221030200201102103011102120303120221231311231130213213122
20001000001000102001020010010103111201130221030200201102103011102120303120221231311231130213213123
20001000001000102001020010010103111201130221030200201102103011102120303120221231311231130213213131
20001000001000102001020010010103111201130221030200201102103011102120303120221231311231130213213132
200010000010001020010200100101031112011302210302002011021030111021203031202212313112311302132131333210
200010000010001020010200100101031112011302210302002011021030111021203031202212313112311302132131333211
200010000010001020010200100101031112011302210302002011021030111021203031202212313112311302132131333212
200010000010001020010200100101031112011302210302002011021030111021203031202212313112311302132131333213
2000100000100010200102001001010311120113022103020020110210301110212030312022123131123113021321313332203
2000100000100010200102001001010311120113022103020020110210301110212030312022123131123113021321313332211
200010000010001020010200100101031112011302210302002011021030111021203031202212313112311302132131333221230
200010000010001020010200100101031112011302210302002011021030111021203031202212313112311302132131333221231
200010000010001020010200100101031112011302210302002011021030111021203031202212313112311302132131333221232
20001000001000102001020010010103111201130221030200201102103011102120303120221231311231130213213133322123332
20001000001000102001020010010103111201130221030200201102103011102120303120221231311231130213213133322123333
2000100000100010200102001001010311120113022103020020110210301110212030312022123131123113021321313332213
2000100000100010200102001001010311120113022103020020110210301110212030312022123131123113021321313332221
2000100000100010200102001001010311120113022103020020110210301110212030312022123131123113021321313332222311
2000100000100010200102001001010311120113022103020020110210301110212030312022123131123113021321313332222312
200010000010001020010200100101031112011302210302002011021030111021203031202212313112311302132131333222231321
200010000010001020010200100101031112011302210302002011021030111021203031202212313112311302132131333222231322
200010000010001020010200100101031112011302210302002011021030111021203031202212313112311302132131333222231323
200010000010001020010200100101031112011302210302002011021030111021203031202212313112311302132131333222231332
200010000010001020010200100101031112011302210302002011021030111021203031202212313112311302132131333222231333
200010000010001020010200100101031112011302210302002011021030111021203031202212313112311302132131333223
200010000010001020010200100101031112011302210302002011021030111021203031202212313112311303
2000100000100010200102001001010311120113022103020020110210302
2000100000100010200102001001010311120113022103020020110210303
20001000001000102001020010010103111201130221030201
20001000001000102001020010010103111201130221030202
20001000001000102001020010010103111201130221030203
2000100000100010200103
3000001010001001020010010102002002011020030
30000010100010010200100101020020020110200311120113020
30000010100010010200100101020020020110200311120113021
30000010100010010200100101020020020110200311120113022103030
30000010100010010200100101020020020110200311120113022103031201
3000001010001001020010010102002002011020031112011302210303120220
30000010100010010200100101020020020110200311120113022103031202212303132
30000010100010010200100101020020020110200311120113022103031202212303133
3000001010001001020010010102002002011020031112011302210303120221230323
3000001010001001020010010102002002011020031112011302210303120221230331
3000001010001001020010010102002002011020031112011302210303120221230332
3000001010001001020010010102002002011020031112011302210303120221230333
3000001010001001020010010102002002011020031112011302210303120221231102120
3000001010001001020010010102002002011020031112011302210303120221231102121303
30000010100010010200100101020020020110200311120113022103031202212311021213103011
30000010100010010200100101020020020110200311120113022103031202212311021213103012113
30000010100010010200100101020020020110200311120113022103031202212311021213103012121302113112
30000010100010010200100101020020020110200311120113022103031202212311021213103012121302113113
300000101000100102001001010200200201102003111201130221030312022123110212131030121213021131222
300000101000100102001001010200200201102003111201130221030312022123110212131030121213021131223
30000010100010010200100101020020020110200311120113022103031202212311021213103012121302113123220
30000010100010010200100101020020020110200311120113022103031202212311021213103012121302113123221
30000010100010010200100101020020020110200311120113022103031202212311021213103012121302113123222
30000010100010010200100101020020020110200311120113022103031202212311021213103012121302113123223
300000101000100102001001010200200201102003111201130221030312022123110212131030121213021131232302
300000101000100102001001010200200201102003111201130221030312022123110212131030121213021131232303
3000001010001001020010010102002002011020031112011302210303120221231102121310301212130211312323122
3000001010001001020010010102002002011020031112011302210303120221231102121310301212130211312323123
3000001010001001020010010102002002011020031112011302210303120221231102121310301212130211312323130
3000001010001001020010010102002002011020031112011302210303120221231102121310301212130211312323131
30000010100010010200100101020020020110200311120113022103031202212311021213103012121302113123231322
300000101000100102001001010200200201102003111201130221030312022123110212131030121213021131232313232
3000001010001001020010010102002002011020031112011302210303120221231102121310301212130211312323132333
3000001010001001020010010102002002011020031112011302210303120221231102121310301212130211312323133210
3000001010001001020010010102002002011020031112011302210303120221231102121310301212130211312323133211
3000001010001001020010010102002002011020031112011302210303120221231102121310301212130211312323133212
3000001010001001020010010102002002011020031112011302210303120221231102121310301212130211312323133213
30000010100010010200100101020020020110200311120113022103031202212311021213103012121302113123231332203
3000001010001001020010010102002002011020031112011302210303120221231102121310301212130211312323133221131
3000001010001001020010010102002002011020031112011302210303120221231102121310301212130211312323133221132
3000001010001001020010010102002002011020031112011302210303120221231102121310301212130211312323133221133
3000001010001001020010010102002002011020031112011302210303120221231102121310301212130211312323133221230
3000001010001001020010010102002002011020031112011302210303120221231102121310301212130211312323133221231
3000001010001001020010010102002002011020031112011302210303120221231102121310301212130211312323133221232
300000101000100102001001010200200201102003111201130221030312022123110212131030121213021131232313322123332
300000101000100102001001010200200201102003111201130221030312022123110212131030121213021131232313322123333
30000010100010010200100101020020020110200311120113022103031202212311021213103012121302113123231332213
30000010100010010200100101020020020110200311120113022103031202212311021213103012121302113123231332221
30000010100010010200100101020020020110200311120113022103031202212311021213103012121302113123231332222311
30000010100010010200100101020020020110200311120113022103031202212311021213103012121302113123231332222312
3000001010001001020010010102002002011020031112011302210303120221231102121310301212130211312323133222231322
3000001010001001020010010102002002011020031112011302210303120221231102121310301212130211312323133222231323
3000001010001001020010010102002002011020031112011302210303120221231102121310301212130211312323133222231332
3000001010001001020010010102002002011020031112011302210303120221231102121310301212130211312323133222231333
3000001010001001020010010102002002011020031112011302210303120221231102121310301212130211312323133223
30000010100010010200100101020020020110200311120113022103031202212311021213103012121303
3000001010001001020010010102002002011020031112011302210303120221231102121310302
3000001010001001020010010102002002011020031112011302210303120221231102121310303
300000101000100102001001010200201
300000101000100102001001010200202
300000101000100102001001010200203
300000101000100103
