00000
01000
020
03000
0010
00200
00300000
000100
00020
000300
00001
00002
00003
0110
0120000
0130
01010
01020
01030
01001
01002
01003
021
022
023
0310
0320
0330
03010
030200
030300
03001
03002
03003
0011
0012
0013
00210
00220
00230
002010
002020
002030
00310
00320
00330
003010
003020
003030
0030010
0030020
0030030
00300010
00300020
00300030
00300001
00300002
00300003
000110
000120
000130
000101
000102
000103
00021
00022
00023
000310
000320
000330
000301
000302
000303
0111
0112
0113
01210
01220
01230
012010
012020
012030
0120010
0120020
0120030
0120001
0120002
0120003
0131
0132
0133
01011
01012
01013
01021
01022
01023
01031
01032
01033
0311
0312
0313
0321
0322
0323
0331
0332
0333
03011
03012
03013
030210
030220
030230
030201
030202
030203
030310
030320
030330
030301
030302
030303
00211
00212
00213
00221
00222
00223
00231
00232
00233
002011
002012
002013
002021
002022
002023
002031
002032
002033
00311
00312
00313
00321
00322
00323
00331
00332
00333
003011
003012
003013
003021
003022
003023
003031
003032
003033
0030011
0030012
0030013
0030021
0030022
0030023
0030031
0030032
0030033
00300011
00300012
00300013
00300021
00300022
00300023
00300031
00300032
00300033
000111
000112
000113
000121
000122
000123
000131
000132
000133
000311
000312
000313
000321
000322
000323
000331
000332
000333
01211
01212
01213
01221
01222
01223
01231
01232
01233
012011
012012
012013
012021
012022
012023
012031
012032
012033
0120011
0120012
0120013
0120021
0120022
0120023
0120031
0120032
0120033
030211
030212
030213
030221
030222
030223
030231
030232
030233
030311
030312
030313
030321
030322
030323
030331
030332
030333
2000000000
21000
220
2300000
2010
2020
2030
200100
200200
20030
2000100
200020
200030
2000010
20000200
2000030
200000100
20000020
20000030
200000010
200000020
200000030
2000000010
2000000020
20000000300
2000000001
2000000002
2000000003
2110
2120
2130
21010
2102
21030
21001
21002
21003
221
222
223
2310
2320
2330
23010
23020
23030
230010
230020
230030
2300010
2300020
2300030
2300001
2300002
2300003
2011
2012
2013
2021
2022
2023
2031
2032
2033
200110
200120
200130
200101
200102
200103
200210
200220
200230
200201
200202
200203
20031
20032
20033
2000110
2000120
2000130
2000101
2000102
2000103
200021
200022
200023
200031
200032
200033
2000011
2000012
2000013
20000210
20000220
20000230
20000201
20000202
20000203
2000031
2000032
2000033
200000110
200000120
200000130
200000101
200000102
200000103
20000021
20000022
20000023
20000031
20000032
20000033
200000011
200000012
200000013
200000021
200000022
200000023
200000031
200000032
200000033
2000000011
2000000012
2000000013
2000000021
2000000022
2000000023
20000000310
20000000320
20000000330
20000000301
20000000302
20000000303
2111
2112
2113
2121
2122
2123
2131
2132
2133
21011
21012
21013
21031
21032
21033
2311
2312
2313
2321
2322
2323
2331
2332
2333
23011
23012
23013
23021
23022
23023
23031
23032
23033
230011
230012
230013
230021
230022
230023
230031
230032
230033
2300011
2300012
2300013
2300021
2300022
2300023
2300031
2300032
2300033
200111
200112
200113
200121
200122
200123
200131
200132
200133
200211
200212
200213
200221
200222
200223
200231
200232
200233
2000111
2000112
2000113
2000121
2000122
2000123
2000131
2000132
2000133
20000211
20000212
20000213
20000221
20000222
20000223
20000231
20000232
20000233
200000111
200000112
200000113
200000121
200000122
200000123
200000131
200000132
200000133
20000000311
20000000312
20000000313
20000000321
20000000322
20000000323
20000000331
20000000332
20000000333
10000
11000
120
13000
1010
102000
10300000
100100
10020
100300
10001
10002
10003
1110
1120000
1130
11010
11020
11030
11001
11002
11003
121
122
123
1310
1320
1330
13010
130200
130300
13001
13002
13003
1011
1012
1013
10210
10220
10230
10201
102020
102030
102001
102002
102003
10310
10320
10330
103010
103020
103030
1030010
1030020
1030030
10300010
10300020
10300030
10300001
10300002
10300003
100110
100120
100130
100101
100102
100103
10021
10022
10023
100310
100320
100330
100301
100302
100303
1111
1112
1113
11210
11220
11230
112010
112020
112030
1120010
1120020
1120030
1120001
1120002
1120003
1131
1132
1133
11011
11012
11013
11021
11022
11023
11031
11032
11033
1311
1312
1313
1321
1322
1323
1331
1332
1333
13011
13012
13013
130210
130220
130230
130201
130202
130203
130310
130320
130330
130301
130302
130303
10211
10212
10213
10221
10222
10223
10231
10232
10233
102021
102022
102023
102031
102032
102033
10311
10312
10313
10321
10322
10323
10331
10332
10333
103011
103012
103013
103021
103022
103023
103031
103032
103033
1030011
1030012
1030013
1030021
1030022
1030023
1030031
1030032
1030033
10300011
10300012
10300013
10300021
10300022
10300023
10300031
10300032
10300033
100111
100112
100113
100121
100122
100123
100131
100132
100133
100311
100312
100313
100321
100322
100323
100331
100332
100333
11211
11212
11213
11221
11222
11223
11231
11232
11233
112011
112012
112013
112021
112022
112023
112031
112032
112033
1120011
1120012
1120013
1120021
1120022
1120023
1120031
1120032
1120033
130211
130212
130213
130221
130222
130223
130231
130232
130233
130311
130312
130313
130321
130322
130323
130331
130332
130333
3000000
3100000000
320
3300
3010
30200
303
3001000
30020
30030
300010
300020
300030
3000010
3000020
30000300
3000001
3000002
3000003
3110
3120
3130
31010
31020
31030
310010
310020
3100300
3100010
3100020
3100030
31000010
31000020
31000030
310000010
310000020
310000030
3100000010
31000000200
3100000030
3100000001
3100000002
3100000003
321
322
323
3310
3320
3330
3301
3302
3303
3011
3012
3013
30210
30220
302300
30201
30202
30203
300110
300120
300130
3001010
3001020
3001030
3001001
3001002
3001003
30021
30022
30023
30031
30032
30033
300011
300012
300013
300021
300022
300023
300031
300032
300033
3000011
3000012
3000013
3000021
3000022
3000023
30000310
30000320
30000330
30000301
30000302
30000303
3111
3112
3113
3121
3122
3123
3131
3132
3133
31011
31012
31013
31021
31022
31023
31031
31032
31033
310011
310012
310013
310021
310022
310023
3100310
3100320
3100330
3100301
3100302
3100303
3100011
3100012
3100013
3100021
3100022
3100023
3100031
3100032
3100033
31000011
31000012
31000013
31000021
31000022
31000023
31000031
31000032
31000033
310000011
310000012
310000013
310000021
310000022
310000023
310000031
310000032
310000033
3100000011
3100000012
3100000013
31000000210
31000000220
31000000230
31000000201
31000000202
31000000203
3100000031
3100000032
3100000033
3311
3312
3313
3321
3322
3323
3331
3332
3333
30211
30212
30213
30221
30222
30223
302310
302320
302330
302301
302302
302303
300111
300112
300113
300121
300122
300123
300131
300132
300133
3001011
3001012
3001013
3001021
3001022
3001023
3001031
3001032
3001033
30000311
30000312
30000313
30000321
30000322
30000323
30000331
30000332
30000333
3100311
3100312
3100313
3100321
3100322
3100323
3100331
3100332
3100333
31000000211
31000000212
31000000213
31000000221
31000000222
31000000223
31000000231
31000000232
31000000233
302311
302312
302313
302321
302322
302323
302331
302332
302333
