0121111111611
0121111111611314111111
012111111161131411111171511941101
012111111161131411111171511941101441
0121111111611314111111715119411018081161
01211111116113141111117151194110180811681
01211111116113141111117151194110180811686116
01211111116113141111117151194110180811686110
012111111161131411111171511941101808116861114
012111111161131411111171511941101808116861111
0121111111611314111111715119411018081168611
01211111116113141111117151194110180811
01211111116113141111117151194110180811
0121111111611314111111715119411011
0121111111611314111111715119411017390
012111111161131411111171511941101739511
01211111116113141111117151194110173951191
0121111111611314111111715119411017395228
0121111111611314111111715119411017395221
012111111161131411111171511941101731
0121111111611314111111715119411017371
0121111111611314111111715119411017371
01211111116113141111115
