2000010010201102010020300
2000010010201102010020301202113030310221121110
200001001020110201002030120211303031022112111131
200001001020110201002030120211303031022112111132212030
200001001020110201002030120211303031022112111132212031
2000010010201102010020301202113030310221121111322120323121
2000010010201102010020301202113030310221121111322120323122
200001001020110201002030120211303031022112111132212032312322
200001001020110201002030120211303031022112111132212032312323330
2000010010201102010020301202113030310221121111322120323123233312
2000010010201102010020301202113030310221121111322120323123233313
2000010010201102010020301202113030310221121111322120323123233322332
2000010010201102010020301202113030310221121111322120323123233322333
20000100102011020100203012021130303102211211113221203231232333233
200001001020110201002030120211303031022112111132212032313
2000010010201102010020301202113030310221121111322121
2000010010201102010020301202113030310221121111322122
2000010010201102010020301202113030310221121111322123
2000010010201102010020301202113030310221121111322130
2000010010201102010020301202113030310221121111322131
2000010010201102010020301202113030310221121111322132
2000010010201102010020301202113030310221121111322133
2000010010201102010020301202113030310221121112
2000010010201102010020301202113030310221121113
20000100102011020100203012021130303103
20000100102011020101
20000100102011020102
20000100102011020103
000001020030101102010020
0000010200301011020100212021130303101
000001020030101102010021202113030310221121110
00000102003010110201002120211303031022112111131
00000102003010110201002120211303031022112111132203212030
00000102003010110201002120211303031022112111132203212031
000001020030101102010021202113030310221121111322032120323122
00000102003010110201002120211303031022112111132203212032312330
000001020030101102010021202113030310221121111322032120323123312
000001020030101102010021202113030310221121111322032120323123313
0000010200301011020100212021130303102211211113220321203231233223322
00000102003010110201002120211303031022112111132203212032312332233233
000001020030101102010021202113030310221121111322032120323123322333
0000010200301011020100212021130303102211211113220321203231233233
00000102003010110201002120211303031022112111132203212032313
000001020030101102010021202113030310221121111322032121
000001020030101102010021202113030310221121111322032122
000001020030101102010021202113030310221121111322032123
000001020030101102010021202113030310221121111322032130
000001020030101102010021202113030310221121111322032131
000001020030101102010021202113030310221121111322032132
000001020030101102010021202113030310221121111322032133
000001020030101102010021202113030310221121112
000001020030101102010021202113030310221121113
0000010200301011020101
0000010200301011020102
0000010200301011020103
1000010010201102010020300
100001001020110201002030120211303031110
10000100102011020100203012021130303111112121
100001001020110201002030120211303031111121222131
1000010010201102010020301202113030311111212221322023130
1000010010201102010020301202113030311111212221322023131
1000010010201102010020301202113030311111212221322023132
100001001020110201002030120211303031111121222132202313321203
100001001020110201002030120211303031111121222132202313321212
10000100102011020100203012021130303111112122213220231332121330
10000100102011020100203012021130303111112122213220231332121331
10000100102011020100203012021130303111112122213220231332121332233223
1000010010201102010020301202113030311111212221322023133212133223323
100001001020110201002030120211303031111121222132202313321213322333
1000010010201102010020301202113030311111212221322023133212133233
10000100102011020100203012021130303111112122213220231332122
10000100102011020100203012021130303111112122213220231332123
10000100102011020100203012021130303111112122213220231332130
10000100102011020100203012021130303111112122213220231332131
10000100102011020100203012021130303111112122213220231332132
10000100102011020100203012021130303111112122213220231332133
100001001020110201002030120211303031111121222132203
100001001020110201002030120211303031112
100001001020110201002030120211303031113
10000100102011020101
10000100102011020102
10000100102011020103
300001002010200300
30000100201020030101102030
300001002010200301011020312021130303101
30000100201020030101102031202113030310221121110
3000010020102003010110203120211303031022112111131
30000100201020030101102031202113030310221121111322032120
3000010020102003010110203120211303031022112111132203212123121
3000010020102003010110203120211303031022112111132203212123122
3000010020102003010110203120211303031022112111132203212123123313
30000100201020030101102031202113030310221121111322032121231233223322
300001002010200301011020312021130303102211211113220321212312332233232
300001002010200301011020312021130303102211211113220321212312332233233
3000010020102003010110203120211303031022112111132203212123123322333
30000100201020030101102031202113030310221121111322032121231233233
300001002010200301011020312021130303102211211113220321212313
30000100201020030101102031202113030310221121111322032122
30000100201020030101102031202113030310221121111322032123
30000100201020030101102031202113030310221121111322032130
30000100201020030101102031202113030310221121111322032131
30000100201020030101102031202113030310221121111322032132
30000100201020030101102031202113030310221121111322032133
30000100201020030101102031202113030310221121112
30000100201020030101102031202113030310221121113
30000101
30000102
30000103
