2000000000100010110100100203010
2000000000100010110100100203011110200110120020021301210101102020011301031210
2000000000100010110100100203011110200110120020021301210101102020011301031211
200000000010001011010010020301111020011012002002130121010110202001130103121221
2000000000100010110100100203011110200110120020021301210101102020011301031212223020120302100
200000000010001011010010020301111020011012002002130121010110202001130103121222302012030210110
20000000001000101101001002030111102001101200200213012101011020200113010312122230201203021011120200
20000000001000101101001002030111102001101200200213012101011020200113010312122230201203021011120201
20000000001000101101001002030111102001101200200213012101011020200113010312122230201203021011120202
200000000010001011010010020301111020011012002002130121010110202001130103121222302012030210111202031120102030
200000000010001011010010020301111020011012002002130121010110202001130103121222302012030210111202031120102031
200000000010001011010010020301111020011012002002130121010110202001130103121222302012030210111202031120102032
200000000010001011010010020301111020011012002002130121010110202001130103121222302012030210111202031120102033213021030
200000000010001011010010020301111020011012002002130121010110202001130103121222302012030210111202031120102033213021031022030303021
2000000000100010110100100203011110200110120020021301210101102020011301031212223020120302101112020311201020332130210310220303030221133031
2000000000100010110100100203011110200110120020021301210101102020011301031212223020120302101112020311201020332130210310220303030221133032111212220
200000000010001011010010020301111020011012002002130121010110202001130103121222302012030210111202031120102033213021031022030303022113303211121222131220
2000000000100010110100100203011110200110120020021301210101102020011301031212223020120302101112020311201020332130210310220303030221133032111212221312212213230
2000000000100010110100100203011110200110120020021301210101102020011301031212223020120302101112020311201020332130210310220303030221133032111212221312212213231311
2000000000100010110100100203011110200110120020021301210101102020011301031212223020120302101112020311201020332130210310220303030221133032111212221312212213231312230
2000000000100010110100100203011110200110120020021301210101102020011301031212223020120302101112020311201020332130210310220303030221133032111212221312212213231312231
200000000010001011010010020301111020011012002002130121010110202001130103121222302012030210111202031120102033213021031022030303022113303211121222131221221323131223232
200000000010001011010010020301111020011012002002130121010110202001130103121222302012030210111202031120102033213021031022030303022113303211121222131221221323131223233
2000000000100010110100100203011110200110120020021301210101102020011301031212223020120302101112020311201020332130210310220303030221133032111212221312212213231312233
2000000000100010110100100203011110200110120020021301210101102020011301031212223020120302101112020311201020332130210310220303030221133032111212221312212213231313
200000000010001011010010020301111020011012002002130121010110202001130103121222302012030210111202031120102033213021031022030303022113303211121222131221221323132111
20000000001000101101001002030111102001101200200213012101011020200113010312122230201203021011120203112010203321302103102203030302211330321112122213122122132313211223
20000000001000101101001002030111102001101200200213012101011020200113010312122230201203021011120203112010203321302103102203030302211330321112122213122122132313211231
200000000010001011010010020301111020011012002002130121010110202001130103121222302012030210111202031120102033213021031022030303022113303211121222131221221323132112323
20000000001000101101001002030111102001101200200213012101011020200113010312122230201203021011120203112010203321302103102203030302211330321112122213122122132313211233322
20000000001000101101001002030111102001101200200213012101011020200113010312122230201203021011120203112010203321302103102203030302211330321112122213122122132313211233323
2000000000100010110100100203011110200110120020021301210101102020011301031212223020120302101112020311201020332130210310220303030221133032111212221312212213231321123333
200000000010001011010010020301111020011012002002130121010110202001130103121222302012030210111202031120102033213021031022030303022113303211121222131221221323132113
200000000010001011010010020301111020011012002002130121010110202001130103121222302012030210111202031120102033213021031022030303022113303211121222131221221323132120
200000000010001011010010020301111020011012002002130121010110202001130103121222302012030210111202031120102033213021031022030303022113303211121222131221221323132121
200000000010001011010010020301111020011012002002130121010110202001130103121222302012030210111202031120102033213021031022030303022113303211121222131221221323132122
200000000010001011010010020301111020011012002002130121010110202001130103121222302012030210111202031120102033213021031022030303022113303211121222131221221323132123
20000000001000101101001002030111102001101200200213012101011020200113010312122230201203021011120203112010203321302103102203030302211330321112122213122122132313213031
20000000001000101101001002030111102001101200200213012101011020200113010312122230201203021011120203112010203321302103102203030302211330321112122213122122132313213032
20000000001000101101001002030111102001101200200213012101011020200113010312122230201203021011120203112010203321302103102203030302211330321112122213122122132313213033
200000000010001011010010020301111020011012002002130121010110202001130103121222302012030210111202031120102033213021031022030303022113303211121222131221221323132131
20000000001000101101001002030111102001101200200213012101011020200113010312122230201203021011120203112010203321302103102203030302211330321112122213122122132313213222
2000000000100010110100100203011110200110120020021301210101102020011301031212223020120302101112020311201020332130210310220303030221133032111212221312212213231321322330
2000000000100010110100100203011110200110120020021301210101102020011301031212223020120302101112020311201020332130210310220303030221133032111212221312212213231321322331
2000000000100010110100100203011110200110120020021301210101102020011301031212223020120302101112020311201020332130210310220303030221133032111212221312212213231321322332
2000000000100010110100100203011110200110120020021301210101102020011301031212223020120302101112020311201020332130210310220303030221133032111212221312212213231321322333
200000000010001011010010020301111020011012002002130121010110202001130103121222302012030210111202031120102033213021031022030303022113303211121222131221221323132132313
2000000000100010110100100203011110200110120020021301210101102020011301031212223020120302101112020311201020332130210310220303030221133032111212221312212213231321323223313
200000000010001011010010020301111020011012002002130121010110202001130103121222302012030210111202031120102033213021031022030303022113303211121222131221221323132132322332
2000000000100010110100100203011110200110120020021301210101102020011301031212223020120302101112020311201020332130210310220303030221133032111212221312212213231321323223330
2000000000100010110100100203011110200110120020021301210101102020011301031212223020120302101112020311201020332130210310220303030221133032111212221312212213231321323223331
2000000000100010110100100203011110200110120020021301210101102020011301031212223020120302101112020311201020332130210310220303030221133032111212221312212213231321323223332
2000000000100010110100100203011110200110120020021301210101102020011301031212223020120302101112020311201020332130210310220303030221133032111212221312212213231321323223333
200000000010001011010010020301111020011012002002130121010110202001130103121222302012030210111202031120102033213021031022030303022113303211121222131221221323132132323
200000000010001011010010020301111020011012002002130121010110202001130103121222302012030210111202031120102033213021031022030303022113303211121222131221221323132133
20000000001000101101001002030111102001101200200213012101011020200113010312122230201203021011120203112010203321302103102203030302211330321112122213122122133
2000000000100010110100100203011110200110120020021301210101102020011301031212223020120302101112020311201020332130210310220303030221133032111212221312213
20000000001000101101001002030111102001101200200213012101011020200113010312122230201203021011120203112010203321302103102203030302211330321112122213123
20000000001000101101001002030111102001101200200213012101011020200113010312122230201203021011120203112010203321302103102203030302212
20000000001000101101001002030111102001101200200213012101011020200113010312122230201203021011120203112010203321302103102203030302213
200000000010001011010010020301111020011012002002130121010110202001130103121222302012030210111202031120102033213021031023
2000000000100010110100100203011110200110120020021301210101102020011301031212223020120302101112020311201020332131
2000000000100010110100100203011110200110120020021301210101102020011301031212223020120302101112020311201020332132
2000000000100010110100100203011110200110120020021301210101102020011301031212223020120302101112020311201020332133
20000000001000101101001002030111102001101200200213012101011020200113010312122230201203021011120203113
200000000010001011010010020301111020011012002002130121010110202001130103121222302012030210111203
200000000010001011010010020301111020011012002002130121010110202001130103121222302012030210111212
200000000010001011010010020301111020011012002002130121010110202001130103121222302012030210111213
200000000010001011010010020301111020011012002002130121010110202001130103121222302012030210111223
20000000001000101101001002030111102001101200200213012101011020200113010312122230202
20000000001000101101001002030111102001101200200213012101011020200113010312122230203
2000000000100010110100100203011110200110120020021301210101102020011301032
2000000000100010110100100203011110200110120020021301210101102020011301033
2000000000100010110100100203011110200110120020021301210101103
200000000010001011010010020301111020011012002002130121011
200000000010001011010010020301111020011012002002130121012
200000000010001011010010020301111020011012002002130121013
200000000010001011010010020301111020011012002002130121020
200000000010001011010010020301111020011012002002130121021
200000000010001011010010020301111020011012002002130121022
200000000010001011010010020301111020011012002002130121023
200000000010001011010010020301111020011012002002130121030
200000000010001011010010020301111020011012002002130121031
200000000010001011010010020301111020011012002002130121032
200000000010001011010010020301111020011012002002130121033
2000000000100010110100100203011110200110120020022
2000000000100010110100100203011110200110120020023
200000000010001011010010020301111020011012003
200000000010001012
200000000010001013
20000000002
20000000003
200001
200002
200003
0000000001001000201101001002111010302001101200201201102020011130121010302100
000000000100100020110100100211101030200110120020120110202001113012101030210110
00000000010010002011010010021110103020011012002012011020200111301210103021011120200
00000000010010002011010010021110103020011012002012011020200111301210103021011120201
0000000001001000201101001002111010302001101200201201102020011130121010302101112020220
0000000001001000201101001002111010302001101200201201102020011130121010302101112020221
0000000001001000201101001002111010302001101200201201102020011130121010302101112020222301031210
0000000001001000201101001002111010302001101200201201102020011130121010302101112020222301031211
0000000001001000201101001002111010302001101200201201102020011130121010302101112020222301031212
0000000001001000201101001002111010302001101200201201102020011130121010302101112020222301031213020221022020102030
0000000001001000201101001002111010302001101200201201102020011130121010302101112020222301031213020221022020102031
0000000001001000201101001002111010302001101200201201102020011130121010302101112020222301031213020221022020102032
000000000100100020110100100211101030200110120020120110202001113012101030210111202022230103121302022102202010203311210303213030303021
00000000010010002011010010021110103020011012002012011020200111301210103021011120202223010312130202210220201020331121030321303030302220
0000000001001000201101001002111010302001101200201201102020011130121010302101112020222301031213020221022020102033112103032130303030222121131220
000000000100100020110100100211101030200110120020120110202001113012101030210111202022230103121302022102202010203311210303213030303022212113122112230
0000000001001000201101001002111010302001101200201201102020011130121010302101112020222301031213020221022020102033112103032130303030222121131221122313031
000000000100100020110100100211101030200110120020120110202001113012101030210111202022230103121302022102202010203311210303213030303022212113122112231303212213230
000000000100100020110100100211101030200110120020120110202001113012101030210111202022230103121302022102202010203311210303213030303022212113122112231303212213231
00000000010010002011010010021110103020011012002012011020200111301210103021011120202223010312130202210220201020331121030321303030302221211312211223130321221323233
000000000100100020110100100211101030200110120020120110202001113012101030210111202022230103121302022102202010203311210303213030303022212113122112231303212213330
000000000100100020110100100211101030200110120020120110202001113012101030210111202022230103121302022102202010203311210303213030303022212113122112231303212213331
000000000100100020110100100211101030200110120020120110202001113012101030210111202022230103121302022102202010203311210303213030303022212113122112231303212213332
000000000100100020110100100211101030200110120020120110202001113012101030210111202022230103121302022102202010203311210303213030303022212113122112231303212213333
00000000010010002011010010021110103020011012002012011020200111301210103021011120202223010312130202210220201020331121030321303030302221211312211223130321222
00000000010010002011010010021110103020011012002012011020200111301210103021011120202223010312130202210220201020331121030321303030302221211312211223130321223
00000000010010002011010010021110103020011012002012011020200111301210103021011120202223010312130202210220201020331121030321303030302221211312211223130321231311
00000000010010002011010010021110103020011012002012011020200111301210103021011120202223010312130202210220201020331121030321303030302221211312211223130321231312
00000000010010002011010010021110103020011012002012011020200111301210103021011120202223010312130202210220201020331121030321303030302221211312211223130321231313
0000000001001000201101001002111010302001101200201201102020011130121010302101112020222301031213020221022020102033112103032130303030222121131221122313032123132111
00000000010010002011010010021110103020011012002012011020200111301210103021011120202223010312130202210220201020331121030321303030302221211312211223130321231321122331
0000000001001000201101001002111010302001101200201201102020011130121010302101112020222301031213020221022020102033112103032130303030222121131221122313032123132112233231
00000000010010002011010010021110103020011012002012011020200111301210103021011120202223010312130202210220201020331121030321303030302221211312211223130321231321122332323
0000000001001000201101001002111010302001101200201201102020011130121010302101112020222301031213020221022020102033112103032130303030222121131221122313032123132112233233311
00000000010010002011010010021110103020011012002012011020200111301210103021011120202223010312130202210220201020331121030321303030302221211312211223130321231321122332333122
0000000001001000201101001002111010302001101200201201102020011130121010302101112020222301031213020221022020102033112103032130303030222121131221122313032123132112233233312322
00000000010010002011010010021110103020011012002012011020200111301210103021011120202223010312130202210220201020331121030321303030302221211312211223130321231321122332333123230
000000000100100020110100100211101030200110120020120110202001113012101030210111202022230103121302022102202010203311210303213030303022212113122112231303212313211223323331232313
00000000010010002011010010021110103020011012002012011020200111301210103021011120202223010312130202210220201020331121030321303030302221211312211223130321231321122332333123232
00000000010010002011010010021110103020011012002012011020200111301210103021011120202223010312130202210220201020331121030321303030302221211312211223130321231321122332333123233
0000000001001000201101001002111010302001101200201201102020011130121010302101112020222301031213020221022020102033112103032130303030222121131221122313032123132112233233312331
0000000001001000201101001002111010302001101200201201102020011130121010302101112020222301031213020221022020102033112103032130303030222121131221122313032123132112233233312332
0000000001001000201101001002111010302001101200201201102020011130121010302101112020222301031213020221022020102033112103032130303030222121131221122313032123132112233233312333
0000000001001000201101001002111010302001101200201201102020011130121010302101112020222301031213020221022020102033112103032130303030222121131221122313032123132112233233313
0000000001001000201101001002111010302001101200201201102020011130121010302101112020222301031213020221022020102033112103032130303030222121131221122313032123132112233233322
0000000001001000201101001002111010302001101200201201102020011130121010302101112020222301031213020221022020102033112103032130303030222121131221122313032123132112233233323
0000000001001000201101001002111010302001101200201201102020011130121010302101112020222301031213020221022020102033112103032130303030222121131221122313032123132112233233332
0000000001001000201101001002111010302001101200201201102020011130121010302101112020222301031213020221022020102033112103032130303030222121131221122313032123132112233233333
0000000001001000201101001002111010302001101200201201102020011130121010302101112020222301031213020221022020102033112103032130303030222121131221122313032123132113
0000000001001000201101001002111010302001101200201201102020011130121010302101112020222301031213020221022020102033112103032130303030222121131221122313032123132120
0000000001001000201101001002111010302001101200201201102020011130121010302101112020222301031213020221022020102033112103032130303030222121131221122313032123132121
0000000001001000201101001002111010302001101200201201102020011130121010302101112020222301031213020221022020102033112103032130303030222121131221122313032123132122
0000000001001000201101001002111010302001101200201201102020011130121010302101112020222301031213020221022020102033112103032130303030222121131221122313032123132123
000000000100100020110100100211101030200110120020120110202001113012101030210111202022230103121302022102202010203311210303213030303022212113122112231303212313213033
0000000001001000201101001002111010302001101200201201102020011130121010302101112020222301031213020221022020102033112103032130303030222121131221122313032123132131
0000000001001000201101001002111010302001101200201201102020011130121010302101112020222301031213020221022020102033112103032130303030222121131221122313032123132132
0000000001001000201101001002111010302001101200201201102020011130121010302101112020222301031213020221022020102033112103032130303030222121131221122313032123132133
000000000100100020110100100211101030200110120020120110202001113012101030210111202022230103121302022102202010203311210303213030303022212113122112231303213
000000000100100020110100100211101030200110120020120110202001113012101030210111202022230103121302022102202010203311210303213030303022212113123
0000000001001000201101001002111010302001101200201201102020011130121010302101112020222301031213020221022020102033112103032131
0000000001001000201101001002111010302001101200201201102020011130121010302101112020222301031213020221022020102033112103032132
0000000001001000201101001002111010302001101200201201102020011130121010302101112020222301031213020221022020102033112103032133
0000000001001000201101001002111010302001101200201201102020011130121010302101112020222301031213020221022020102033113
0000000001001000201101001002111010302001101200201201102020011130121010302101112020222301031213020221023
00000000010010002011010010021110103020011012002012011020200111301210103021011120202223010312130203
0000000001001000201101001002111010302001101200201201102020011130121010302101112020222301032
0000000001001000201101001002111010302001101200201201102020011130121010302101112020222301033
000000000100100020110100100211101030200110120020120110202001113012101030210111203
000000000100100020110100100211101030200110120020120110202001113012101030210111212
000000000100100020110100100211101030200110120020120110202001113012101030210111213
000000000100100020110100100211101030200110120020120110202001113012101030210111223
0000000001001000201101001002111010302001101200201201102020011130121011
0000000001001000201101001002111010302001101200201201102020011130121012
0000000001001000201101001002111010302001101200201201102020011130121013
0000000001001000201101001002111010302001101200201201102020011130121020
0000000001001000201101001002111010302001101200201201102020011130121021
0000000001001000201101001002111010302001101200201201102020011130121022
0000000001001000201101001002111010302001101200201201102020011130121023
00000000010010002011010010021110103020011012002012011020200111301210303
00000000010010002011010010021110103020011012002012011020200111301210313
0000000001001000201101001002111010302001101200201201102020011130121032
0000000001001000201101001002111010302001101200201201102020011130121033
00000000010010002011010010021110103020011012003
00000000010010002011010010022
00000000010010002011010010023
00000000010010002012
00000000010010002013
0000000001002
0000000001003
000001
000002
000003
100000000100001000101101001011101020302001102002120110202001113012111031210
100000000100001000101101001011101020302001102002120110202001113012111031211
10000000010000100010110100101110102030200110200212011020200111301211103121220
10000000010000100010110100101110102030200110200212011020200111301211103121221
10000000010000100010110100101110102030200110200212011020200111301211103121222301120302100
1000000001000010001011010010111010203020011020021201102020011130121110312122230112030210110
100000000100001000101101001011101020302001102002120110202001113012111031212223011203021011120200
100000000100001000101101001011101020302001102002120110202001113012111031212223011203021011120201
100000000100001000101101001011101020302001102002120110202001113012111031212223011203021011120202
100000000100001000101101001011101020302001102002120110202001113012111031212223011203021011120203020130213020102030
100000000100001000101101001011101020302001102002120110202001113012111031212223011203021011120203020130213020102031
100000000100001000101101001011101020302001102002120110202001113012111031212223011203021011120203020130213020102032
1000000001000010001011010010111010203020011020021201102020011130121110312122230112030210111202030201302130201020331121030
1000000001000010001011010010111010203020011020021201102020011130121110312122230112030210111202030201302130201020331121031022030303031321
100000000100001000101101001011101020302001102002120110202001113012111031212223011203021011120203020130213020102033112103102203030303132211
10000000010000100010110100101110102030200110200212011020200111301211103121222301120302101112020302013021302010203311210310220303030313221211121230
10000000010000100010110100101110102030200110200212011020200111301211103121222301120302101112020302013021302010203311210310220303030313221211121231
10000000010000100010110100101110102030200110200212011020200111301211103121222301120302101112020302013021302010203311210310220303030313221211121232220
1000000001000010001011010010111010203020011020021201102020011130121110312122230112030210111202030201302130201020331121031022030303031322121112123222131220
100000000100001000101101001011101020302001102002120110202001113012111031212223011203021011120203020130213020102033112103102203030303132212111212322213122122132230
100000000100001000101101001011101020302001102002120110202001113012111031212223011203021011120203020130213020102033112103102203030303132212111212322213122122132231
10000000010000100010110100101110102030200110200212011020200111301211103121222301120302101112020302013021302010203311210310220303030313221211121232221312212213223233
100000000100001000101101001011101020302001102002120110202001113012111031212223011203021011120203020130213020102033112103102203030303132212111212322213122122132233
1000000001000010001011010010111010203020011020021201102020011130121110312122230112030210111202030201302130201020331121031022030303031322121112123222131221221323
100000000100001000101101001011101020302001102002120110202001113012111031212223011203021011120203020130213020102033112103102203030303132212111212322213122122133222
10000000010000100010110100101110102030200110200212011020200111301211103121222301120302101112020302013021302010203311210310220303030313221211121232221312212213322330
10000000010000100010110100101110102030200110200212011020200111301211103121222301120302101112020302013021302010203311210310220303030313221211121232221312212213322331
10000000010000100010110100101110102030200110200212011020200111301211103121222301120302101112020302013021302010203311210310220303030313221211121232221312212213322332
10000000010000100010110100101110102030200110200212011020200111301211103121222301120302101112020302013021302010203311210310220303030313221211121232221312212213322333
100000000100001000101101001011101020302001102002120110202001113012111031212223011203021011120203020130213020102033112103102203030303132212111212322213122122133231312
100000000100001000101101001011101020302001102002120110202001113012111031212223011203021011120203020130213020102033112103102203030303132212111212322213122122133231313
10000000010000100010110100101110102030200110200212011020200111301211103121222301120302101112020302013021302010203311210310220303030313221211121232221312212213323132120
10000000010000100010110100101110102030200110200212011020200111301211103121222301120302101112020302013021302010203311210310220303030313221211121232221312212213323132121
10000000010000100010110100101110102030200110200212011020200111301211103121222301120302101112020302013021302010203311210310220303030313221211121232221312212213323132122
10000000010000100010110100101110102030200110200212011020200111301211103121222301120302101112020302013021302010203311210310220303030313221211121232221312212213323132123
100000000100001000101101001011101020302001102002120110202001113012111031212223011203021011120203020130213020102033112103102203030303132212111212322213122122133231321303322
1000000001000010001011010010111010203020011020021201102020011130121110312122230112030210111202030201302130201020331121031022030303031322121112123222131221221332313213033231
100000000100001000101101001011101020302001102002120110202001113012111031212223011203021011120203020130213020102033112103102203030303132212111212322213122122133231321303323223333
100000000100001000101101001011101020302001102002120110202001113012111031212223011203021011120203020130213020102033112103102203030303132212111212322213122122133231321303323231
100000000100001000101101001011101020302001102002120110202001113012111031212223011203021011120203020130213020102033112103102203030303132212111212322213122122133231321303323232
100000000100001000101101001011101020302001102002120110202001113012111031212223011203021011120203020130213020102033112103102203030303132212111212322213122122133231321303323233
10000000010000100010110100101110102030200110200212011020200111301211103121222301120302101112020302013021302010203311210310220303030313221211121232221312212213323132131
10000000010000100010110100101110102030200110200212011020200111301211103121222301120302101112020302013021302010203311210310220303030313221211121232221312212213323132132
10000000010000100010110100101110102030200110200212011020200111301211103121222301120302101112020302013021302010203311210310220303030313221211121232221312212213323132133
10000000010000100010110100101110102030200110200212011020200111301211103121222301120302101112020302013021302010203311210310220303030313221211121232221312212213323223313
1000000001000010001011010010111010203020011020021201102020011130121110312122230112030210111202030201302130201020331121031022030303031322121112123222131221221332322332
10000000010000100010110100101110102030200110200212011020200111301211103121222301120302101112020302013021302010203311210310220303030313221211121232221312212213323223330
10000000010000100010110100101110102030200110200212011020200111301211103121222301120302101112020302013021302010203311210310220303030313221211121232221312212213323223331
10000000010000100010110100101110102030200110200212011020200111301211103121222301120302101112020302013021302010203311210310220303030313221211121232221312212213323223332
10000000010000100010110100101110102030200110200212011020200111301211103121222301120302101112020302013021302010203311210310220303030313221211121232221312212213323223333
1000000001000010001011010010111010203020011020021201102020011130121110312122230112030210111202030201302130201020331121031022030303031322121112123222131221221332323
10000000010000100010110100101110102030200110200212011020200111301211103121222301120302101112020302013021302010203311210310220303030313221211121232221312213
100000000100001000101101001011101020302001102002120110202001113012111031212223011203021011120203020130213020102033112103102203030303132212111212322213123
100000000100001000101101001011101020302001102002120110202001113012111031212223011203021011120203020130213020102033112103102203030303132213
1000000001000010001011010010111010203020011020021201102020011130121110312122230112030210111202030201302130201020331121031023
100000000100001000101101001011101020302001102002120110202001113012111031212223011203021011120203020130213020102033113
1000000001000010001011010010111010203020011020021201102020011130121110312122230112030210111202030201302131
1000000001000010001011010010111010203020011020021201102020011130121110312122230112030210111202030201302132
1000000001000010001011010010111010203020011020021201102020011130121110312122230112030210111202030201302133
1000000001000010001011010010111010203020011020021201102020011130121110312122230112030210111202030202
1000000001000010001011010010111010203020011020021201102020011130121110312122230112030210111202030203
1000000001000010001011010010111010203020011020021201102020011130121110312122230112030210111203
1000000001000010001011010010111010203020011020021201102020011130121110312122230112030210111212
1000000001000010001011010010111010203020011020021201102020011130121110312122230112030210111213
1000000001000010001011010010111010203020011020021201102020011130121110312122230112030210111223
100000000100001000101101001011101020302001102002120110202001113012111032
100000000100001000101101001011101020302001102002120110202001113012111033
100000000100001000101101001011101020302001102002120110202001113012112
100000000100001000101101001011101020302001102002120110202001113012113
100000000100001000101101001011101020302001102002120110202001113013
1000000001000010001011010010111010203020011020021201103
1000000001000010001011010010111010203020011020022
1000000001000010001011010010111010203020011020023
100000000100001000101101001011101020302001103
1000000001000010001012
1000000001000010001013
100000000100002
100000000100003
10000000011
10000000012
10000000013
10000000020
10000000021
10000000022
10000000023
10000000030
10000000031
10000000032
10000000033
1001
1002
1003
300000000000100101001101010202111010302001101200200310201111301210102001210
300000000000100101001101010202111010302001101200200310201111301210102001211
30000000000010010100110101020211101030200110120020031020111130121010200121220
30000000000010010100110101020211101030200110120020031020111130121010200121221
3000000000001001010011010102021110103020011012002003102011113012101020012122231120102021003030
3000000000001001010011010102021110103020011012002003102011113012101020012122231120102021003031
3000000000001001010011010102021110103020011012002003102011113012101020012122231120102021003032
3000000000001001010011010102021110103020011012002003102011113012101020012122231120102021003033020120
300000000000100101001101010202111010302001101200200310201111301210102001212223112010202100303302012110
30000000000010010100110101020211101030200110120020031020111130121010200121222311201020210030330201211120130210300
30000000000010010100110101020211101030200110120020031020111130121010200121222311201020210030330201211120130210301
30000000000010010100110101020211101030200110120020031020111130121010200121222311201020210030330201211120130210302
3000000000001001010011010102021110103020011012002003102011113012101020012122231120102021003033020121112013021030312113122030303021
30000000000010010100110101020211101030200110120020031020111130121010200121222311201020210030330201211120130210303121131220303030220
300000000000100101001101010202111010302001101200200310201111301210102001212223112010202100303302012111201302103031211312203030302210220
30000000000010010100110101020211101030200110120020031020111130121010200121222311201020210030330201211120130210303121131220303030221022112220
30000000000010010100110101020211101030200110120020031020111130121010200121222311201020210030330201211120130210303121131220303030221022112221
3000000000001001010011010102021110103020011012002003102011113012101020012122231120102021003033020121112013021030312113122030303022102211222230
3000000000001001010011010102021110103020011012002003102011113012101020012122231120102021003033020121112013021030312113122030303022102211222231303132
300000000000100101001101010202111010302001101200200310201111301210102001212223112010202100303302012111201302103031211312203030302210221122223130313311
300000000000100101001101010202111010302001101200200310201111301210102001212223112010202100303302012111201302103031211312203030302210221122223130313312230
300000000000100101001101010202111010302001101200200310201111301210102001212223112010202100303302012111201302103031211312203030302210221122223130313312231
30000000000010010100110101020211101030200110120020031020111130121010200121222311201020210030330201211120130210303121131220303030221022112222313031331223232
30000000000010010100110101020211101030200110120020031020111130121010200121222311201020210030330201211120130210303121131220303030221022112222313031331223233
300000000000100101001101010202111010302001101200200310201111301210102001212223112010202100303302012111201302103031211312203030302210221122223130313312233
300000000000100101001101010202111010302001101200200310201111301210102001212223112010202100303302012111201302103031211312203030302210221122223130313313
30000000000010010100110101020211101030200110120020031020111130121010200121222311201020210030330201211120130210303121131220303030221022112222313031332111
3000000000001001010011010102021110103020011012002003102011113012101020012122231120102021003033020121112013021030312113122030303022102211222231303133211223
3000000000001001010011010102021110103020011012002003102011113012101020012122231120102021003033020121112013021030312113122030303022102211222231303133211232
3000000000001001010011010102021110103020011012002003102011113012101020012122231120102021003033020121112013021030312113122030303022102211222231303133211233311
300000000000100101001101010202111010302001101200200310201111301210102001212223112010202100303302012111201302103031211312203030302210221122223130313321123331221323
3000000000001001010011010102021110103020011012002003102011113012101020012122231120102021003033020121112013021030312113122030303022102211222231303133211233312213323131
3000000000001001010011010102021110103020011012002003102011113012101020012122231120102021003033020121112013021030312113122030303022102211222231303133211233312213323132
300000000000100101001101010202111010302001101200200310201111301210102001212223112010202100303302012111201302103031211312203030302210221122223130313321123331221332313323
30000000000010010100110101020211101030200110120020031020111130121010200121222311201020210030330201211120130210303121131220303030221022112222313031332112333122133231333
3000000000001001010011010102021110103020011012002003102011113012101020012122231120102021003033020121112013021030312113122030303022102211222231303133211233312213323221222
300000000000100101001101010202111010302001101200200310201111301210102001212223112010202100303302012111201302103031211312203030302210221122223130313321123331221332322122330
300000000000100101001101010202111010302001101200200310201111301210102001212223112010202100303302012111201302103031211312203030302210221122223130313321123331221332322122331
300000000000100101001101010202111010302001101200200310201111301210102001212223112010202100303302012111201302103031211312203030302210221122223130313321123331221332322122332
300000000000100101001101010202111010302001101200200310201111301210102001212223112010202100303302012111201302103031211312203030302210221122223130313321123331221332322122333
300000000000100101001101010202111010302001101200200310201111301210102001212223112010202100303302012111201302103031211312203030302210221122223130313321123331221332322123313
30000000000010010100110101020211101030200110120020031020111130121010200121222311201020210030330201211120130210303121131220303030221022112222313031332112333122133232212332
300000000000100101001101010202111010302001101200200310201111301210102001212223112010202100303302012111201302103031211312203030302210221122223130313321123331221332322123330
300000000000100101001101010202111010302001101200200310201111301210102001212223112010202100303302012111201302103031211312203030302210221122223130313321123331221332322123331
300000000000100101001101010202111010302001101200200310201111301210102001212223112010202100303302012111201302103031211312203030302210221122223130313321123331221332322123332
300000000000100101001101010202111010302001101200200310201111301210102001212223112010202100303302012111201302103031211312203030302210221122223130313321123331221332322123333
30000000000010010100110101020211101030200110120020031020111130121010200121222311201020210030330201211120130210303121131220303030221022112222313031332112333122133232213
300000000000100101001101010202111010302001101200200310201111301210102001212223112010202100303302012111201302103031211312203030302210221122223130313321123331221332323
3000000000001001010011010102021110103020011012002003102011113012101020012122231120102021003033020121112013021030312113122030303022102211222231303133211233313
30000000000010010100110101020211101030200110120020031020111130121010200121222311201020210030330201211120130210303121131220303030221022112222313031332113
30000000000010010100110101020211101030200110120020031020111130121010200121222311201020210030330201211120130210303121131220303030221022112222313031332120
30000000000010010100110101020211101030200110120020031020111130121010200121222311201020210030330201211120130210303121131220303030221022112222313031332121
30000000000010010100110101020211101030200110120020031020111130121010200121222311201020210030330201211120130210303121131220303030221022112222313031332122
30000000000010010100110101020211101030200110120020031020111130121010200121222311201020210030330201211120130210303121131220303030221022112222313031332123
300000000000100101001101010202111010302001101200200310201111301210102001212223112010202100303302012111201302103031211312203030302210221122223130313321303
30000000000010010100110101020211101030200110120020031020111130121010200121222311201020210030330201211120130210303121131220303030221022112222313031332131
30000000000010010100110101020211101030200110120020031020111130121010200121222311201020210030330201211120130210303121131220303030221022112222313031332132
30000000000010010100110101020211101030200110120020031020111130121010200121222311201020210030330201211120130210303121131220303030221022112222313031332133
30000000000010010100110101020211101030200110120020031020111130121010200121222311201020210030330201211120130210303121131220303030221023
3000000000001001010011010102021110103020011012002003102011113012101020012122231120102021003033020121112013021030312113123
30000000000010010100110101020211101030200110120020031020111130121010200121222311201020210030330201211120131
30000000000010010100110101020211101030200110120020031020111130121010200121222311201020210030330201211120132
30000000000010010100110101020211101030200110120020031020111130121010200121222311201020210030330201211120133
300000000000100101001101010202111010302001101200200310201111301210102001212223112010202100303302012111202
300000000000100101001101010202111010302001101200200310201111301210102001212223112010202100303302012111203
300000000000100101001101010202111010302001101200200310201111301210102001212223112010202100303302012111212
300000000000100101001101010202111010302001101200200310201111301210102001212223112010202100303302012111213
300000000000100101001101010202111010302001101200200310201111301210102001212223112010202100303302012111223
30000000000010010100110101020211101030200110120020031020111130121010200121222311201020210030330202
30000000000010010100110101020211101030200110120020031020111130121010200121222311201020210030330203
300000000000100101001101010202111010302001101200200310201111301210102001212223113
30000000000010010100110101020211101030200110120020031020111130121011
30000000000010010100110101020211101030200110120020031020111130121012
30000000000010010100110101020211101030200110120020031020111130121013
30000000000010010100110101020211101030200110120020031020111130121020
30000000000010010100110101020211101030200110120020031020111130121021
30000000000010010100110101020211101030200110120020031020111130121022
30000000000010010100110101020211101030200110120020031020111130121023
300000000000100101001101010202111010302001101200200310201111301210303
300000000000100101001101010202111010302001101200200310201111301210313
30000000000010010100110101020211101030200110120020031020111130121032
30000000000010010100110101020211101030200110120020031020111130121033
30000000000010010100110101020211101030200110120020032
30000000000010010100110101020211101030200110120020033
3000000000001001010011010102021110103020011012003
3000000000001001010011010102022
3000000000001001010011010102023
3000000000001001010012
3000000000001001010013
3000000000001002
3000000000001003
300000001
300000002
300000003
