00000
0100
020
03000
0010
0020
0030000
00010
00020
00030
00001
00002
00003
0110
0120
0130
0101
0102
0103
021
022
023
0310
0320
0330
03010
03020
03030
030010
030020
030030
0011
0012
0013
0021
0022
0023
00310
00320
00330
003010
003020
003030
0030010
0030020
0030030
0030001
0030002
0030003
00011
00012
00013
00021
00022
00023
00031
00032
00033
0111
0112
0113
0121
0122
0123
0131
0132
0133
0311
0312
0313
0321
0322
0323
0331
0332
0333
03011
03012
03013
03021
03022
03023
03031
03032
03033
030011
030012
030013
030021
030022
030023
030031
030032
030033
00311
00312
00313
00321
00322
00323
00331
00332
00333
003011
003012
003013
003021
003022
003023
003031
003032
003033
0030011
0030012
0030013
0030021
0030022
0030023
0030031
0030032
0030033
200000
210000
220
230000
2010
2020
2030
20010
20020
20030
200010
200020
200030
200001
200002
200003
2110
2120
2130
21010
21020
21030
210010
21002
210030
210001
210002
210003
221
222
223
2310
2320
2330
23010
23020
23030
230010
230020
230030
230001
230002
230003
2011
2012
2013
2021
2022
2023
2031
2032
2033
20011
20012
20013
20021
20022
20023
20031
20032
20033
200011
200012
200013
200021
200022
200023
200031
200032
200033
2111
2112
2113
2121
2122
2123
2131
2132
2133
21011
21012
21013
21021
21022
21023
21031
21032
21033
210011
210012
210013
210031
210032
210033
2311
2312
2313
2321
2322
2323
2331
2332
2333
23011
23012
23013
23021
23022
23023
23031
23032
23033
230011
230012
230013
230021
230022
230023
230031
230032
230033
10000000
110000
120
130
1010
1020
1030
1001
100200
10030
100010
100020
100030
1000010
1000020
1000030
10000010
10000020
10000030
10000001
10000002
10000003
1110
1120
1130
11010
11020
11030
110010
110020
110030
110001
110002
110003
121
122
123
131
132
133
1011
1012
1013
1021
1022
1023
1031
1032
1033
100210
100220
100230
100201
100202
100203
10031
10032
10033
100011
100012
100013
100021
100022
100023
100031
100032
100033
1000011
1000012
1000013
1000021
1000022
1000023
1000031
1000032
1000033
10000011
10000012
10000013
10000021
10000022
10000023
10000031
10000032
10000033
1111
1112
1113
1121
1122
1123
1131
1132
1133
11011
11012
11013
11021
11022
11023
11031
11032
11033
110011
110012
110013
110021
110022
110023
110031
110032
110033
100211
100212
100213
100221
100222
100223
100231
100232
100233
30000
3100
320
330000
3010
3020
3030000
30010
30020
30030
30001
30002
30003
3110
3120
3130
3101
3102
3103
321
322
323
3310
3320
3330
33010
33020
33030
330010
330020
33003
330001
330002
330003
3011
3012
3013
3021
3022
3023
30310
30320
30330
303010
303020
303030
3030010
3030020
3030030
3030001
3030002
3030003
30011
30012
30013
30021
30022
30023
30031
30032
30033
3111
3112
3113
3121
3122
3123
3131
3132
3133
3311
3312
3313
3321
3322
3323
3331
3332
3333
33011
33012
33013
33021
33022
33023
33031
33032
33033
330011
330012
330013
330021
330022
330023
30311
30312
30313
30321
30322
30323
30331
30332
30333
303011
303012
303013
303021
303022
303023
303031
303032
303033
3030011
3030012
3030013
3030021
3030022
3030023
3030031
3030032
3030033
