100
1100
12000
1300
101
102
103
1110
1120
1130
1101
1102
1103
121
1220
1230
12010
12020
12030
12001
12002
12003
1310
13200
1330
1301
1302
1303
1111
1112
1113
1121
1122
1123
1131
1132
1133
1221
1222
1223
1231
1232
1233
12011
12012
12013
12021
12022
12023
12031
12032
12033
1311
1312
1313
13210
13220
13230
13201
13202
13203
1331
1332
1333
13211
13212
13213
13221
13222
13223
13231
13232
13233
0000
010
02000
030
0010
0020
0030
0001
0002
0003
011
012
013
0210
02200
0230
02010
02020
02030
02001
02002
02003
031
032
033
0011
0012
0013
00210
00220
00230
0031
0032
0033
0211
0212
0213
02210
02220
02230
02201
02202
02203
0231
0232
0233
02011
02012
02013
02021
02022
02023
02031
02032
02033
00211
00212
00213
00221
00222
00223
00231
00232
00233
02211
02212
02213
02221
02222
02223
02231
02232
02233
20000
210
2200
230
20100
2020
2030
20010
200200
20030
20001
20002
20003
211
212
213
2210
2220
2230
2201
2202
2203
231
232
233
20110
20120
20130
20101
20102
20103
2021
2022
2023
2031
2032
2033
20011
20012
20013
200210
20022
200230
200201
200202
200203
20031
20032
20033
2211
2212
2213
2221
2222
2223
2231
2232
2233
20111
20112
20113
20121
20122
20123
20131
20132
20133
200211
200212
200213
200231
200232
200233
30000
310
3200
330
30100
3020
3030
30010
300200
30030
30001
30002
30003
311
312
313
3210
3220
3230
3201
3202
3203
331
332
333
30110
30120
30130
30101
30102
30103
3021
3022
3023
3031
3032
3033
30011
30012
30013
300210
300220
30023
300201
300202
300203
30031
30032
30033
3211
3212
3213
3221
3222
3223
3231
3232
3233
30111
30112
30113
30121
30122
30123
30131
30132
30133
300211
300212
300213
300221
300222
300223
