0000
010
0200
030
0010
0020
0030
0001
0002
0003
0110
0120
0130
0210
0220
0230
0201
0202
0203
031
032
033
0011
0012
0013
0021
0022
0023
0031
0032
0033
0111
0112
0113
0121
0122
0123
0131
0132
0133
0211
0212
0213
0221
0222
0223
0231
0232
0233
100
11000
120
130
101
102
103
111
1120
11300
11010
11020
11030
11001
11002
11003
121
122
123
131
132
133
1121
1122
1123
11310
11320
11330
11301
11302
11303
11011
11012
11013
11021
11022
11023
11031
11032
11033
11311
11312
11313
11321
11322
11323
11331
11332
11333
20000
210
22
2300
2010
2020
2030
20010
20020
20030
20001
20002
20003
211
212
213
2310
2320
2330
2301
2302
2303
2011
2012
2013
2021
2022
2023
2031
2032
2033
20011
20012
20013
20021
20022
20023
20031
20032
20033
2311
2312
2313
2321
2322
2323
2331
2332
2333
300
310000
320
330
301
302
303
3110
3120
313
31010
31020
31030
310010
310020
310030
310001
310002
310003
321
322
323
331
332
333
3111
3112
3113
3121
3122
3123
31011
31012
31013
31021
31022
31023
31031
31032
31033
310011
310012
310013
310021
310022
310023
310031
310032
310033
