0000101020010302020
000010102001030202103011120
0000101020010302021030111212223030
00001010200103020210301112122230311311
00001010200103020210301112122230311312
0000101020010302021030111212223031131312
00001010200103020210301112122230311313132133223
000010102001030202103011121222303113131321332321
000010102001030202103011121222303113131321332322
0000101020010302021030111212223031131313213323233
000010102001030202103011121222303113131321332331
000010102001030202103011121222303113131321332332
000010102001030202103011121222303113131321332333
00001010200103020210302
00001010200103020210303
100100020102001030203011120
10010002010200103020301112121311
1001000201020010302030111212131223030
10010002010200103020301112121312230311
10010002010200103020301112121312230312
100100020102001030203011121213122303131
100100020102001030203011121213122303132133222
100100020102001030203011121213122303132133223
1001000201020010302030111212131223031321332321
1001000201020010302030111212131223031321332322
10010002010200103020301112121312230313213323233
1001000201020010302030111212131223031321332331
1001000201020010302030111212131223031321332332
1001000201020010302030111212131223031321332333
10010002010200103020301112121313
10010002010200103020302
10010002010200103020303
20000101020010302020
20000101020010302021030111212223030
200001010200103020210301112122230311311
200001010200103020210301112122230311312
20000101020010302021030111212223031131312
200001010200103020210301112122230311313132133223
2000010102001030202103011121222303113131321332321
2000010102001030202103011121222303113131321332322
20000101020010302021030111212223031131313213323233
2000010102001030202103011121222303113131321332331
2000010102001030202103011121222303113131321332332
2000010102001030202103011121222303113131321332333
200001010200103020210302
200001010200103020210303
3001000010102020203030
3001000010102020203031103011120
300100001010202020303110301112121311
3001000010102020203031103011121213122312
30010000101020202030311030111212131223132133222
30010000101020202030311030111212131223132133223
300100001010202020303110301112121312231321332321
300100001010202020303110301112121312231321332322
3001000010102020203031103011121213122313213323233
300100001010202020303110301112121312231321332331
300100001010202020303110301112121312231321332332
300100001010202020303110301112121312231321332333
300100001010202020303110301112121313
300100001010202020303110302
300100001010202020303110303
