2000
2100000000
2200
2300000
2010
2020
2030
2001
2002
2003
2110
2120
21300
21010
21020
210300
210010
210020
2100300
21000100
2100020
2100030
21000010
21000020
21000030
210000010
2100000200
210000030
2100000010
2100000020
2100000030
2100000001
2100000002
2100000003
2210
222
2230
2201
2202
2203
2310
2320
2330
23010
23020
23030
230010
230020
230030
2300010
2300020
2300030
2300001
2300002
2300003
2011
2012
2013
2021
2022
2023
2031
2032
2033
2111
2112
2113
2121
2122
2123
21310
21320
21330
21301
21302
21303
21011
21012
21013
21021
21022
21023
210310
210320
210330
210301
210302
210303
210011
210012
210013
210021
210022
210023
21003100
2100320
2100330
2100301
2100302
2100303
21000110
21000120
21000130
21000101
21000102
21000103
2100021
2100022
2100023
2100031
2100032
2100033
21000011
21000012
21000013
21000021
21000022
21000023
21000031
21000032
21000033
210000011
210000012
210000013
2100000210
2100000220
2100000230
2100000201
2100000202
2100000203
210000031
210000032
210000033
2100000011
2100000012
2100000013
2100000021
2100000022
2100000023
2100000031
2100000032
2100000033
2211
2212
2213
2231
2232
2233
2311
2312
2313
2321
2322
2323
2331
2332
2333
23011
23012
23013
23021
23022
23023
23031
23032
23033
230011
230012
230013
230021
230022
230023
230031
230032
230033
2300011
2300012
2300013
2300021
2300022
2300023
2300031
2300032
2300033
21311
21312
21313
21321
21322
21323
21331
21332
21333
210311
210312
210313
210321
210322
210323
210331
210332
210333
21003110
21003120
21003130
21003101
21003102
21003103
2100321
2100322
2100323
2100331
2100332
2100333
21000111
21000112
21000113
21000121
21000122
21000123
21000131
21000132
21000133
2100000211
2100000212
2100000213
2100000221
2100000222
2100000223
2100000231
2100000232
2100000233
21003111
21003112
21003113
21003121
21003122
21003123
21003131
21003132
21003133
00000
010
02000
0300000
001000
0020
003000
00010
00020
00030
00001
00002
00003
011
012
013
0210
0220
02300
02010
02020
02030
02001
02002
02003
0310
0320
0330
030100
03020
03030
030010
0300200
030030
0300010
03000200
0300030
0300001
0300002
0300003
00110
00120
001300
001010
001020
001030
001001
001002
001003
00210
00220
00230
00310
00320
00330
003010
003020
003030
003001
003002
003003
00011
00012
00013
00021
00022
00023
00031
00032
00033
0211
0212
0213
0221
0222
0223
023100
02320
02330
02301
02302
02303
02011
02012
02013
02021
02022
02023
02031
02032
02033
0311
0312
0313
0321
0322
0323
0331
0332
0333
030110
030120
030130
030101
030102
030103
03021
03022
03023
03031
03032
03033
030011
030012
030013
0300210
0300220
0300230
0300201
0300202
0300203
030031
030032
030033
0300011
0300012
0300013
03000210
03000220
03000230
03000201
03000202
03000203
0300031
0300032
0300033
00111
00112
00113
00121
00122
00123
001310
001320
001330
001301
001302
001303
001011
001012
001013
001021
001022
001023
001031
001032
001033
00211
00212
00213
00221
00222
00223
00231
00232
00233
00311
00312
00313
00321
00322
00323
00331
00332
00333
003011
003012
003013
003021
003022
003023
003031
003032
003033
023110
023120
023130
023101
023102
023103
02321
02322
02323
02331
02332
02333
030111
030112
030113
030121
030122
030123
030131
030132
030133
0300211
0300212
0300213
0300221
0300222
0300223
0300231
0300232
0300233
03000211
03000212
03000213
03000221
03000222
03000223
03000231
03000232
03000233
001311
001312
001313
001321
001322
001323
001331
001332
001333
023111
023112
023113
023121
023122
023123
023131
023132
023133
1000000
1100000
120
13000
101000
10200
10300
10010
10020
10030
1000100
100020
100030
1000010
1000020
1000030
1000001
1000002
1000003
1110
1120
1130
11010
11020
11030
110010
1100200
110030
1100010
1100020
1100030
1100001
1100002
1100003
121
122
123
1310
1320
1330
130100
13020
13030
13001
13002
13003
10110
10120
101300
101010
101020
101030
101001
101002
101003
10210
10220
10230
10201
10202
10203
103100
10320
10330
10301
10302
10303
10011
10012
10013
10021
10022
10023
10031
10032
10033
100011
1000120
1000130
1000101
1000102
1000103
100021
100022
100023
100031
100032
100033
1000011
1000012
1000013
1000021
1000022
1000023
1000031
1000032
1000033
1111
1112
1113
1121
1122
1123
1131
1132
1133
11011
11012
11013
11021
11022
11023
11031
11032
11033
110011
110012
110013
1100210
1100220
1100230
1100201
1100202
1100203
110031
110032
110033
1100011
1100012
1100013
1100021
1100022
1100023
1100031
1100032
1100033
1311
1312
1313
1321
1322
1323
1331
1332
1333
130110
130120
130130
130101
130102
130103
13021
13022
13023
13031
13032
13033
10111
10112
10113
10121
10122
10123
101310
101320
101330
101301
101302
101303
101011
101012
101013
101021
101022
101023
101031
101032
101033
10211
10212
10213
10221
10222
10223
10231
10232
10233
103110
103120
103130
103101
103102
103103
10321
10322
10323
10331
10332
10333
1000121
1000122
1000123
1000131
1000132
1000133
1100211
1100212
1100213
1100221
1100222
1100223
1100231
1100232
1100233
130111
130112
130113
130121
130122
130123
130131
130132
130133
101311
101312
101313
101321
101322
101323
101331
101332
101333
103111
103112
103113
103121
103122
103123
103131
103132
103133
300000
310
32000
3300
3010
302000
30300000
3001000
30020
3003000
300010
300020
300030
300001
300002
300003
311
312
313
3210
3220
3230
32010
32020
3203
32001
32002
32003
3310
3320
3330
3301
3302
3303
3011
3012
3013
30210
30220
302300
302010
302020
302030
302001
302002
302003
30310
30320
30330
303010
303020
303030
3030010
30300200
3030030
30300010
303000200
30300030
30300001
30300002
30300003
300110
300120
300130
3001010
3001020
3001030
3001001
3001002
3001003
30021
30022
30023
300310
300320
300330
3003010
3003020
3003030
3003001
3003002
3003003
300011
300012
300013
300021
300022
300023
300031
300032
300033
3211
3212
3213
3221
3222
3223
3231
3232
3233
32011
32012
32013
32021
32022
32023
3311
3312
3313
3321
3322
3323
3331
3332
3333
30211
30212
30213
30221
30222
30223
302310
302320
302330
302301
302302
302303
302011
302012
302013
302021
302022
302023
302031
302032
302033
30311
30312
30313
30321
30322
30323
30331
30332
30333
303011
303012
303013
303021
303022
303023
303031
303032
303033
3030011
3030012
3030013
30300210
30300220
30300230
30300201
30300202
30300203
3030031
3030032
3030033
30300011
30300012
30300013
303000210
303000220
303000230
303000201
303000202
303000203
30300031
30300032
30300033
300111
300112
300113
300121
300122
300123
300131
300132
300133
3001011
3001012
3001013
3001021
3001022
3001023
3001031
3001032
3001033
300311
300312
300313
300321
300322
300323
300331
300332
300333
3003011
3003012
3003013
3003021
3003022
3003023
3003031
3003032
3003033
302311
302312
302313
302321
302322
302323
302331
302332
302333
30300211
30300212
30300213
30300221
30300222
30300223
30300231
30300232
30300233
303000211
303000212
303000213
303000221
303000222
303000223
303000231
303000232
303000233
