1000
1100
120
130
10100
1020
1030
1001
1002
1003
11100
11200
1130
1101
1102
1103
121
122
123
131
132
133
1011
10120
10130
10101
10102
10103
1021
1022
1023
1031
1032
1033
11110
11120
11130
11101
11102
11103
11210
11220
11230
11201
11202
11203
1131
1132
1133
10121
10122
10123
10131
10132
10133
11111
11112
11113
11121
11122
11123
11131
11132
11133
11211
11212
11213
11221
11222
11223
11231
11232
11233
0000
0100
020
030
0010
0020
0030
0001
0002
0003
01100
01200
0130
0101
0102
0103
021
022
023
031
032
033
00110
00120
00130
0021
0022
0023
0031
0032
0033
01110
01120
01130
01101
01102
01103
01210
01220
01230
01201
01202
01203
0131
0132
0133
00111
00112
00113
00121
00122
00123
00131
00132
00133
01111
01112
01113
01121
01122
01123
01131
01132
01133
01211
01212
01213
01221
01222
01223
01231
01232
01233
2000
2100
220
230
20100
2020
2030
2001
2002
2003
21100
21200
2130
2101
2102
2103
221
222
223
231
232
233
20110
2012
20130
20101
20102
20103
2021
2022
2023
2031
2032
2033
21110
21120
21130
21101
21102
21103
21210
21220
21230
21201
21202
21203
2131
2132
2133
20111
20112
20113
20131
20132
20133
21111
21112
21113
21121
21122
21123
21131
21132
21133
21211
21212
21213
21221
21222
21223
21231
21232
21233
30000
3100
32000
330
3010
3020
3030
30010
30020
30030
30001
30002
30003
3110
3120
3130
3101
3102
3103
3210
3220
3230
32010
32020
3203
32001
32002
32003
331
332
333
3011
3012
3013
3021
3022
3023
3031
3032
3033
30011
30012
30013
30021
30022
30023
30031
30032
30033
3111
3112
3113
3121
3122
3123
3131
3132
3133
3211
3212
3213
3221
3222
3223
3231
3232
3233
32011
32012
32013
32021
32022
32023
