0,11,10,3,10,4,3,2,5,3,4,4,2,2,1,8,6,0,9,10,7,9,4,13,4
0,11,10,3,10,4,3,2,5,3,4,4,2,2,1,8,6,0,9,10,7,9,4,13,3,8,12,4
0,11,10,3,10,4,3,2,5,3,4,4,2,2,1,8,6,0,9,10,7,9,4,13,3,8,12,1,0,7,0,0
0,11,10,3,10,4,3,2,5,3,4,4,2,2,1,8,6,0,9,10,7,9,4,13,3,8,12,1,0,7,3
0,11,10,3,10,4,3,2,5,3,4,4,2,2,1,8,6,0,9,10,7,9,4,13,3,8,12,1,0,7,2,4
0,11,10,3,10,4,3,2,5,3,4,4,2,2,1,8,6,0,9,10,7,9,4,13,3,8,12,1,1,10,8,7
0,11,10,3,10,4,3,2,5,3,4,4,2,2,1,8,6,0,9,10,7,9,4,13,3,8,12,1,1,10,8,9,7
0,11,10,3,10,4,3,2,5,3,4,4,2,2,1,8,6,0,9,10,7,9,4,13,3,8,12,1,1,10,8,9,10
0,11,10,3,10,4,3,2,5,3,4,4,2,2,1,8,6,0,9,10,7,9,4,13,3,8,12,2
0,11,10,3,10,4,3,2,5,3,4,4,2,2,1,8,6,0,9,10,7,9,4,13,3,8,12,9
0,11,10,3,10,4,3,2,5,3,4,4,2,2,1,8,6,0,9,10,7,9,4,13,7
0,11,10,3,10,4,3,2,5,3,4,4,2,2,1,8,6,0,9,10,7,9,4,13,2
0,11,10,3,10,4,3,2,5,3,4,4,2,2,1,8,6,7
0,11,10,3,10,4,3,2,5,3,4,4,2,2,1,8,6,11,1
0,11,10,3,10,4,3,2,5,3,4,4,2,2,1,8,6,11,5,0
0,11,10,3,10,4,3,2,5,3,4,4,2,2,1,8,6,11,5,3
0,11,10,3,10,4,3,2,5,3,4,4,2,2,1,8,6,11,5,13
0,11,10,3,10,4,3,2,5,3,4,4,2,2,1,8,6,3
