0000
0100
020
030
0010
00200
00300
0001
0002
0003
0110
0120
0130
01010
01020
01030
021
022
023
031
032
033
0011
0012
0013
00210
00220
00230
00201
00202
00203
00310
00320
00330
00301
00302
00303
0111
0112
0113
0121
0122
0123
0131
0132
0133
01011
01012
01013
01021
01022
01023
01031
01032
01033
00211
00212
00213
00221
00222
00223
00231
00232
00233
00311
00312
00313
00321
00322
00323
00331
00332
00333
1000000
110
120
130
1010
1020
1030
1001
10020
10030
100010
100020
100030
1000010
10000200
1000030
1000001
1000002
1000003
111
112
113
121
122
123
131
132
133
1011
1012
1013
1021
1022
1023
1031
1032
1033
10021
10022
10023
10031
10032
10033
100011
100012
100013
100021
100022
100023
100031
100032
100033
1000011
1000012
1000013
10000210
10000220
10000230
10000201
10000202
10000203
1000031
1000032
1000033
10000211
10000212
10000213
10000221
10000222
10000223
10000231
10000232
10000233
30000
31000
320
33
3010
3020
3030
30010
300200
30030
30001
30002
30003
3110
3120
3130
31010
31020
31030
31001
31002
31003
321
322
323
3011
3012
3013
3021
3022
3023
3031
3032
3033
30011
30012
30013
300210
300220
300230
300201
300202
300203
30031
30032
30033
3111
3112
3113
3121
3122
3123
3131
3132
3133
31011
31012
31013
31021
31022
31023
31031
31032
31033
300211
300212
300213
300221
300222
300223
300231
300232
300233
2000000
210
220
230
2010
2020
2030
20010
2002
20030
200010
200020
200030
2000010
20000200
2000030
2000001
2000002
2000003
211
212
213
221
222
223
231
232
233
2011
2012
2013
2021
2022
2023
2031
2032
2033
20011
20012
20013
20031
20032
20033
200011
200012
200013
200021
200022
200023
200031
200032
200033
2000011
2000012
2000013
20000210
20000220
20000230
20000201
20000202
20000203
2000031
2000032
2000033
20000211
20000212
20000213
20000221
20000222
20000223
20000231
20000232
20000233
