0000
010
0200
030
0010
0020
0030000
0001
0002
0003
011
012
013
02100
0220
0230
0201
0202
0203
031
032
033
0011
0012
0013
0021
0022
0023
003100
00320
00330
003010
003020
003030
0030010
0030020
0030030
0030001
0030002
0030003
02110
02120
02130
02101
02102
02103
0221
0222
0223
0231
0232
0233
003110
003120
003130
003101
003102
003103
00321
00322
00323
00331
00332
00333
003011
003012
003013
003021
003022
003023
003031
003032
003033
0030011
0030012
0030013
0030021
0030022
0030023
0030031
0030032
0030033
02111
02112
02113
021210
021220
0212300
02131
02132
02133
003111
003112
003113
003121
003122
003123
003131
003132
003133
021211
021212
021213
021221
021222
021223
0212310
0212320
0212330
0212301
0212302
0212303
0212311
0212312
0212313
0212321
0212322
0212323
0212331
0212332
0212333
1000
110
1200
130
1010
1020
1030000
1001
1002
1003
111
112
113
12100
1220
1230
1201
1202
1203
131
132
133
1011
1012
1013
1021
1022
1023
103100
10320
10330
103010
103020
103030
1030010
1030020
1030030
1030001
1030002
1030003
12110
121200
12130
12101
12102
12103
1221
1222
1223
1231
1232
1233
103110
103120
103130
103101
103102
103103
10321
10322
10323
10331
10332
10333
103011
103012
103013
103021
103022
103023
103031
103032
103033
1030011
1030012
1030013
1030021
1030022
1030023
1030031
1030032
1030033
12111
12112
12113
12121
121220
1212300
121201
121202
121203
12131
12132
12133
103111
103112
103113
103121
103122
103123
103131
103132
103133
121221
121222
121223
1212310
1212320
1212330
1212301
1212302
1212303
1212311
1212312
1212313
1212321
1212322
1212323
1212331
1212332
1212333
2000
210
2200
230
2010
2020
2030000
2001
2002
2003
211
212
213
22100
2220
2230
2201
2202
2203
231
232
233
2011
2012
2013
2021
2022
2023
203100
20320
20330
203010
203020
203030
2030010
2030020
2030030
2030001
2030002
2030003
22110
221200
22130
22101
22102
22103
2221
2222
2223
2231
2232
2233
203110
203120
203130
203101
203102
203103
20321
20322
20323
20331
20332
20333
203011
203012
203013
203021
203022
203023
203031
203032
203033
2030011
2030012
2030013
2030021
2030022
2030023
2030031
2030032
2030033
22111
22112
22113
221210
22122
2212300
221201
221202
221203
22131
22132
22133
203111
203112
203113
203121
203122
203123
203131
203132
203133
221211
221212
221213
2212310
2212320
2212330
2212301
2212302
2212303
2212311
2212312
2212313
2212321
2212322
2212323
2212331
2212332
2212333
300
31000
32000
330
301
302
303
31100
3120
31300
31010
31020
31030
31001
31002
31003
3210
32200
3230
320100
32020
32030
32001
32002
32003
331
332
333
31110
31120
31130
31101
31102
31103
3121
3122
3123
31310
31320
31330
31301
31302
31303
31011
31012
31013
31021
31022
31023
31031
31032
31033
3211
3212
3213
32210
32220
32230
32201
32202
32203
3231
3232
3233
320110
3201200
320130
320101
320102
320103
32021
32022
32023
32031
32032
32033
31111
31112
31113
31121
31122
31123
31131
31132
31133
31311
31312
31313
31321
31322
31323
31331
31332
31333
32211
32212
32213
32221
32222
32223
32231
32232
32233
320111
320112
320113
3201210
3201220
320123
3201201
3201202
3201203
320131
320132
320133
3201211
3201212
3201213
3201221
3201222
3201223
