20001000010000000101020011030211010
20001000010000000101020011030211011020
2000100001000000010102001103021101102112010302001030
20001000010000000101020011030211011021120103020010311200101130
20001000010000000101020011030211011021120103020010311200101131
20001000010000000101020011030211011021120103020010311200101132020301
20001000010000000101020011030211011021120103020010311200101132020302110
200010000100000001010200110302110110211201030200103112001011320203021113003020
20001000010000000101020011030211011021120103020010311200101132020302111300302120213030
200010000100000001010200110302110110211201030200103112001011320203021113003021202130311
2000100001000000010102001103021101102112010302001031120010113202030211130030212021303122133222312230
2000100001000000010102001103021101102112010302001031120010113202030211130030212021303122133222312231
20001000010000000101020011030211011021120103020010311200101132020302111300302120213031221332223122323222331
20001000010000000101020011030211011021120103020010311200101132020302111300302120213031221332223122323222332
200010000100000001010200110302110110211201030200103112001011320203021113003021202130312213322231223232223333
200010000100000001010200110302110110211201030200103112001011320203021113003021202130312213322231223232233
20001000010000000101020011030211011021120103020010311200101132020302111300302120213031221332223122323232103
20001000010000000101020011030211011021120103020010311200101132020302111300302120213031221332223122323232113
2000100001000000010102001103021101102112010302001031120010113202030211130030212021303122133222312232323212
2000100001000000010102001103021101102112010302001031120010113202030211130030212021303122133222312232323213
2000100001000000010102001103021101102112010302001031120010113202030211130030212021303122133222312232323220102
2000100001000000010102001103021101102112010302001031120010113202030211130030212021303122133222312232323220103
2000100001000000010102001103021101102112010302001031120010113202030211130030212021303122133222312232323220112
2000100001000000010102001103021101102112010302001031120010113202030211130030212021303122133222312232323220113
200010000100000001010200110302110110211201030200103112001011320203021113003021202130312213322231223232322012120
200010000100000001010200110302110110211201030200103112001011320203021113003021202130312213322231223232322012121
200010000100000001010200110302110110211201030200103112001011320203021113003021202130312213322231223232322012122
200010000100000001010200110302110110211201030200103112001011320203021113003021202130312213322231223232322012123
200010000100000001010200110302110110211201030200103112001011320203021113003021202130312213322231223232322012130
200010000100000001010200110302110110211201030200103112001011320203021113003021202130312213322231223232322012131
200010000100000001010200110302110110211201030200103112001011320203021113003021202130312213322231223232322012132
200010000100000001010200110302110110211201030200103112001011320203021113003021202130312213322231223232322012133
2000100001000000010102001103021101102112010302001031120010113202030211130030212021303122133222312232323220122
2000100001000000010102001103021101102112010302001031120010113202030211130030212021303122133222312232323220123312
2000100001000000010102001103021101102112010302001031120010113202030211130030212021303122133222312232323220123313
200010000100000001010200110302110110211201030200103112001011320203021113003021202130312213322231223232322012332302
200010000100000001010200110302110110211201030200103112001011320203021113003021202130312213322231223232322012332303
20001000010000000101020011030211011021120103020010311200101132020302111300302120213031221332223122323232201233231311
20001000010000000101020011030211011021120103020010311200101132020302111300302120213031221332223122323232201233231312
200010000100000001010200110302110110211201030200103112001011320203021113003021202130312213322231223232322012332313133
20001000010000000101020011030211011021120103020010311200101132020302111300302120213031221332223122323232201233231321
20001000010000000101020011030211011021120103020010311200101132020302111300302120213031221332223122323232201233231322
2000100001000000010102001103021101102112010302001031120010113202030211130030212021303122133222312232323220123323132331
2000100001000000010102001103021101102112010302001031120010113202030211130030212021303122133222312232323220123323132332
2000100001000000010102001103021101102112010302001031120010113202030211130030212021303122133222312232323220123323132333
2000100001000000010102001103021101102112010302001031120010113202030211130030212021303122133222312232323220123323201
2000100001000000010102001103021101102112010302001031120010113202030211130030212021303122133222312232323220123323202
2000100001000000010102001103021101102112010302001031120010113202030211130030212021303122133222312232323220123323203
20001000010000000101020011030211011021120103020010311200101132020302111300302120213031221332223122323232201233232111
20001000010000000101020011030211011021120103020010311200101132020302111300302120213031221332223122323232201233232112
20001000010000000101020011030211011021120103020010311200101132020302111300302120213031221332223122323232201233232113
20001000010000000101020011030211011021120103020010311200101132020302111300302120213031221332223122323232201233232121
20001000010000000101020011030211011021120103020010311200101132020302111300302120213031221332223122323232201233232122
20001000010000000101020011030211011021120103020010311200101132020302111300302120213031221332223122323232201233232123
200010000100000001010200110302110110211201030200103112001011320203021113003021202130312213322231223232322012332321310
200010000100000001010200110302110110211201030200103112001011320203021113003021202130312213322231223232322012332321311
200010000100000001010200110302110110211201030200103112001011320203021113003021202130312213322231223232322012332321312
200010000100000001010200110302110110211201030200103112001011320203021113003021202130312213322231223232322012332321313
200010000100000001010200110302110110211201030200103112001011320203021113003021202130312213322231223232322012332321320
200010000100000001010200110302110110211201030200103112001011320203021113003021202130312213322231223232322012332321321
200010000100000001010200110302110110211201030200103112001011320203021113003021202130312213322231223232322012332321322
200010000100000001010200110302110110211201030200103112001011320203021113003021202130312213322231223232322012332321323
2000100001000000010102001103021101102112010302001031120010113202030211130030212021303122133222312232323220123323213301
2000100001000000010102001103021101102112010302001031120010113202030211130030212021303122133222312232323220123323213302
2000100001000000010102001103021101102112010302001031120010113202030211130030212021303122133222312232323220123323213303
200010000100000001010200110302110110211201030200103112001011320203021113003021202130312213322231223232322012332321331
200010000100000001010200110302110110211201030200103112001011320203021113003021202130312213322231223232322012332321332
200010000100000001010200110302110110211201030200103112001011320203021113003021202130312213322231223232322012332321333
200010000100000001010200110302110110211201030200103112001011320203021113003021202130312213322231223232322012332322
200010000100000001010200110302110110211201030200103112001011320203021113003021202130312213322231223232322012332323
200010000100000001010200110302110110211201030200103112001011320203021113003021202130312213322231223232322012332330
200010000100000001010200110302110110211201030200103112001011320203021113003021202130312213322231223232322012332331
200010000100000001010200110302110110211201030200103112001011320203021113003021202130312213322231223232322012332332
200010000100000001010200110302110110211201030200103112001011320203021113003021202130312213322231223232322012332333
20001000010000000101020011030211011021120103020010311200101132020302111300302120213031221332223122323232202
20001000010000000101020011030211011021120103020010311200101132020302111300302120213031221332223122323232203
20001000010000000101020011030211011021120103020010311200101132020302111300302120213031221332223122323232212
20001000010000000101020011030211011021120103020010311200101132020302111300302120213031221332223122323232213
200010000100000001010200110302110110211201030200103112001011320203021113003021202130312213322231223232322201
200010000100000001010200110302110110211201030200103112001011320203021113003021202130312213322231223232322202
200010000100000001010200110302110110211201030200103112001011320203021113003021202130312213322231223232322203
20001000010000000101020011030211011021120103020010311200101132020302111300302120213031221332223122323232221
20001000010000000101020011030211011021120103020010311200101132020302111300302120213031221332223122323232222300
20001000010000000101020011030211011021120103020010311200101132020302111300302120213031221332223122323232222301
20001000010000000101020011030211011021120103020010311200101132020302111300302120213031221332223122323232222302
20001000010000000101020011030211011021120103020010311200101132020302111300302120213031221332223122323232222303
20001000010000000101020011030211011021120103020010311200101132020302111300302120213031221332223122323232222310
20001000010000000101020011030211011021120103020010311200101132020302111300302120213031221332223122323232222311
20001000010000000101020011030211011021120103020010311200101132020302111300302120213031221332223122323232222312
20001000010000000101020011030211011021120103020010311200101132020302111300302120213031221332223122323232222313
20001000010000000101020011030211011021120103020010311200101132020302111300302120213031221332223122323232222320
20001000010000000101020011030211011021120103020010311200101132020302111300302120213031221332223122323232222321
20001000010000000101020011030211011021120103020010311200101132020302111300302120213031221332223122323232222322
20001000010000000101020011030211011021120103020010311200101132020302111300302120213031221332223122323232222323
20001000010000000101020011030211011021120103020010311200101132020302111300302120213031221332223122323232222330
20001000010000000101020011030211011021120103020010311200101132020302111300302120213031221332223122323232222331
20001000010000000101020011030211011021120103020010311200101132020302111300302120213031221332223122323232222332
20001000010000000101020011030211011021120103020010311200101132020302111300302120213031221332223122323232222333
20001000010000000101020011030211011021120103020010311200101132020302111300302120213031221332223122323232223
200010000100000001010200110302110110211201030200103112001011320203021113003021203
2000100001000000010102001103021102
2000100001000000010102001103021103
0000001000100101020002030201000110
00000010001001010200020302010001110303010
0000001000100101020002030201000111030301111202002001011202030130
0000001000100101020002030201000111030301111202002001011202030131
000000100010010102000203020100011103030111120200200101120203013203030
000000100010010102000203020100011103030111120200200101120203013203031300
00000010001001010200020302010001110303011112020020010112020301320303130110
00000010001001010200020302010001110303011112020020010112020301320303130111
000000100010010102000203020100011103030111120200200101120203013203031301121202211
0000001000100101020002030201000111030301111202002001011202030132030313011212022123121302221
000000100010010102000203020100011103030111120200200101120203013203031301121202212312130222232
00000010001001010200020302010001110303011112020020010112020301320303130112120221231213022223330
000000100010010102000203020100011103030111120200200101120203013203031301121202212312130222233313
000000100010010102000203020100011103030111120200200101120203013203031301121202212312130222233323211010
000000100010010102000203020100011103030111120200200101120203013203031301121202212312130222233323211011
000000100010010102000203020100011103030111120200200101120203013203031301121202212312130222233323211012331
000000100010010102000203020100011103030111120200200101120203013203031301121202212312130222233323211012332
000000100010010102000203020100011103030111120200200101120203013203031301121202212312130222233323211012333
0000001000100101020002030201000111030301111202002001011202030132030313011212022123121302222333232110133
00000010001001010200020302010001110303011112020020010112020301320303130112120221231213022223332321102010221
00000010001001010200020302010001110303011112020020010112020301320303130112120221231213022223332321102010222
00000010001001010200020302010001110303011112020020010112020301320303130112120221231213022223332321102010223
000000100010010102000203020100011103030111120200200101120203013203031301121202212312130222233323211020102312
000000100010010102000203020100011103030111120200200101120203013203031301121202212312130222233323211020102313
0000001000100101020002030201000111030301111202002001011202030132030313011212022123121302222333232110201023210
00000010001001010200020302010001110303011112020020010112020301320303130112120221231213022223332321102010232113
0000001000100101020002030201000111030301111202002001011202030132030313011212022123121302222333232110201023212
0000001000100101020002030201000111030301111202002001011202030132030313011212022123121302222333232110201023213
0000001000100101020002030201000111030301111202002001011202030132030313011212022123121302222333232110201023220113
000000100010010102000203020100011103030111120200200101120203013203031301121202212312130222233323211020102322012120
000000100010010102000203020100011103030111120200200101120203013203031301121202212312130222233323211020102322012121
000000100010010102000203020100011103030111120200200101120203013203031301121202212312130222233323211020102322012122
000000100010010102000203020100011103030111120200200101120203013203031301121202212312130222233323211020102322012123
000000100010010102000203020100011103030111120200200101120203013203031301121202212312130222233323211020102322012130
000000100010010102000203020100011103030111120200200101120203013203031301121202212312130222233323211020102322012131
000000100010010102000203020100011103030111120200200101120203013203031301121202212312130222233323211020102322012132
000000100010010102000203020100011103030111120200200101120203013203031301121202212312130222233323211020102322012133
0000001000100101020002030201000111030301111202002001011202030132030313011212022123121302222333232110201023220122
000000100010010102000203020100011103030111120200200101120203013203031301121202212312130222233323211020102322012331
000000100010010102000203020100011103030111120200200101120203013203031301121202212312130222233323211020102322012332302
000000100010010102000203020100011103030111120200200101120203013203031301121202212312130222233323211020102322012332303
00000010001001010200020302010001110303011112020020010112020301320303130112120221231213022223332321102010232201233231312
000000100010010102000203020100011103030111120200200101120203013203031301121202212312130222233323211020102322012332313133
00000010001001010200020302010001110303011112020020010112020301320303130112120221231213022223332321102010232201233231321
00000010001001010200020302010001110303011112020020010112020301320303130112120221231213022223332321102010232201233231322
0000001000100101020002030201000111030301111202002001011202030132030313011212022123121302222333232110201023220123323132331
0000001000100101020002030201000111030301111202002001011202030132030313011212022123121302222333232110201023220123323132332
0000001000100101020002030201000111030301111202002001011202030132030313011212022123121302222333232110201023220123323132333
0000001000100101020002030201000111030301111202002001011202030132030313011212022123121302222333232110201023220123323201
0000001000100101020002030201000111030301111202002001011202030132030313011212022123121302222333232110201023220123323202
0000001000100101020002030201000111030301111202002001011202030132030313011212022123121302222333232110201023220123323203
00000010001001010200020302010001110303011112020020010112020301320303130112120221231213022223332321102010232201233232112
00000010001001010200020302010001110303011112020020010112020301320303130112120221231213022223332321102010232201233232113
00000010001001010200020302010001110303011112020020010112020301320303130112120221231213022223332321102010232201233232121
00000010001001010200020302010001110303011112020020010112020301320303130112120221231213022223332321102010232201233232122
00000010001001010200020302010001110303011112020020010112020301320303130112120221231213022223332321102010232201233232123
000000100010010102000203020100011103030111120200200101120203013203031301121202212312130222233323211020102322012332321310
000000100010010102000203020100011103030111120200200101120203013203031301121202212312130222233323211020102322012332321311
000000100010010102000203020100011103030111120200200101120203013203031301121202212312130222233323211020102322012332321312
000000100010010102000203020100011103030111120200200101120203013203031301121202212312130222233323211020102322012332321313
000000100010010102000203020100011103030111120200200101120203013203031301121202212312130222233323211020102322012332321320
000000100010010102000203020100011103030111120200200101120203013203031301121202212312130222233323211020102322012332321321
000000100010010102000203020100011103030111120200200101120203013203031301121202212312130222233323211020102322012332321322
000000100010010102000203020100011103030111120200200101120203013203031301121202212312130222233323211020102322012332321323
0000001000100101020002030201000111030301111202002001011202030132030313011212022123121302222333232110201023220123323213302
0000001000100101020002030201000111030301111202002001011202030132030313011212022123121302222333232110201023220123323213303
000000100010010102000203020100011103030111120200200101120203013203031301121202212312130222233323211020102322012332321331
000000100010010102000203020100011103030111120200200101120203013203031301121202212312130222233323211020102322012332321332
000000100010010102000203020100011103030111120200200101120203013203031301121202212312130222233323211020102322012332321333
000000100010010102000203020100011103030111120200200101120203013203031301121202212312130222233323211020102322012332322
000000100010010102000203020100011103030111120200200101120203013203031301121202212312130222233323211020102322012332323
000000100010010102000203020100011103030111120200200101120203013203031301121202212312130222233323211020102322012332330
000000100010010102000203020100011103030111120200200101120203013203031301121202212312130222233323211020102322012332331
000000100010010102000203020100011103030111120200200101120203013203031301121202212312130222233323211020102322012332332
000000100010010102000203020100011103030111120200200101120203013203031301121202212312130222233323211020102322012332333
00000010001001010200020302010001110303011112020020010112020301320303130112120221231213022223332321102010232202
00000010001001010200020302010001110303011112020020010112020301320303130112120221231213022223332321102010232203
0000001000100101020002030201000111030301111202002001011202030132030313011212022123121302222333232110201023221
00000010001001010200020302010001110303011112020020010112020301320303130112120221231213022223332321102010232221
00000010001001010200020302010001110303011112020020010112020301320303130112120221231213022223332321102010232222300
00000010001001010200020302010001110303011112020020010112020301320303130112120221231213022223332321102010232222301
00000010001001010200020302010001110303011112020020010112020301320303130112120221231213022223332321102010232222302
00000010001001010200020302010001110303011112020020010112020301320303130112120221231213022223332321102010232222303
00000010001001010200020302010001110303011112020020010112020301320303130112120221231213022223332321102010232222310
00000010001001010200020302010001110303011112020020010112020301320303130112120221231213022223332321102010232222311
00000010001001010200020302010001110303011112020020010112020301320303130112120221231213022223332321102010232222312
00000010001001010200020302010001110303011112020020010112020301320303130112120221231213022223332321102010232222313
000000100010010102000203020100011103030111120200200101120203013203031301121202212312130222233323211020102322223202
000000100010010102000203020100011103030111120200200101120203013203031301121202212312130222233323211020102322223203
00000010001001010200020302010001110303011112020020010112020301320303130112120221231213022223332321102010232222321
00000010001001010200020302010001110303011112020020010112020301320303130112120221231213022223332321102010232222322
00000010001001010200020302010001110303011112020020010112020301320303130112120221231213022223332321102010232222323
000000100010010102000203020100011103030111120200200101120203013203031301121202212312130222233323211020102322223303
00000010001001010200020302010001110303011112020020010112020301320303130112120221231213022223332321102010232222331
00000010001001010200020302010001110303011112020020010112020301320303130112120221231213022223332321102010232222332
00000010001001010200020302010001110303011112020020010112020301320303130112120221231213022223332321102010232222333
00000010001001010200020302010001110303011112020020010112020301320303130112120221231213022223332321102010232223
00000010001001010200020302010001110303011112020020010112020301320303130112120221231213022223332321103
0000001000100101020002030201000111030301111202002001011202030132030313011212022123121303
000000100010010102000203020100011103030111120200200101120203013203031301121203
1000000102000001001102030201000110
100000010200000100110203020100011112010302001030
1000000102000001001102030201000111120103020010311200101202030130
1000000102000001001102030201000111120103020010311200101202030131
1000000102000001001102030201000111120103020010311200101202030132110
10000001020000010011020302010001111201030200103112001012020301321113003020
100000010200000100110203020100011112010302001031120010120203013211130030212021302211
10000001020000010011020302010001111201030200103112001012020301321113003021202130221222230
10000001020000010011020302010001111201030200103112001012020301321113003021202130221222231
100000010200000100110203020100011112010302001031120010120203013211130030212021302212222323130
1000000102000001001102030201000111120103020010311200101202030132111300302120213022122223231313323211010
1000000102000001001102030201000111120103020010311200101202030132111300302120213022122223231313323211011
1000000102000001001102030201000111120103020010311200101202030132111300302120213022122223231313323211012331
1000000102000001001102030201000111120103020010311200101202030132111300302120213022122223231313323211012332
10000001020000010011020302010001111201030200103112001012020301321113003021202130221222232313133232110123333
10000001020000010011020302010001111201030200103112001012020301321113003021202130221222232313133232110133
100000010200000100110203020100011112010302001031120010120203013211130030212021302212222323131332321102010221
100000010200000100110203020100011112010302001031120010120203013211130030212021302212222323131332321102010222
100000010200000100110203020100011112010302001031120010120203013211130030212021302212222323131332321102010223
100000010200000100110203020100011112010302001031120010120203013211130030212021302212222323131332321102010232103
10000001020000010011020302010001111201030200103112001012020301321113003021202130221222232313133232110201023211
10000001020000010011020302010001111201030200103112001012020301321113003021202130221222232313133232110201023212
10000001020000010011020302010001111201030200103112001012020301321113003021202130221222232313133232110201023213
10000001020000010011020302010001111201030200103112001012020301321113003021202130221222232313133232110201023220112
10000001020000010011020302010001111201030200103112001012020301321113003021202130221222232313133232110201023220113
1000000102000001001102030201000111120103020010311200101202030132111300302120213022122223231313323211020102322012120
1000000102000001001102030201000111120103020010311200101202030132111300302120213022122223231313323211020102322012121
1000000102000001001102030201000111120103020010311200101202030132111300302120213022122223231313323211020102322012122
1000000102000001001102030201000111120103020010311200101202030132111300302120213022122223231313323211020102322012123
1000000102000001001102030201000111120103020010311200101202030132111300302120213022122223231313323211020102322012130
1000000102000001001102030201000111120103020010311200101202030132111300302120213022122223231313323211020102322012131
1000000102000001001102030201000111120103020010311200101202030132111300302120213022122223231313323211020102322012132
1000000102000001001102030201000111120103020010311200101202030132111300302120213022122223231313323211020102322012133
10000001020000010011020302010001111201030200103112001012020301321113003021202130221222232313133232110201023220122
10000001020000010011020302010001111201030200103112001012020301321113003021202130221222232313133232110201023220123312
10000001020000010011020302010001111201030200103112001012020301321113003021202130221222232313133232110201023220123313
1000000102000001001102030201000111120103020010311200101202030132111300302120213022122223231313323211020102322012332302
1000000102000001001102030201000111120103020010311200101202030132111300302120213022122223231313323211020102322012332303
100000010200000100110203020100011112010302001031120010120203013211130030212021302212222323131332321102010232201233231311
100000010200000100110203020100011112010302001031120010120203013211130030212021302212222323131332321102010232201233231312
1000000102000001001102030201000111120103020010311200101202030132111300302120213022122223231313323211020102322012332313133
100000010200000100110203020100011112010302001031120010120203013211130030212021302212222323131332321102010232201233231321
100000010200000100110203020100011112010302001031120010120203013211130030212021302212222323131332321102010232201233231322
10000001020000010011020302010001111201030200103112001012020301321113003021202130221222232313133232110201023220123323132331
10000001020000010011020302010001111201030200103112001012020301321113003021202130221222232313133232110201023220123323132332
10000001020000010011020302010001111201030200103112001012020301321113003021202130221222232313133232110201023220123323132333
10000001020000010011020302010001111201030200103112001012020301321113003021202130221222232313133232110201023220123323201
10000001020000010011020302010001111201030200103112001012020301321113003021202130221222232313133232110201023220123323202
10000001020000010011020302010001111201030200103112001012020301321113003021202130221222232313133232110201023220123323203
100000010200000100110203020100011112010302001031120010120203013211130030212021302212222323131332321102010232201233232112
100000010200000100110203020100011112010302001031120010120203013211130030212021302212222323131332321102010232201233232113
100000010200000100110203020100011112010302001031120010120203013211130030212021302212222323131332321102010232201233232121
100000010200000100110203020100011112010302001031120010120203013211130030212021302212222323131332321102010232201233232122
100000010200000100110203020100011112010302001031120010120203013211130030212021302212222323131332321102010232201233232123
1000000102000001001102030201000111120103020010311200101202030132111300302120213022122223231313323211020102322012332321310
1000000102000001001102030201000111120103020010311200101202030132111300302120213022122223231313323211020102322012332321311
1000000102000001001102030201000111120103020010311200101202030132111300302120213022122223231313323211020102322012332321312
1000000102000001001102030201000111120103020010311200101202030132111300302120213022122223231313323211020102322012332321313
1000000102000001001102030201000111120103020010311200101202030132111300302120213022122223231313323211020102322012332321320
1000000102000001001102030201000111120103020010311200101202030132111300302120213022122223231313323211020102322012332321321
1000000102000001001102030201000111120103020010311200101202030132111300302120213022122223231313323211020102322012332321322
1000000102000001001102030201000111120103020010311200101202030132111300302120213022122223231313323211020102322012332321323
10000001020000010011020302010001111201030200103112001012020301321113003021202130221222232313133232110201023220123323213301
10000001020000010011020302010001111201030200103112001012020301321113003021202130221222232313133232110201023220123323213302
10000001020000010011020302010001111201030200103112001012020301321113003021202130221222232313133232110201023220123323213303
1000000102000001001102030201000111120103020010311200101202030132111300302120213022122223231313323211020102322012332321331
1000000102000001001102030201000111120103020010311200101202030132111300302120213022122223231313323211020102322012332321332
1000000102000001001102030201000111120103020010311200101202030132111300302120213022122223231313323211020102322012332321333
1000000102000001001102030201000111120103020010311200101202030132111300302120213022122223231313323211020102322012332322
1000000102000001001102030201000111120103020010311200101202030132111300302120213022122223231313323211020102322012332323
1000000102000001001102030201000111120103020010311200101202030132111300302120213022122223231313323211020102322012332330
1000000102000001001102030201000111120103020010311200101202030132111300302120213022122223231313323211020102322012332331
1000000102000001001102030201000111120103020010311200101202030132111300302120213022122223231313323211020102322012332332
1000000102000001001102030201000111120103020010311200101202030132111300302120213022122223231313323211020102322012332333
100000010200000100110203020100011112010302001031120010120203013211130030212021302212222323131332321102010232202
100000010200000100110203020100011112010302001031120010120203013211130030212021302212222323131332321102010232203
10000001020000010011020302010001111201030200103112001012020301321113003021202130221222232313133232110201023221
100000010200000100110203020100011112010302001031120010120203013211130030212021302212222323131332321102010232221
100000010200000100110203020100011112010302001031120010120203013211130030212021302212222323131332321102010232222300
100000010200000100110203020100011112010302001031120010120203013211130030212021302212222323131332321102010232222301
100000010200000100110203020100011112010302001031120010120203013211130030212021302212222323131332321102010232222302
100000010200000100110203020100011112010302001031120010120203013211130030212021302212222323131332321102010232222303
100000010200000100110203020100011112010302001031120010120203013211130030212021302212222323131332321102010232222310
100000010200000100110203020100011112010302001031120010120203013211130030212021302212222323131332321102010232222311
100000010200000100110203020100011112010302001031120010120203013211130030212021302212222323131332321102010232222312
100000010200000100110203020100011112010302001031120010120203013211130030212021302212222323131332321102010232222313
1000000102000001001102030201000111120103020010311200101202030132111300302120213022122223231313323211020102322223202
1000000102000001001102030201000111120103020010311200101202030132111300302120213022122223231313323211020102322223203
100000010200000100110203020100011112010302001031120010120203013211130030212021302212222323131332321102010232222321
100000010200000100110203020100011112010302001031120010120203013211130030212021302212222323131332321102010232222322
100000010200000100110203020100011112010302001031120010120203013211130030212021302212222323131332321102010232222323
1000000102000001001102030201000111120103020010311200101202030132111300302120213022122223231313323211020102322223303
100000010200000100110203020100011112010302001031120010120203013211130030212021302212222323131332321102010232222331
100000010200000100110203020100011112010302001031120010120203013211130030212021302212222323131332321102010232222332
100000010200000100110203020100011112010302001031120010120203013211130030212021302212222323131332321102010232222333
100000010200000100110203020100011112010302001031120010120203013211130030212021302212222323131332321102010232223
100000010200000100110203020100011112010302001031120010120203013211130030212021302212222323131332321103
100000010200000100110203020100011112010302001031120010120203013211130030212021303
10000001020000010011020302010001111201030200103112001012020301321113003021203
30000001010102000001002010001103031020
30000001010102000001002010001103031021030
3000000101010200000100201000110303102103111202001130001011202030130
3000000101010200000100201000110303102103111202001130001011202030131
300000010101020000010020100011030310210311120200113000101120203013203020
30000001010102000001002010001103031021031112020011300010112020301320302110
30000001010102000001002010001103031021031112020011300010112020301320302111
300000010101020000010020100011030310210311120200113000101120203013203021121202212312130222230
300000010101020000010020100011030310210311120200113000101120203013203021121202212312130222231
300000010101020000010020100011030310210311120200113000101120203013203021121202212312130222232
30000001010102000001002010001103031021031112020011300010112020301320302112120221231213022223330
300000010101020000010020100011030310210311120200113000101120203013203021121202212312130222233313
300000010101020000010020100011030310210311120200113000101120203013203021121202212312130222233323211010
300000010101020000010020100011030310210311120200113000101120203013203021121202212312130222233323211011
300000010101020000010020100011030310210311120200113000101120203013203021121202212312130222233323211012332
300000010101020000010020100011030310210311120200113000101120203013203021121202212312130222233323211012333
3000000101010200000100201000110303102103111202001130001011202030132030211212022123121302222333232110133
30000001010102000001002010001103031021031112020011300010112020301320302112120221231213022223332321102010222
30000001010102000001002010001103031021031112020011300010112020301320302112120221231213022223332321102010223
30000001010102000001002010001103031021031112020011300010112020301320302112120221231213022223332321102010232103
30000001010102000001002010001103031021031112020011300010112020301320302112120221231213022223332321102010232113
3000000101010200000100201000110303102103111202001130001011202030132030211212022123121302222333232110201023212
3000000101010200000100201000110303102103111202001130001011202030132030211212022123121302222333232110201023213
3000000101010200000100201000110303102103111202001130001011202030132030211212022123121302222333232110201023220113
300000010101020000010020100011030310210311120200113000101120203013203021121202212312130222233323211020102322012120
300000010101020000010020100011030310210311120200113000101120203013203021121202212312130222233323211020102322012121
300000010101020000010020100011030310210311120200113000101120203013203021121202212312130222233323211020102322012122
300000010101020000010020100011030310210311120200113000101120203013203021121202212312130222233323211020102322012123
300000010101020000010020100011030310210311120200113000101120203013203021121202212312130222233323211020102322012130
300000010101020000010020100011030310210311120200113000101120203013203021121202212312130222233323211020102322012131
300000010101020000010020100011030310210311120200113000101120203013203021121202212312130222233323211020102322012132
300000010101020000010020100011030310210311120200113000101120203013203021121202212312130222233323211020102322012133
3000000101010200000100201000110303102103111202001130001011202030132030211212022123121302222333232110201023220122
3000000101010200000100201000110303102103111202001130001011202030132030211212022123121302222333232110201023220123312
3000000101010200000100201000110303102103111202001130001011202030132030211212022123121302222333232110201023220123313
300000010101020000010020100011030310210311120200113000101120203013203021121202212312130222233323211020102322012332302
300000010101020000010020100011030310210311120200113000101120203013203021121202212312130222233323211020102322012332303
30000001010102000001002010001103031021031112020011300010112020301320302112120221231213022223332321102010232201233231311
30000001010102000001002010001103031021031112020011300010112020301320302112120221231213022223332321102010232201233231312
300000010101020000010020100011030310210311120200113000101120203013203021121202212312130222233323211020102322012332313133
30000001010102000001002010001103031021031112020011300010112020301320302112120221231213022223332321102010232201233231321
30000001010102000001002010001103031021031112020011300010112020301320302112120221231213022223332321102010232201233231322
3000000101010200000100201000110303102103111202001130001011202030132030211212022123121302222333232110201023220123323132331
3000000101010200000100201000110303102103111202001130001011202030132030211212022123121302222333232110201023220123323132332
3000000101010200000100201000110303102103111202001130001011202030132030211212022123121302222333232110201023220123323132333
3000000101010200000100201000110303102103111202001130001011202030132030211212022123121302222333232110201023220123323201
3000000101010200000100201000110303102103111202001130001011202030132030211212022123121302222333232110201023220123323202
3000000101010200000100201000110303102103111202001130001011202030132030211212022123121302222333232110201023220123323203
30000001010102000001002010001103031021031112020011300010112020301320302112120221231213022223332321102010232201233232111
30000001010102000001002010001103031021031112020011300010112020301320302112120221231213022223332321102010232201233232112
30000001010102000001002010001103031021031112020011300010112020301320302112120221231213022223332321102010232201233232113
30000001010102000001002010001103031021031112020011300010112020301320302112120221231213022223332321102010232201233232121
30000001010102000001002010001103031021031112020011300010112020301320302112120221231213022223332321102010232201233232122
30000001010102000001002010001103031021031112020011300010112020301320302112120221231213022223332321102010232201233232123
300000010101020000010020100011030310210311120200113000101120203013203021121202212312130222233323211020102322012332321310
300000010101020000010020100011030310210311120200113000101120203013203021121202212312130222233323211020102322012332321311
300000010101020000010020100011030310210311120200113000101120203013203021121202212312130222233323211020102322012332321312
300000010101020000010020100011030310210311120200113000101120203013203021121202212312130222233323211020102322012332321313
300000010101020000010020100011030310210311120200113000101120203013203021121202212312130222233323211020102322012332321320
300000010101020000010020100011030310210311120200113000101120203013203021121202212312130222233323211020102322012332321321
300000010101020000010020100011030310210311120200113000101120203013203021121202212312130222233323211020102322012332321322
300000010101020000010020100011030310210311120200113000101120203013203021121202212312130222233323211020102322012332321323
3000000101010200000100201000110303102103111202001130001011202030132030211212022123121302222333232110201023220123323213301
3000000101010200000100201000110303102103111202001130001011202030132030211212022123121302222333232110201023220123323213302
3000000101010200000100201000110303102103111202001130001011202030132030211212022123121302222333232110201023220123323213303
300000010101020000010020100011030310210311120200113000101120203013203021121202212312130222233323211020102322012332321331
300000010101020000010020100011030310210311120200113000101120203013203021121202212312130222233323211020102322012332321332
300000010101020000010020100011030310210311120200113000101120203013203021121202212312130222233323211020102322012332321333
300000010101020000010020100011030310210311120200113000101120203013203021121202212312130222233323211020102322012332322
300000010101020000010020100011030310210311120200113000101120203013203021121202212312130222233323211020102322012332323
300000010101020000010020100011030310210311120200113000101120203013203021121202212312130222233323211020102322012332330
300000010101020000010020100011030310210311120200113000101120203013203021121202212312130222233323211020102322012332331
300000010101020000010020100011030310210311120200113000101120203013203021121202212312130222233323211020102322012332332
300000010101020000010020100011030310210311120200113000101120203013203021121202212312130222233323211020102322012332333
30000001010102000001002010001103031021031112020011300010112020301320302112120221231213022223332321102010232202
30000001010102000001002010001103031021031112020011300010112020301320302112120221231213022223332321102010232203
3000000101010200000100201000110303102103111202001130001011202030132030211212022123121302222333232110201023221
30000001010102000001002010001103031021031112020011300010112020301320302112120221231213022223332321102010232221
30000001010102000001002010001103031021031112020011300010112020301320302112120221231213022223332321102010232222300
30000001010102000001002010001103031021031112020011300010112020301320302112120221231213022223332321102010232222301
30000001010102000001002010001103031021031112020011300010112020301320302112120221231213022223332321102010232222302
30000001010102000001002010001103031021031112020011300010112020301320302112120221231213022223332321102010232222303
30000001010102000001002010001103031021031112020011300010112020301320302112120221231213022223332321102010232222310
30000001010102000001002010001103031021031112020011300010112020301320302112120221231213022223332321102010232222311
30000001010102000001002010001103031021031112020011300010112020301320302112120221231213022223332321102010232222312
30000001010102000001002010001103031021031112020011300010112020301320302112120221231213022223332321102010232222313
300000010101020000010020100011030310210311120200113000101120203013203021121202212312130222233323211020102322223202
300000010101020000010020100011030310210311120200113000101120203013203021121202212312130222233323211020102322223203
30000001010102000001002010001103031021031112020011300010112020301320302112120221231213022223332321102010232222321
30000001010102000001002010001103031021031112020011300010112020301320302112120221231213022223332321102010232222322
30000001010102000001002010001103031021031112020011300010112020301320302112120221231213022223332321102010232222323
300000010101020000010020100011030310210311120200113000101120203013203021121202212312130222233323211020102322223303
30000001010102000001002010001103031021031112020011300010112020301320302112120221231213022223332321102010232222331
30000001010102000001002010001103031021031112020011300010112020301320302112120221231213022223332321102010232222332
30000001010102000001002010001103031021031112020011300010112020301320302112120221231213022223332321102010232222333
30000001010102000001002010001103031021031112020011300010112020301320302112120221231213022223332321102010232223
30000001010102000001002010001103031021031112020011300010112020301320302112120221231213022223332321103
3000000101010200000100201000110303102103111202001130001011202030132030211212022123121303
300000010101020000010020100011030310210311120200113000101120203013203021121203
