0001000020101030
000100002010103110120010001130202020
000100002010103110120010001130202021
000100002010103110120010001130202022302
000100002010103110120010001130202022303110
000100002010103110120010001130202022303111
000100002010103110120010001130202022303112
0001000020101031101200100011302020223031132111212030102121120
00010000201010311012001000113020202230311321112120301021211212
000100002010103110120010001130202022303113211121203010212112133103
0001000020101031101200100011302020223031132111212030102121121331131
00010000201010311012001000113020202230311321112120301021211213311322222232
00010000201010311012001000113020202230311321112120301021211213311322222233
0001000020101031101200100011302020223031132111212030102121121331132222230
0001000020101031101200100011302020223031132111212030102121121331132222231
0001000020101031101200100011302020223031132111212030102121121331132222232
0001000020101031101200100011302020223031132111212030102121121331132222233
0001000020101031101200100011302020223031132111212030102121121331132222302
000100002010103110120010001130202022303113211121203010212112133113222230312320
000100002010103110120010001130202022303113211121203010212112133113222230312321
000100002010103110120010001130202022303113211121203010212112133113222230312322
000100002010103110120010001130202022303113211121203010212112133113222230312323
000100002010103110120010001130202022303113211121203010212112133113222230312330
0001000020101031101200100011302020223031132111212030102121121331132222303123313
000100002010103110120010001130202022303113211121203010212112133113222230312332
000100002010103110120010001130202022303113211121203010212112133113222230312333
00010000201010311012001000113020202230311321112120301021211213311322223032
00010000201010311012001000113020202230311321112120301021211213311322223033
00010000201010311012001000113020202230311321112120301021211213311322233
000100002010103110120010001130202022303113211121203010212113
0001000020101031101200100011302020223031132111212030103
00010000201010311012001000113020202230311321112121
00010000201010311012001000113020202230311321112122
00010000201010311012001000113020202230311321112123
000100002010103110120010001130202022303113211121303
000100002010103110120010001130202022303113211121313
00010000201010311012001000113020202230311321112132
00010000201010311012001000113020202230311321112133
0001000020101031101200101
0001000020101031101200102
0001000020101031101200103
100000010102011012001000113020202030
100000010102011012001000113020202031
1000000101020110120010001130202020321
1000000101020110120010001130202020322302
1000000101020110120010001130202020322303110
1000000101020110120010001130202020322303111
1000000101020110120010001130202020322303112
10000001010201101200100011302020203223031132111212030102121120
100000010102011012001000113020202032230311321112120301021211212
1000000101020110120010001130202020322303113211121203010212112133103
10000001010201101200100011302020203223031132111212030102121121331131
100000010102011012001000113020202032230311321112120301021211213311322222233
10000001010201101200100011302020203223031132111212030102121121331132222230
10000001010201101200100011302020203223031132111212030102121121331132222231
10000001010201101200100011302020203223031132111212030102121121331132222232
10000001010201101200100011302020203223031132111212030102121121331132222233
10000001010201101200100011302020203223031132111212030102121121331132222302
1000000101020110120010001130202020322303113211121203010212112133113222230312320
1000000101020110120010001130202020322303113211121203010212112133113222230312321
1000000101020110120010001130202020322303113211121203010212112133113222230312322
1000000101020110120010001130202020322303113211121203010212112133113222230312323
1000000101020110120010001130202020322303113211121203010212112133113222230312330
10000001010201101200100011302020203223031132111212030102121121331132222303123313
1000000101020110120010001130202020322303113211121203010212112133113222230312332
1000000101020110120010001130202020322303113211121203010212112133113222230312333
100000010102011012001000113020202032230311321112120301021211213311322223032
100000010102011012001000113020202032230311321112120301021211213311322223033
100000010102011012001000113020202032230311321112120301021211213311322233
1000000101020110120010001130202020322303113211121203010212113
10000001010201101200100011302020203223031132111212030103
100000010102011012001000113020202032230311321112121
100000010102011012001000113020202032230311321112122
100000010102011012001000113020202032230311321112123
1000000101020110120010001130202020322303113211121303
1000000101020110120010001130202020322303113211121313
100000010102011012001000113020202032230311321112132
100000010102011012001000113020202032230311321112133
10000001010201101200101
10000001010201101200102
10000001010201101200103
20001000020101030
2000100002010103110120010001130202021
2000100002010103110120010001130202022302
2000100002010103110120010001130202022303110
2000100002010103110120010001130202022303111
2000100002010103110120010001130202022303112
20001000020101031101200100011302020223031132111212030102121120
200010000201010311012001000113020202230311321112120301021211212
2000100002010103110120010001130202022303113211121203010212112133103
20001000020101031101200100011302020223031132111212030102121121331131
200010000201010311012001000113020202230311321112120301021211213311322222232
200010000201010311012001000113020202230311321112120301021211213311322222233
20001000020101031101200100011302020223031132111212030102121121331132222230
20001000020101031101200100011302020223031132111212030102121121331132222231
20001000020101031101200100011302020223031132111212030102121121331132222232
20001000020101031101200100011302020223031132111212030102121121331132222233
20001000020101031101200100011302020223031132111212030102121121331132222302
2000100002010103110120010001130202022303113211121203010212112133113222230312320
2000100002010103110120010001130202022303113211121203010212112133113222230312321
2000100002010103110120010001130202022303113211121203010212112133113222230312322
2000100002010103110120010001130202022303113211121203010212112133113222230312323
2000100002010103110120010001130202022303113211121203010212112133113222230312330
20001000020101031101200100011302020223031132111212030102121121331132222303123313
2000100002010103110120010001130202022303113211121203010212112133113222230312332
2000100002010103110120010001130202022303113211121203010212112133113222230312333
200010000201010311012001000113020202230311321112120301021211213311322223032
200010000201010311012001000113020202230311321112120301021211213311322223033
200010000201010311012001000113020202230311321112120301021211213311322233
2000100002010103110120010001130202022303113211121203010212113
20001000020101031101200100011302020223031132111212030103
200010000201010311012001000113020202230311321112121
200010000201010311012001000113020202230311321112122
200010000201010311012001000113020202230311321112123
2000100002010103110120010001130202022303113211121303
2000100002010103110120010001130202022303113211121313
200010000201010311012001000113020202230311321112132
200010000201010311012001000113020202230311321112133
20001000020101031101200101
20001000020101031101200102
20001000020101031101200103
3000010001010202030
300001000101020203110120010001130202021
3000010001010202031101200100011302020223110
3000010001010202031101200100011302020223111
3000010001010202031101200100011302020223112
30000100010102020311012001000113020202231132111212030102121120
300001000101020203110120010001130202022311321112120301021211212
3000010001010202031101200100011302020223113211121203010212112133103
30000100010102020311012001000113020202231132111212030102121121331131
300001000101020203110120010001130202022311321112120301021211213311322222232
300001000101020203110120010001130202022311321112120301021211213311322222233
30000100010102020311012001000113020202231132111212030102121121331132222230
30000100010102020311012001000113020202231132111212030102121121331132222231
30000100010102020311012001000113020202231132111212030102121121331132222232
30000100010102020311012001000113020202231132111212030102121121331132222233
30000100010102020311012001000113020202231132111212030102121121331132222302
3000010001010202031101200100011302020223113211121203010212112133113222230312320
3000010001010202031101200100011302020223113211121203010212112133113222230312321
3000010001010202031101200100011302020223113211121203010212112133113222230312322
3000010001010202031101200100011302020223113211121203010212112133113222230312323
3000010001010202031101200100011302020223113211121203010212112133113222230312330
30000100010102020311012001000113020202231132111212030102121121331132222303123313
3000010001010202031101200100011302020223113211121203010212112133113222230312332
3000010001010202031101200100011302020223113211121203010212112133113222230312333
300001000101020203110120010001130202022311321112120301021211213311322223032
300001000101020203110120010001130202022311321112120301021211213311322223033
300001000101020203110120010001130202022311321112120301021211213311322233
3000010001010202031101200100011302020223113211121203010212113
30000100010102020311012001000113020202231132111212030103
300001000101020203110120010001130202022311321112121
300001000101020203110120010001130202022311321112122
300001000101020203110120010001130202022311321112123
3000010001010202031101200100011302020223113211121303
3000010001010202031101200100011302020223113211121313
300001000101020203110120010001130202022311321112132
300001000101020203110120010001130202022311321112133
3000010001010202031101200101
3000010001010202031101200102
3000010001010202031101200103
3000010001010203
