0000000000000010101001001000102010301010010102020110102020201110203021111030112020201111120
0000000000000010101001001000102010301010010102020110102020201110203021111030112020201111121221220202113022130
0000000000000010101001001000102010301010010102020110102020201110203021111030112020201111121221220202113022131
000000000000001010100100100010201030101001010202011010202020111020302111103011202020111112122122020211302213231230
000000000000001010100100100010201030101001010202011010202020111020302111103011202020111112122122020211302213231231
000000000000001010100100100010201030101001010202011010202020111020302111103011202020111112122122020211302213231232
0000000000000010101001001000102010301010010102020110102020201110203021111030112020201111121221220202113022132312333
0000000000000010101001001000102010301010010102020110102020201110203021111030112020201111121221220202113022132313
0000000000000010101001001000102010301010010102020110102020201110203021111030112020201111121221220202113022132322
0000000000000010101001001000102010301010010102020110102020201110203021111030112020201111121221220202113022132323
000000000000001010100100100010201030101001010202011010202020111020302111103011202020111112122122020211302213233
000000000000001010100100100010201030101001010202011010202020111020302111103011202020111112122122020211303
00000000000000101010010010001020103010100101020201101020202011102030211110301120202011111212212202021131030203030303010
00000000000000101010010010001020103010100101020201101020202011102030211110301120202011111212212202021131030203030303011320
00000000000000101010010010001020103010100101020201101020202011102030211110301120202011111212212202021131030203030303011321212212130
00000000000000101010010010001020103010100101020201101020202011102030211110301120202011111212212202021131030203030303011321212212131
00000000000000101010010010001020103010100101020201101020202011102030211110301120202011111212212202021131030203030303011321212212132
00000000000000101010010010001020103010100101020201101020202011102030211110301120202011111212212202021131030203030303011321212212133
00000000000000101010010010001020103010100101020201101020202011102030211110301120202011111212212202021131030203030303011321212212211
0000000000000010101001001000102010301010010102020110102020201110203021111030112020201111121221220202113103020303030301132121221221231220
00000000000000101010010010001020103010100101020201101020202011102030211110301120202011111212212202021131030203030303011321212212212312212
0000000000000010101001001000102010301010010102020110102020201110203021111030112020201111121221220202113103020303030301132121221221231221310
0000000000000010101001001000102010301010010102020110102020201110203021111030112020201111121221220202113103020303030301132121221221231221311
0000000000000010101001001000102010301010010102020110102020201110203021111030112020201111121221220202113103020303030301132121221221231221312
000000000000001010100100100010201030101001010202011010202020111020302111103011202020111112122122020211310302030303030113212122122123122131320221
0000000000000010101001001000102010301010010102020110102020201110203021111030112020201111121221220202113103020303030301132121221221231221313202220303
0000000000000010101001001000102010301010010102020110102020201110203021111030112020201111121221220202113103020303030301132121221221231221313202220313111221
0000000000000010101001001000102010301010010102020110102020201110203021111030112020201111121221220202113103020303030301132121221221231221313202220313111222
0000000000000010101001001000102010301010010102020110102020201110203021111030112020201111121221220202113103020303030301132121221221231221313202220313111223
0000000000000010101001001000102010301010010102020110102020201110203021111030112020201111121221220202113103020303030301132121221221231221313202220313111230
00000000000000101010010010001020103010100101020201101020202011102030211110301120202011111212212202021131030203030303011321212212212312213132022203131112312321330
0000000000000010101001001000102010301010010102020110102020201110203021111030112020201111121221220202113103020303030301132121221221231221313202220313111231232133130
00000000000000101010010010001020103010100101020201101020202011102030211110301120202011111212212202021131030203030303011321212212212312213132022203131112312321331313
0000000000000010101001001000102010301010010102020110102020201110203021111030112020201111121221220202113103020303030301132121221221231221313202220313111231232133132
00000000000000101010010010001020103010100101020201101020202011102030211110301120202011111212212202021131030203030303011321212212212312213132022203131112312321331330
00000000000000101010010010001020103010100101020201101020202011102030211110301120202011111212212202021131030203030303011321212212212312213132022203131112312321331331
00000000000000101010010010001020103010100101020201101020202011102030211110301120202011111212212202021131030203030303011321212212212312213132022203131112312321331332
00000000000000101010010010001020103010100101020201101020202011102030211110301120202011111212212202021131030203030303011321212212212312213132022203131112312321331333
000000000000001010100100100010201030101001010202011010202020111020302111103011202020111112122122020211310302030303030113212122122123122131320222031311123123213323
00000000000000101010010010001020103010100101020201101020202011102030211110301120202011111212212202021131030203030303011321212212212312213132022203131112312321333
000000000000001010100100100010201030101001010202011010202020111020302111103011202020111112122122020211310302030303030113212122122123122131320222031311123123223223
0000000000000010101001001000102010301010010102020110102020201110203021111030112020201111121221220202113103020303030301132121221221231221313202220313111231232232331
0000000000000010101001001000102010301010010102020110102020201110203021111030112020201111121221220202113103020303030301132121221221231221313202220313111231232232332
000000000000001010100100100010201030101001010202011010202020111020302111103011202020111112122122020211310302030303030113212122122123122131320222031311123123223233330
000000000000001010100100100010201030101001010202011010202020111020302111103011202020111112122122020211310302030303030113212122122123122131320222031311123123223233331
000000000000001010100100100010201030101001010202011010202020111020302111103011202020111112122122020211310302030303030113212122122123122131320222031311123123223233332
000000000000001010100100100010201030101001010202011010202020111020302111103011202020111112122122020211310302030303030113212122122123122131320222031311123123223233333
00000000000000101010010010001020103010100101020201101020202011102030211110301120202011111212212202021131030203030303011321212212212312213132022203131112312323
0000000000000010101001001000102010301010010102020110102020201110203021111030112020201111121221220202113103020303030301132121221221231221313202220313111231321
000000000000001010100100100010201030101001010202011010202020111020302111103011202020111112122122020211310302030303030113212122122123122131320222031311123132212
000000000000001010100100100010201030101001010202011010202020111020302111103011202020111112122122020211310302030303030113212122122123122131320222031311123132213
000000000000001010100100100010201030101001010202011010202020111020302111103011202020111112122122020211310302030303030113212122122123122131320222031311123132223
000000000000001010100100100010201030101001010202011010202020111020302111103011202020111112122122020211310302030303030113212122122123122131320222031311123132233
0000000000000010101001001000102010301010010102020110102020201110203021111030112020201111121221220202113103020303030301132121221221231221313202220313111231323
0000000000000010101001001000102010301010010102020110102020201110203021111030112020201111121221220202113103020303030301132121221221231221313202220313111231331
0000000000000010101001001000102010301010010102020110102020201110203021111030112020201111121221220202113103020303030301132121221221231221313202220313111231332
0000000000000010101001001000102010301010010102020110102020201110203021111030112020201111121221220202113103020303030301132121221221231221313202220313111231333
00000000000000101010010010001020103010100101020201101020202011102030211110301120202011111212212202021131030203030303011321212212212312213132022203131113
000000000000001010100100100010201030101001010202011010202020111020302111103011202020111112122122020211310302030303030113212122122123122131320222031312
000000000000001010100100100010201030101001010202011010202020111020302111103011202020111112122122020211310302030303030113212122122123122131320222031313
0000000000000010101001001000102010301010010102020110102020201110203021111030112020201111121221220202113103020303030301132121221221231221313203
00000000000000101010010010001020103010100101020201101020202011102030211110301120202011111212212202021131030203030303011321212212212313
00000000000000101010010010001020103010100101020201101020202011102030211110301120202011111212212202021131030203030303011321212212212321
00000000000000101010010010001020103010100101020201101020202011102030211110301120202011111212212202021131030203030303011321212212212322
00000000000000101010010010001020103010100101020201101020202011102030211110301120202011111212212202021131030203030303011321212212212323
00000000000000101010010010001020103010100101020201101020202011102030211110301120202011111212212202021131030203030303011321212212212331
00000000000000101010010010001020103010100101020201101020202011102030211110301120202011111212212202021131030203030303011321212212212332
00000000000000101010010010001020103010100101020201101020202011102030211110301120202011111212212202021131030203030303011321212212212333
0000000000000010101001001000102010301010010102020110102020201110203021111030112020201111121221220202113103020303030301132121222
0000000000000010101001001000102010301010010102020110102020201110203021111030112020201111121221220202113103020303030301132121223
0000000000000010101001001000102010301010010102020110102020201110203021111030112020201111121221220202113103020303030302
0000000000000010101001001000102010301010010102020110102020201110203021111030112020201111121221220202113103020303030303
000000000000001010100100100010201030101001010202011010202020111020302111103011202020111112122122020211310303
0000000000000010101001001000102010301010010102020110102020201110203021111030112020201111121221220203
00000000000000101010010010001020103010100101020201101020202011102030212
00000000000000101010010010001020103010100101020201101020202011102030213
000000000000001010100100100010201030101001010202011010202020111020303
0000000000000010101001001000102010301010010102020110102020202
0000000000000010101001001000102010301010010102020110102020203
000000000000001010100100100010201031
000000000000001010100100100010201032
000000000000001010100100100010201033
00000000000000101010010010001021
00000000000000101010010010001022
00000000000000101010010010001023
0000000000000011
0000000000000012
0000000000000013
001
002
003
2000000000000000101010100100100101020201101010100201110203021111030112020201020111112030202122020211213022130
2000000000000000101010100100100101020201101010100201110203021111030112020201020111112030202122020211213022131
200000000000000010101010010010010102020110101010020111020302111103011202020102011111203020212202021121302213231230
200000000000000010101010010010010102020110101010020111020302111103011202020102011111203020212202021121302213231231
200000000000000010101010010010010102020110101010020111020302111103011202020102011111203020212202021121302213231232
2000000000000000101010100100100101020201101010100201110203021111030112020201020111112030202122020211213022132312333
2000000000000000101010100100100101020201101010100201110203021111030112020201020111112030202122020211213022132313
2000000000000000101010100100100101020201101010100201110203021111030112020201020111112030202122020211213022132322
2000000000000000101010100100100101020201101010100201110203021111030112020201020111112030202122020211213022132323
200000000000000010101010010010010102020110101010020111020302111103011202020102011111203020212202021121302213233
200000000000000010101010010010010102020110101010020111020302111103011202020102011111203020212202021121303
20000000000000001010101001001001010202011010101002011102030211110301120202010201111120302021220202112131030203030303010
20000000000000001010101001001001010202011010101002011102030211110301120202010201111120302021220202112131030203030303011320
20000000000000001010101001001001010202011010101002011102030211110301120202010201111120302021220202112131030203030303011321212212130
20000000000000001010101001001001010202011010101002011102030211110301120202010201111120302021220202112131030203030303011321212212131
20000000000000001010101001001001010202011010101002011102030211110301120202010201111120302021220202112131030203030303011321212212132
20000000000000001010101001001001010202011010101002011102030211110301120202010201111120302021220202112131030203030303011321212212133
20000000000000001010101001001001010202011010101002011102030211110301120202010201111120302021220202112131030203030303011321212212211
2000000000000000101010100100100101020201101010100201110203021111030112020201020111112030202122020211213103020303030301132121221221231220
20000000000000001010101001001001010202011010101002011102030211110301120202010201111120302021220202112131030203030303011321212212212312212
2000000000000000101010100100100101020201101010100201110203021111030112020201020111112030202122020211213103020303030301132121221221231221310
2000000000000000101010100100100101020201101010100201110203021111030112020201020111112030202122020211213103020303030301132121221221231221311
2000000000000000101010100100100101020201101010100201110203021111030112020201020111112030202122020211213103020303030301132121221221231221312
200000000000000010101010010010010102020110101010020111020302111103011202020102011111203020212202021121310302030303030113212122122123122131320221
2000000000000000101010100100100101020201101010100201110203021111030112020201020111112030202122020211213103020303030301132121221221231221313202220303
2000000000000000101010100100100101020201101010100201110203021111030112020201020111112030202122020211213103020303030301132121221221231221313202220313111221
2000000000000000101010100100100101020201101010100201110203021111030112020201020111112030202122020211213103020303030301132121221221231221313202220313111222
2000000000000000101010100100100101020201101010100201110203021111030112020201020111112030202122020211213103020303030301132121221221231221313202220313111223
2000000000000000101010100100100101020201101010100201110203021111030112020201020111112030202122020211213103020303030301132121221221231221313202220313111230
20000000000000001010101001001001010202011010101002011102030211110301120202010201111120302021220202112131030203030303011321212212212312213132022203131112312321330
2000000000000000101010100100100101020201101010100201110203021111030112020201020111112030202122020211213103020303030301132121221221231221313202220313111231232133130
20000000000000001010101001001001010202011010101002011102030211110301120202010201111120302021220202112131030203030303011321212212212312213132022203131112312321331313
2000000000000000101010100100100101020201101010100201110203021111030112020201020111112030202122020211213103020303030301132121221221231221313202220313111231232133132
20000000000000001010101001001001010202011010101002011102030211110301120202010201111120302021220202112131030203030303011321212212212312213132022203131112312321331330
20000000000000001010101001001001010202011010101002011102030211110301120202010201111120302021220202112131030203030303011321212212212312213132022203131112312321331331
20000000000000001010101001001001010202011010101002011102030211110301120202010201111120302021220202112131030203030303011321212212212312213132022203131112312321331332
20000000000000001010101001001001010202011010101002011102030211110301120202010201111120302021220202112131030203030303011321212212212312213132022203131112312321331333
200000000000000010101010010010010102020110101010020111020302111103011202020102011111203020212202021121310302030303030113212122122123122131320222031311123123213323
20000000000000001010101001001001010202011010101002011102030211110301120202010201111120302021220202112131030203030303011321212212212312213132022203131112312321333
200000000000000010101010010010010102020110101010020111020302111103011202020102011111203020212202021121310302030303030113212122122123122131320222031311123123223223
2000000000000000101010100100100101020201101010100201110203021111030112020201020111112030202122020211213103020303030301132121221221231221313202220313111231232232331
2000000000000000101010100100100101020201101010100201110203021111030112020201020111112030202122020211213103020303030301132121221221231221313202220313111231232232332
200000000000000010101010010010010102020110101010020111020302111103011202020102011111203020212202021121310302030303030113212122122123122131320222031311123123223233330
200000000000000010101010010010010102020110101010020111020302111103011202020102011111203020212202021121310302030303030113212122122123122131320222031311123123223233331
200000000000000010101010010010010102020110101010020111020302111103011202020102011111203020212202021121310302030303030113212122122123122131320222031311123123223233332
200000000000000010101010010010010102020110101010020111020302111103011202020102011111203020212202021121310302030303030113212122122123122131320222031311123123223233333
20000000000000001010101001001001010202011010101002011102030211110301120202010201111120302021220202112131030203030303011321212212212312213132022203131112312323
2000000000000000101010100100100101020201101010100201110203021111030112020201020111112030202122020211213103020303030301132121221221231221313202220313111231321
200000000000000010101010010010010102020110101010020111020302111103011202020102011111203020212202021121310302030303030113212122122123122131320222031311123132212
200000000000000010101010010010010102020110101010020111020302111103011202020102011111203020212202021121310302030303030113212122122123122131320222031311123132213
200000000000000010101010010010010102020110101010020111020302111103011202020102011111203020212202021121310302030303030113212122122123122131320222031311123132222
200000000000000010101010010010010102020110101010020111020302111103011202020102011111203020212202021121310302030303030113212122122123122131320222031311123132223
200000000000000010101010010010010102020110101010020111020302111103011202020102011111203020212202021121310302030303030113212122122123122131320222031311123132233
2000000000000000101010100100100101020201101010100201110203021111030112020201020111112030202122020211213103020303030301132121221221231221313202220313111231323
2000000000000000101010100100100101020201101010100201110203021111030112020201020111112030202122020211213103020303030301132121221221231221313202220313111231331
2000000000000000101010100100100101020201101010100201110203021111030112020201020111112030202122020211213103020303030301132121221221231221313202220313111231332
2000000000000000101010100100100101020201101010100201110203021111030112020201020111112030202122020211213103020303030301132121221221231221313202220313111231333
20000000000000001010101001001001010202011010101002011102030211110301120202010201111120302021220202112131030203030303011321212212212312213132022203131113
200000000000000010101010010010010102020110101010020111020302111103011202020102011111203020212202021121310302030303030113212122122123122131320222031312
200000000000000010101010010010010102020110101010020111020302111103011202020102011111203020212202021121310302030303030113212122122123122131320222031313
2000000000000000101010100100100101020201101010100201110203021111030112020201020111112030202122020211213103020303030301132121221221231221313203
20000000000000001010101001001001010202011010101002011102030211110301120202010201111120302021220202112131030203030303011321212212212313
20000000000000001010101001001001010202011010101002011102030211110301120202010201111120302021220202112131030203030303011321212212212321
20000000000000001010101001001001010202011010101002011102030211110301120202010201111120302021220202112131030203030303011321212212212322
20000000000000001010101001001001010202011010101002011102030211110301120202010201111120302021220202112131030203030303011321212212212323
20000000000000001010101001001001010202011010101002011102030211110301120202010201111120302021220202112131030203030303011321212212212331
20000000000000001010101001001001010202011010101002011102030211110301120202010201111120302021220202112131030203030303011321212212212332
20000000000000001010101001001001010202011010101002011102030211110301120202010201111120302021220202112131030203030303011321212212212333
2000000000000000101010100100100101020201101010100201110203021111030112020201020111112030202122020211213103020303030301132121222
2000000000000000101010100100100101020201101010100201110203021111030112020201020111112030202122020211213103020303030301132121223
2000000000000000101010100100100101020201101010100201110203021111030112020201020111112030202122020211213103020303030302
2000000000000000101010100100100101020201101010100201110203021111030112020201020111112030202122020211213103020303030303
200000000000000010101010010010010102020110101010020111020302111103011202020102011111203020212202021121310303
20000000000000001010101001001001010202011010101002011102030211110301120202010201111120302021220203
2000000000000000101010100100100101020201101010100201110203021111030112020201020111112031
2000000000000000101010100100100101020201101010100201110203021111030112020201020111112032
2000000000000000101010100100100101020201101010100201110203021111030112020201020111112033
2000000000000000101010100100100101020201101010100201110203021111030112020201021
2000000000000000101010100100100101020201101010100201110203021111030112020201022
2000000000000000101010100100100101020201101010100201110203021111030112020201023
20000000000000001010101001001001010202011010101002011102030212
20000000000000001010101001001001010202011010101002011102030213
200000000000000010101010010010010102020110101010020111020303
2000000000000000101010100100100101020201101010100202
2000000000000000101010100100100101020201101010100203
20000000000000001011
20000000000000001012
20000000000000001013
200000000000001
200000000000002
200000000000003
100000000000000010001010101001101010100101020201110202011112020103020203021111030112020201121302020211
1000000000000000100010101010011010101001010202011102020111120201030202030211110301120202011213020202121222130
1000000000000000100010101010011010101001010202011102020111120201030202030211110301120202011213020202121222131
100000000000000010001010101001101010100101020201110202011112020103020203021111030112020201121302020212122213231330
100000000000000010001010101001101010100101020201110202011112020103020203021111030112020201121302020212122213231331
10000000000000001000101010100110101010010102020111020201111202010302020302111103011202020112130202021212221323133233
1000000000000000100010101010011010101001010202011102020111120201030202030211110301120202011213020202121222132322
1000000000000000100010101010011010101001010202011102020111120201030202030211110301120202011213020202121222132323
100000000000000010001010101001101010100101020201110202011112020103020203021111030112020201121302020212122213233
1000000000000000100010101010011010101001010202011102020111120201030202030211110301120202011213020203
100000000000000010001010101001101010100101020201110202011112020103020203021111030112020201121302021131030203030303010
100000000000000010001010101001101010100101020201110202011112020103020203021111030112020201121302021131030203030303011
100000000000000010001010101001101010100101020201110202011112020103020203021111030112020201121302021131030203030303012212121231220
100000000000000010001010101001101010100101020201110202011112020103020203021111030112020201121302021131030203030303012212121231221310
100000000000000010001010101001101010100101020201110202011112020103020203021111030112020201121302021131030203030303012212121231221311
100000000000000010001010101001101010100101020201110202011112020103020203021111030112020201121302021131030203030303012212121231221312
10000000000000001000101010100110101010010102020111020201111202010302020302111103011202020112130202113103020303030301221212123122131320221
100000000000000010001010101001101010100101020201110202011112020103020203021111030112020201121302021131030203030303012212121231221313202220303
100000000000000010001010101001101010100101020201110202011112020103020203021111030112020201121302021131030203030303012212121231221313202220313111221
100000000000000010001010101001101010100101020201110202011112020103020203021111030112020201121302021131030203030303012212121231221313202220313111222
100000000000000010001010101001101010100101020201110202011112020103020203021111030112020201121302021131030203030303012212121231221313202220313111223
1000000000000000100010101010011010101001010202011102020111120201030202030211110301120202011213020211310302030303030122121212312213132022203131112303
1000000000000000100010101010011010101001010202011102020111120201030202030211110301120202011213020211310302030303030122121212312213132022203131112312230
1000000000000000100010101010011010101001010202011102020111120201030202030211110301120202011213020211310302030303030122121212312213132022203131112312231330
100000000000000010001010101001101010100101020201110202011112020103020203021111030112020201121302021131030203030303012212121231221313202220313111231223133132
1000000000000000100010101010011010101001010202011102020111120201030202030211110301120202011213020211310302030303030122121212312213132022203131112312231331330
1000000000000000100010101010011010101001010202011102020111120201030202030211110301120202011213020211310302030303030122121212312213132022203131112312231331331
1000000000000000100010101010011010101001010202011102020111120201030202030211110301120202011213020211310302030303030122121212312213132022203131112312231331332
1000000000000000100010101010011010101001010202011102020111120201030202030211110301120202011213020211310302030303030122121212312213132022203131112312231331333
10000000000000001000101010100110101010010102020111020201111202010302020302111103011202020112130202113103020303030301221212123122131320222031311123122313323
10000000000000001000101010100110101010010102020111020201111202010302020302111103011202020112130202113103020303030301221212123122131320222031311123122313330
10000000000000001000101010100110101010010102020111020201111202010302020302111103011202020112130202113103020303030301221212123122131320222031311123122313331
10000000000000001000101010100110101010010102020111020201111202010302020302111103011202020112130202113103020303030301221212123122131320222031311123122313332
10000000000000001000101010100110101010010102020111020201111202010302020302111103011202020112130202113103020303030301221212123122131320222031311123122313333
10000000000000001000101010100110101010010102020111020201111202010302020302111103011202020112130202113103020303030301221212123122131320222031311123123212
10000000000000001000101010100110101010010102020111020201111202010302020302111103011202020112130202113103020303030301221212123122131320222031311123123213
1000000000000000100010101010011010101001010202011102020111120201030202030211110301120202011213020211310302030303030122121212312213132022203131112312322320
10000000000000001000101010100110101010010102020111020201111202010302020302111103011202020112130202113103020303030301221212123122131320222031311123123223213
1000000000000000100010101010011010101001010202011102020111120201030202030211110301120202011213020211310302030303030122121212312213132022203131112312322322
100000000000000010001010101001101010100101020201110202011112020103020203021111030112020201121302021131030203030303012212121231221313202220313111231232232331
100000000000000010001010101001101010100101020201110202011112020103020203021111030112020201121302021131030203030303012212121231221313202220313111231232232332
10000000000000001000101010100110101010010102020111020201111202010302020302111103011202020112130202113103020303030301221212123122131320222031311123123223233330
10000000000000001000101010100110101010010102020111020201111202010302020302111103011202020112130202113103020303030301221212123122131320222031311123123223233331
10000000000000001000101010100110101010010102020111020201111202010302020302111103011202020112130202113103020303030301221212123122131320222031311123123223233332
10000000000000001000101010100110101010010102020111020201111202010302020302111103011202020112130202113103020303030301221212123122131320222031311123123223233333
1000000000000000100010101010011010101001010202011102020111120201030202030211110301120202011213020211310302030303030122121212312213132022203131112312323
100000000000000010001010101001101010100101020201110202011112020103020203021111030112020201121302021131030203030303012212121231221313202220313111231321
10000000000000001000101010100110101010010102020111020201111202010302020302111103011202020112130202113103020303030301221212123122131320222031311123132212
10000000000000001000101010100110101010010102020111020201111202010302020302111103011202020112130202113103020303030301221212123122131320222031311123132213
10000000000000001000101010100110101010010102020111020201111202010302020302111103011202020112130202113103020303030301221212123122131320222031311123132222
10000000000000001000101010100110101010010102020111020201111202010302020302111103011202020112130202113103020303030301221212123122131320222031311123132223
10000000000000001000101010100110101010010102020111020201111202010302020302111103011202020112130202113103020303030301221212123122131320222031311123132232
10000000000000001000101010100110101010010102020111020201111202010302020302111103011202020112130202113103020303030301221212123122131320222031311123132233
100000000000000010001010101001101010100101020201110202011112020103020203021111030112020201121302021131030203030303012212121231221313202220313111231323
100000000000000010001010101001101010100101020201110202011112020103020203021111030112020201121302021131030203030303012212121231221313202220313111231331
100000000000000010001010101001101010100101020201110202011112020103020203021111030112020201121302021131030203030303012212121231221313202220313111231332
100000000000000010001010101001101010100101020201110202011112020103020203021111030112020201121302021131030203030303012212121231221313202220313111231333
1000000000000000100010101010011010101001010202011102020111120201030202030211110301120202011213020211310302030303030122121212312213132022203131113
10000000000000001000101010100110101010010102020111020201111202010302020302111103011202020112130202113103020303030301221212123122131320222031312
10000000000000001000101010100110101010010102020111020201111202010302020302111103011202020112130202113103020303030301221212123122131320222031313
100000000000000010001010101001101010100101020201110202011112020103020203021111030112020201121302021131030203030303012212121231221313203
1000000000000000100010101010011010101001010202011102020111120201030202030211110301120202011213020211310302030303030122121212313
1000000000000000100010101010011010101001010202011102020111120201030202030211110301120202011213020211310302030303030122121212321
1000000000000000100010101010011010101001010202011102020111120201030202030211110301120202011213020211310302030303030122121212322
1000000000000000100010101010011010101001010202011102020111120201030202030211110301120202011213020211310302030303030122121212323
1000000000000000100010101010011010101001010202011102020111120201030202030211110301120202011213020211310302030303030122121212331
1000000000000000100010101010011010101001010202011102020111120201030202030211110301120202011213020211310302030303030122121212332
1000000000000000100010101010011010101001010202011102020111120201030202030211110301120202011213020211310302030303030122121212333
10000000000000001000101010100110101010010102020111020201111202010302020302111103011202020112130202113103020303030301222
10000000000000001000101010100110101010010102020111020201111202010302020302111103011202020112130202113103020303030301223
10000000000000001000101010100110101010010102020111020201111202010302020302111103011202020112130202113103020303030302
10000000000000001000101010100110101010010102020111020201111202010302020302111103011202020112130202113103020303030303
1000000000000000100010101010011010101001010202011102020111120201030202030211110301120202011213020211310303
1000000000000000100010101010011010101001010202011102020111120201030202030212
1000000000000000100010101010011010101001010202011102020111120201030202030213
10000000000000001000101010100110101010010102020111020201111202010302020303
1000000000000000100010101010011010101001010202011102020111120201031
1000000000000000100010101010011010101001010202011102020111120201032
1000000000000000100010101010011010101001010202011102020111120201033
100000000000000010001010101001101010100101020201110202011112021
100000000000000010001010101001101010100101020201110202011112022
100000000000000010001010101001101010100101020201110202011112023
10000000000000001000101010100110101010010102020111020202
10000000000000001000101010100110101010010102020111020203
100000000000000010001011
100000000000000010001012
100000000000000010001013
1000000000001
1000000000002
1000000000003
30000000000000001010101001001001010202011010101002011102030211110301120202010201111120302020
3000000000000000101010100100100101020201101010100201110203021111030112020201020111112030202122020211213022131
300000000000000010101010010010010102020110101010020111020302111103011202020102011111203020212202021121302213231230
300000000000000010101010010010010102020110101010020111020302111103011202020102011111203020212202021121302213231231
300000000000000010101010010010010102020110101010020111020302111103011202020102011111203020212202021121302213231232
3000000000000000101010100100100101020201101010100201110203021111030112020201020111112030202122020211213022132312333
3000000000000000101010100100100101020201101010100201110203021111030112020201020111112030202122020211213022132313
3000000000000000101010100100100101020201101010100201110203021111030112020201020111112030202122020211213022132322
3000000000000000101010100100100101020201101010100201110203021111030112020201020111112030202122020211213022132323
300000000000000010101010010010010102020110101010020111020302111103011202020102011111203020212202021121302213233
300000000000000010101010010010010102020110101010020111020302111103011202020102011111203020212202021121303
30000000000000001010101001001001010202011010101002011102030211110301120202010201111120302021220202112131030203030303010
30000000000000001010101001001001010202011010101002011102030211110301120202010201111120302021220202112131030203030303011320
30000000000000001010101001001001010202011010101002011102030211110301120202010201111120302021220202112131030203030303011321212212130
30000000000000001010101001001001010202011010101002011102030211110301120202010201111120302021220202112131030203030303011321212212131
30000000000000001010101001001001010202011010101002011102030211110301120202010201111120302021220202112131030203030303011321212212132
30000000000000001010101001001001010202011010101002011102030211110301120202010201111120302021220202112131030203030303011321212212133
30000000000000001010101001001001010202011010101002011102030211110301120202010201111120302021220202112131030203030303011321212212211
3000000000000000101010100100100101020201101010100201110203021111030112020201020111112030202122020211213103020303030301132121221221231220
30000000000000001010101001001001010202011010101002011102030211110301120202010201111120302021220202112131030203030303011321212212212312212
3000000000000000101010100100100101020201101010100201110203021111030112020201020111112030202122020211213103020303030301132121221221231221310
3000000000000000101010100100100101020201101010100201110203021111030112020201020111112030202122020211213103020303030301132121221221231221311
3000000000000000101010100100100101020201101010100201110203021111030112020201020111112030202122020211213103020303030301132121221221231221312
300000000000000010101010010010010102020110101010020111020302111103011202020102011111203020212202021121310302030303030113212122122123122131320221
3000000000000000101010100100100101020201101010100201110203021111030112020201020111112030202122020211213103020303030301132121221221231221313202220303
3000000000000000101010100100100101020201101010100201110203021111030112020201020111112030202122020211213103020303030301132121221221231221313202220313111221
3000000000000000101010100100100101020201101010100201110203021111030112020201020111112030202122020211213103020303030301132121221221231221313202220313111222
3000000000000000101010100100100101020201101010100201110203021111030112020201020111112030202122020211213103020303030301132121221221231221313202220313111223
3000000000000000101010100100100101020201101010100201110203021111030112020201020111112030202122020211213103020303030301132121221221231221313202220313111230
30000000000000001010101001001001010202011010101002011102030211110301120202010201111120302021220202112131030203030303011321212212212312213132022203131112312321330
3000000000000000101010100100100101020201101010100201110203021111030112020201020111112030202122020211213103020303030301132121221221231221313202220313111231232133130
30000000000000001010101001001001010202011010101002011102030211110301120202010201111120302021220202112131030203030303011321212212212312213132022203131112312321331313
3000000000000000101010100100100101020201101010100201110203021111030112020201020111112030202122020211213103020303030301132121221221231221313202220313111231232133132
30000000000000001010101001001001010202011010101002011102030211110301120202010201111120302021220202112131030203030303011321212212212312213132022203131112312321331330
30000000000000001010101001001001010202011010101002011102030211110301120202010201111120302021220202112131030203030303011321212212212312213132022203131112312321331331
30000000000000001010101001001001010202011010101002011102030211110301120202010201111120302021220202112131030203030303011321212212212312213132022203131112312321331332
30000000000000001010101001001001010202011010101002011102030211110301120202010201111120302021220202112131030203030303011321212212212312213132022203131112312321331333
300000000000000010101010010010010102020110101010020111020302111103011202020102011111203020212202021121310302030303030113212122122123122131320222031311123123213323
30000000000000001010101001001001010202011010101002011102030211110301120202010201111120302021220202112131030203030303011321212212212312213132022203131112312321333
300000000000000010101010010010010102020110101010020111020302111103011202020102011111203020212202021121310302030303030113212122122123122131320222031311123123223223
3000000000000000101010100100100101020201101010100201110203021111030112020201020111112030202122020211213103020303030301132121221221231221313202220313111231232232331
3000000000000000101010100100100101020201101010100201110203021111030112020201020111112030202122020211213103020303030301132121221221231221313202220313111231232232332
300000000000000010101010010010010102020110101010020111020302111103011202020102011111203020212202021121310302030303030113212122122123122131320222031311123123223233330
300000000000000010101010010010010102020110101010020111020302111103011202020102011111203020212202021121310302030303030113212122122123122131320222031311123123223233331
300000000000000010101010010010010102020110101010020111020302111103011202020102011111203020212202021121310302030303030113212122122123122131320222031311123123223233332
300000000000000010101010010010010102020110101010020111020302111103011202020102011111203020212202021121310302030303030113212122122123122131320222031311123123223233333
30000000000000001010101001001001010202011010101002011102030211110301120202010201111120302021220202112131030203030303011321212212212312213132022203131112312323
3000000000000000101010100100100101020201101010100201110203021111030112020201020111112030202122020211213103020303030301132121221221231221313202220313111231321
300000000000000010101010010010010102020110101010020111020302111103011202020102011111203020212202021121310302030303030113212122122123122131320222031311123132212
300000000000000010101010010010010102020110101010020111020302111103011202020102011111203020212202021121310302030303030113212122122123122131320222031311123132213
300000000000000010101010010010010102020110101010020111020302111103011202020102011111203020212202021121310302030303030113212122122123122131320222031311123132222
300000000000000010101010010010010102020110101010020111020302111103011202020102011111203020212202021121310302030303030113212122122123122131320222031311123132223
300000000000000010101010010010010102020110101010020111020302111103011202020102011111203020212202021121310302030303030113212122122123122131320222031311123132233
3000000000000000101010100100100101020201101010100201110203021111030112020201020111112030202122020211213103020303030301132121221221231221313202220313111231323
3000000000000000101010100100100101020201101010100201110203021111030112020201020111112030202122020211213103020303030301132121221221231221313202220313111231331
3000000000000000101010100100100101020201101010100201110203021111030112020201020111112030202122020211213103020303030301132121221221231221313202220313111231332
3000000000000000101010100100100101020201101010100201110203021111030112020201020111112030202122020211213103020303030301132121221221231221313202220313111231333
30000000000000001010101001001001010202011010101002011102030211110301120202010201111120302021220202112131030203030303011321212212212312213132022203131113
300000000000000010101010010010010102020110101010020111020302111103011202020102011111203020212202021121310302030303030113212122122123122131320222031312
300000000000000010101010010010010102020110101010020111020302111103011202020102011111203020212202021121310302030303030113212122122123122131320222031313
3000000000000000101010100100100101020201101010100201110203021111030112020201020111112030202122020211213103020303030301132121221221231221313203
30000000000000001010101001001001010202011010101002011102030211110301120202010201111120302021220202112131030203030303011321212212212313
30000000000000001010101001001001010202011010101002011102030211110301120202010201111120302021220202112131030203030303011321212212212321
30000000000000001010101001001001010202011010101002011102030211110301120202010201111120302021220202112131030203030303011321212212212322
30000000000000001010101001001001010202011010101002011102030211110301120202010201111120302021220202112131030203030303011321212212212323
30000000000000001010101001001001010202011010101002011102030211110301120202010201111120302021220202112131030203030303011321212212212331
30000000000000001010101001001001010202011010101002011102030211110301120202010201111120302021220202112131030203030303011321212212212332
30000000000000001010101001001001010202011010101002011102030211110301120202010201111120302021220202112131030203030303011321212212212333
3000000000000000101010100100100101020201101010100201110203021111030112020201020111112030202122020211213103020303030301132121222
3000000000000000101010100100100101020201101010100201110203021111030112020201020111112030202122020211213103020303030301132121223
3000000000000000101010100100100101020201101010100201110203021111030112020201020111112030202122020211213103020303030302
3000000000000000101010100100100101020201101010100201110203021111030112020201020111112030202122020211213103020303030303
300000000000000010101010010010010102020110101010020111020302111103011202020102011111203020212202021121310303
30000000000000001010101001001001010202011010101002011102030211110301120202010201111120302021220203
3000000000000000101010100100100101020201101010100201110203021111030112020201020111112031
3000000000000000101010100100100101020201101010100201110203021111030112020201020111112032
3000000000000000101010100100100101020201101010100201110203021111030112020201020111112033
3000000000000000101010100100100101020201101010100201110203021111030112020201021
3000000000000000101010100100100101020201101010100201110203021111030112020201022
3000000000000000101010100100100101020201101010100201110203021111030112020201023
30000000000000001010101001001001010202011010101002011102030212
30000000000000001010101001001001010202011010101002011102030213
300000000000000010101010010010010102020110101010020111020303
3000000000000000101010100100100101020201101010100202
3000000000000000101010100100100101020201101010100203
30000000000000001011
30000000000000001012
30000000000000001013
300000000000001
300000000000002
300000000000003
