0 1 13 10 3 13 5 6 1 10 10 5 0 9 6 13 11 8 9 5 0 11 6 11 12 6 5 7 11 10 5
0 1 13 10 3 13 5 6 1 10 10 5 0 9 6 13 11 8 9 5 0 11 6 11 12 6 5 7 9 1 0 6
0 1 13 10 3 13 5 6 1 10 10 5 0 9 6 13 11 8 9 5 0 11 6 11 12 6 5 7 9 1 6
0 1 13 10 3 13 5 6 1 10 10 5 0 9 6 13 11 8 9 5 0 11 6 11 12 6 5 7 9 9
0 1 13 10 3 13 5 6 1 10 10 5 0 9 6 13 11 8 9 5 0 11 6 11 12 6 5 7 13 4 8 12 9
0 1 13 10 3 13 5 6 1 10 10 5 0 9 6 13 11 8 9 5 0 11 6 11 12 6 5 7 13 4 8 12 13
0 1 13 10 3 13 5 6 1 10 10 5 0 9 6 13 11 8 9 5 0 11 6 11 12 6 5 7 13 4 8 6
0 1 13 10 3 13 5 6 1 10 10 5 0 9 6 13 11 8 9 5 0 11 6 11 12 6 5 7 13 4 8 13
0 1 13 10 3 13 5 6 1 10 10 5 0 9 6 13 11 8 9 5 0 11 6 11 12 6 5 7 13 4 12
0 1 13 10 3 13 5 6 1 10 10 5 0 9 6 13 11 8 9 5 0 11 6 11 12 6 5 7 13 4 6
0 1 13 10 3 13 5 6 1 10 10 5 0 9 6 13 11 8 9 5 0 11 6 11 12 6 5 7 2 2 9
0 1 13 10 3 13 5 6 1 10 10 5 0 9 6 13 11 8 9 5 0 11 6 11 12 6 5 7 2 2 13
0 1 13 10 3 13 5 6 1 10 10 5 0 9 6 13 11 8 9 5 0 11 6 11 12 6 5 7 2 2 5
0 1 13 10 3 4
0 1 13 10 3 12
0 1 13 10 3 3
