000000000
010000
020
030
0010
00200000
0030
00010
00020
0003000
0000100
000020
000030
0000010
0000020
0000030
00000010
00000020
00000030
000000010
000000020
000000030
0000000010
0000000020
0000000030
0110
0120
01300
01010
01020
01030
010010
010020
010030
010001
010002
010003
021
022
023
031
032
033
0011
0012
0013
00210
00220
00230
002010
002020
002030
0020010
0020020
0020030
00200010
00200020
00200030
00200001
00200002
00200003
0031
0032
0033
00011
00012
00013
00021
00022
00023
000310
000320
000330
0003010
0003020
0003030
0003001
0003002
0003003
0000110
0000120
00001300
0000101
0000102
0000103
000021
000022
000023
000031
000032
000033
0000011
0000012
0000013
0000021
0000022
0000023
0000031
0000032
0000033
00000011
00000012
00000013
00000021
00000022
00000023
00000031
00000032
00000033
000000011
000000012
000000013
000000021
000000022
000000023
000000031
000000032
000000033
0000000011
0000000012
0000000013
0000000021
0000000022
0000000023
0000000031
0000000032
0000000033
0111
0112
0113
0121
0122
0123
01310
01320
01330
01301
01302
01303
01011
01012
01013
01021
01022
01023
01031
01032
01033
010011
010012
010013
010021
010022
010023
010031
010032
010033
00211
00212
00213
00221
00222
00223
00231
00232
00233
002011
002012
002013
002021
002022
002023
002031
002032
002033
0020011
0020012
0020013
0020021
0020022
0020023
0020031
0020032
0020033
00200011
00200012
00200013
00200021
00200022
00200023
00200031
00200032
00200033
000311
000312
000313
000321
000322
000323
000331
000332
000333
0003011
0003012
0003013
0003021
0003022
0003023
0003031
0003032
0003033
0000111
0000112
0000113
0000121
0000122
0000123
00001310
00001320
00001330
00001301
00001302
00001303
01311
01312
01313
01321
01322
01323
01331
01332
01333
00001311
00001312
00001313
00001321
00001322
00001323
00001331
00001332
00001333
200000000000000
210
220
2300
2010
20200
2030
20010
20020
20030
200010
20002000
200030
2000010
2000020
2000030
20000010
20000020
20000030
200000010
20000002
200000030
2000000010
2000000020
2000000030
20000000010
20000000020
20000000030
200000000010
200000000020
2000000000300
20000000000100
2000000000020
2000000000030
20000000000010
20000000000020
20000000000030
200000000000010
200000000000020
200000000000030
200000000000001
200000000000002
200000000000003
211
212
213
221
222
223
2310
2320
2330
2301
2302
2303
2011
2012
2013
20210
20220
20230
20201
20202
20203
2031
2032
2033
20011
20012
20013
20021
20022
20023
20031
20032
20033
200011
200012
200013
2000210
2000220
2000230
20002010
20002020
20002030
20002001
20002002
20002003
200031
200032
200033
2000011
2000012
2000013
2000021
2000022
2000023
2000031
2000032
2000033
20000011
20000012
20000013
20000021
20000022
20000023
20000031
20000032
20000033
200000011
200000012
200000013
200000031
200000032
200000033
2000000011
2000000012
2000000013
2000000021
2000000022
2000000023
2000000031
2000000032
2000000033
20000000011
20000000012
20000000013
20000000021
20000000022
20000000023
20000000031
20000000032
20000000033
200000000011
200000000012
200000000013
200000000021
200000000022
200000000023
2000000000310
2000000000320
2000000000330
2000000000301
2000000000302
2000000000303
20000000000110
20000000000120
200000000001300
20000000000101
20000000000102
20000000000103
2000000000021
2000000000022
2000000000023
2000000000031
2000000000032
2000000000033
20000000000011
20000000000012
20000000000013
20000000000021
20000000000022
20000000000023
20000000000031
20000000000032
20000000000033
200000000000011
200000000000012
200000000000013
200000000000021
200000000000022
200000000000023
200000000000031
200000000000032
200000000000033
2311
2312
2313
2321
2322
2323
2331
2332
2333
20211
20212
20213
20221
20222
20223
20231
20232
20233
2000211
2000212
2000213
2000221
2000222
2000223
2000231
2000232
2000233
20002011
20002012
20002013
20002021
20002022
20002023
20002031
20002032
20002033
2000000000311
2000000000312
2000000000313
2000000000321
2000000000322
2000000000323
2000000000331
2000000000332
2000000000333
20000000000111
20000000000112
20000000000113
20000000000121
20000000000122
20000000000123
200000000001310
200000000001320
200000000001330
200000000001301
200000000001302
200000000001303
200000000001311
200000000001312
200000000001313
200000000001321
200000000001322
200000000001323
200000000001331
200000000001332
200000000001333
10000000000000
110
12000
130
1010
1020
1030
10010
1002000
10030
100010
100020
100030
1000010
1000020
1000030
1000001
10000020
10000030
100000010
100000020
100000030
1000000010
1000000020
1000000030
10000000010
10000000020
1000000003000
1000000000100
100000000020
100000000030
1000000000010
1000000000020
1000000000030
10000000000010
10000000000020
10000000000030
10000000000001
10000000000002
10000000000003
111
112
113
1210
1220
1230
12010
12020
12030
12001
12002
12003
131
132
133
1011
1012
1013
1021
1022
1023
1031
1032
1033
10011
10012
10013
100210
100220
100230
1002010
1002020
1002030
1002001
1002002
1002003
10031
10032
10033
100011
100012
100013
100021
100022
100023
100031
100032
100033
1000011
1000012
1000013
1000021
1000022
1000023
1000031
1000032
1000033
10000021
10000022
10000023
10000031
10000032
10000033
100000011
100000012
100000013
100000021
100000022
100000023
100000031
100000032
100000033
1000000011
1000000012
1000000013
1000000021
1000000022
1000000023
1000000031
1000000032
1000000033
10000000011
10000000012
10000000013
10000000021
10000000022
10000000023
100000000310
100000000320
100000000330
1000000003010
1000000003020
1000000003030
1000000003001
1000000003002
1000000003003
1000000000110
1000000000120
10000000001300
1000000000101
1000000000102
1000000000103
100000000021
100000000022
100000000023
100000000031
100000000032
100000000033
1000000000011
1000000000012
1000000000013
1000000000021
1000000000022
1000000000023
1000000000031
1000000000032
1000000000033
10000000000011
10000000000012
10000000000013
10000000000021
10000000000022
10000000000023
10000000000031
10000000000032
10000000000033
1211
1212
1213
1221
1222
1223
1231
1232
1233
12011
12012
12013
12021
12022
12023
12031
12032
12033
100211
100212
100213
100221
100222
100223
100231
100232
100233
1002011
1002012
1002013
1002021
1002022
1002023
1002031
1002032
1002033
100000000311
100000000312
100000000313
100000000321
100000000322
100000000323
100000000331
100000000332
100000000333
1000000003011
1000000003012
1000000003013
1000000003021
1000000003022
1000000003023
1000000003031
1000000003032
1000000003033
1000000000111
1000000000112
1000000000113
1000000000121
1000000000122
1000000000123
10000000001310
10000000001320
10000000001330
10000000001301
10000000001302
10000000001303
10000000001311
10000000001312
10000000001313
10000000001321
10000000001322
10000000001323
10000000001331
10000000001332
10000000001333
3000000000
310
320000000
330
3010
3020
303000
300100
30020
30030
300010
300020
300030
3000010
3000020
3000030
30000010
30000020
30000030
300000010
300000020
30000003
30000000100
3000000020
3000000030
3000000001
3000000002
3000000003
311
312
313
3210
3220
3230
32010
32020
32030
320010
320020
320030
3200010
3200020
3200030
32000010
320000200
32000030
320000010
320000020
320000030
320000001
320000002
320000003
331
332
333
3011
3012
3013
3021
3022
3023
30310
30320
30330
303010
303020
303030
303001
303002
303003
300110
300120
3001300
300101
300102
300103
30021
30022
30023
30031
30032
30033
300011
300012
300013
300021
300022
300023
300031
300032
300033
3000011
3000012
3000013
3000021
3000022
3000023
3000031
3000032
3000033
30000011
30000012
30000013
30000021
30000022
30000023
30000031
30000032
30000033
300000011
300000012
300000013
300000021
300000022
300000023
30000000110
30000000120
30000000130
30000000101
30000000102
30000000103
3000000021
3000000022
3000000023
3000000031
3000000032
3000000033
3211
3212
3213
3221
3222
3223
3231
3232
3233
32011
32012
32013
32021
32022
32023
32031
32032
32033
320011
320012
320013
320021
320022
320023
320031
320032
320033
3200011
3200012
3200013
3200021
3200022
3200023
3200031
3200032
3200033
32000011
32000012
32000013
320000210
320000220
320000230
320000201
320000202
320000203
32000031
32000032
32000033
320000011
320000012
320000013
320000021
320000022
320000023
320000031
320000032
320000033
30311
30312
30313
30321
30322
30323
30331
30332
30333
303011
303012
303013
303021
303022
303023
303031
303032
303033
300111
300112
300113
300121
300122
300123
3001310
3001320
3001330
3001301
3001302
3001303
30000000111
30000000112
30000000113
30000000121
30000000122
30000000123
30000000131
30000000132
30000000133
320000211
320000212
320000213
320000221
320000222
320000223
320000231
320000232
320000233
3001311
3001312
3001313
3001321
3001322
3001323
3001331
3001332
3001333
