00000101020110102112030211120
00000101020110102112030211121303120
0000010102011010211203021112130312130
0000010102011010211203021112130312131
000001010201101021120302111213031213222330
000001010201101021120302111213031213222331
000001010201101021120302111213031213222332
000001010201101021120302111213031213222333
000001010201101021120302111213031213223
0000010102011010211203021112130313
0000010102011010211203021112130322
0000010102011010211203021112130323
0000010102011010211203021112130331
0000010102011010211203021112130332
0000010102011010211203021112130333
000001010201101021120303
000001010201101022
000001010201101023
0000010102012
0000010102013
000002
000003
10000101001011112020211203021303120
1000010100101111202021120302130312130
1000010100101111202021120302130312131
100001010010111120202112030213031213222330
100001010010111120202112030213031213222331
100001010010111120202112030213031213222332
100001010010111120202112030213031213222333
100001010010111120202112030213031213223
1000010100101111202021120302130313
1000010100101111202021120302130321
1000010100101111202021120302130322
1000010100101111202021120302130323
1000010100101111202021120302130331
1000010100101111202021120302130332
1000010100101111202021120302130333
1000010100101111202021120303
1000010100101111202022
1000010100101111202023
10000101001012
10000101001013
10000101002
10000101003
300000101020110102112030211120
300000101020110102112030211121303120
30000010102011010211203021112130312130
30000010102011010211203021112130312131
3000001010201101021120302111213031213222331
3000001010201101021120302111213031213222332
3000001010201101021120302111213031213222333
3000001010201101021120302111213031213223
30000010102011010211203021112130313
30000010102011010211203021112130322
30000010102011010211203021112130323
30000010102011010211203021112130331
30000010102011010211203021112130332
30000010102011010211203021112130333
3000001010201101021120303
3000001010201101022
3000001010201101023
30000010102012
30000010102013
3000002
3000003
200001001011010203020211211120312130
20000100101101020302021121112031213130
20000100101101020302021121112031213131
200001001011010203020211211120312131322230
200001001011010203020211211120312131322231
20000100101101020302021121112031213132223232
200001001011010203020211211120312131322232333
20000100101101020302021121112031213133
200001001011010203020211211120313
200001001011010203020211211120321
200001001011010203020211211120322
200001001011010203020211211120323
20000100101101020302021121112033
20000100101101020302022
20000100101101020302023
20000100101101020303
200001001012
200001001013
200001002
200001003
