000000100001122011000113020210112120221132112233321233
0000001000011220110001130202101121202211321122333213
00000010000112201100011302021011212022113211223332211
00000010000112201100011302021011212022113211223332212
00000010000112201100011302021011212022113211223332213
0000001000011220110001130202101121202211321122333222
0000001000011220110001130202101121202211321122333223333
000000100001122011000113020210112120221132112233323
0000001000011220110001130202101121203
000000100001122011000113020210113
0000001000011220110001130202102
0000001000011220110001130202103
0000001000011220123
