0000000100200102010301020
000000010020010201030102112230311200100
0000000100200102010301021122303112001013013211022002102
0000000100200102010301021122303112001013013211022002103310012011101030
00000001002001020103010211223031120010130132110220021033100120111010311
00000001002001020103010211223031120010130132110220021033100120111010312
00000001002001020103010211223031120010130132110220021033100120111010313
00000001002001020103010211223031120010130132110220021033100120111010321
0000000100200102010301021122303112001013013211022002103310012011101032230002022120
0000000100200102010301021122303112001013013211022002103310012011101032230002022121
000000010020010201030102112230311200101301321102200210331001201110103223000202212232311
000000010020010201030102112230311200101301321102200210331001201110103223000202212232312
000000010020010201030102112230311200101301321102200210331001201110103223000202212232313202
000000010020010201030102112230311200101301321102200210331001201110103223000202212232313203303
0000000100200102010301021122303112001013013211022002103310012011101032230002022122323132033112110310
0000000100200102010301021122303112001013013211022002103310012011101032230002022122323132033112110311
0000000100200102010301021122303112001013013211022002103310012011101032230002022122323132033112110312
000000010020010201030102112230311200101301321102200210331001201110103223000202212232313203311211031330120
000000010020010201030102112230311200101301321102200210331001201110103223000202212232313203311211031330121
0000000100200102010301021122303112001013013211022002103310012011101032230002022122323132033112110313301221
00000001002001020103010211223031120010130132110220021033100120111010322300020221223231320331121103133012223101
00000001002001020103010211223031120010130132110220021033100120111010322300020221223231320331121103133012223102
00000001002001020103010211223031120010130132110220021033100120111010322300020221223231320331121103133012223103
0000000100200102010301021122303112001013013211022002103310012011101032230002022122323132033112110313301222311102
000000010020010201030102112230311200101301321102200210331001201110103223000202212232313203311211031330122231110320
0000000100200102010301021122303112001013013211022002103310012011101032230002022122323132033112110313301222311103213030
0000000100200102010301021122303112001013013211022002103310012011101032230002022122323132033112110313301222311103213031
0000000100200102010301021122303112001013013211022002103310012011101032230002022122323132033112110313301222311103213032
0000000100200102010301021122303112001013013211022002103310012011101032230002022122323132033112110313301222311103213033
0000000100200102010301021122303112001013013211022002103310012011101032230002022122323132033112110313301222311103213130
00000001002001020103010211223031120010130132110220021033100120111010322300020221223231320331121103133012223111032131312012130
00000001002001020103010211223031120010130132110220021033100120111010322300020221223231320331121103133012223111032131312012131321
000000010020010201030102112230311200101301321102200210331001201110103223000202212232313203311211031330122231110321313120121313220
000000010020010201030102112230311200101301321102200210331001201110103223000202212232313203311211031330122231110321313120121313221
00000001002001020103010211223031120010130132110220021033100120111010322300020221223231320331121103133012223111032131312012131322230
00000001002001020103010211223031120010130132110220021033100120111010322300020221223231320331121103133012223111032131312012131322231
00000001002001020103010211223031120010130132110220021033100120111010322300020221223231320331121103133012223111032131312012131322232
0000000100200102010301021122303112001013013211022002103310012011101032230002022122323132033112110313301222311103213131201213132223322
000000010020010201030102112230311200101301321102200210331001201110103223000202212232313203311211031330122231110321313120121313222332333
000000010020010201030102112230311200101301321102200210331001201110103223000202212232313203311211031330122231110321313120121313223
000000010020010201030102112230311200101301321102200210331001201110103223000202212232313203311211031330122231110321313120122
0000000100200102010301021122303112001013013211022002103310012011101032230002022122323132033112110313301222311103213131201232
0000000100200102010301021122303112001013013211022002103310012011101032230002022122323132033112110313301222311103213131201233
000000010020010201030102112230311200101301321102200210331001201110103223000202212232313203311211031330122231110321313120133
000000010020010201030102112230311200101301321102200210331001201110103223000202212232313203311211031330122231110321313120223
000000010020010201030102112230311200101301321102200210331001201110103223000202212232313203311211031330122231110321313120232
000000010020010201030102112230311200101301321102200210331001201110103223000202212232313203311211031330122231110321313120233
00000001002001020103010211223031120010130132110220021033100120111010322300020221223231320331121103133012223111032131312030
00000001002001020103010211223031120010130132110220021033100120111010322300020221223231320331121103133012223111032131312031
00000001002001020103010211223031120010130132110220021033100120111010322300020221223231320331121103133012223111032131312032
00000001002001020103010211223031120010130132110220021033100120111010322300020221223231320331121103133012223111032131312033
0000000100200102010301021122303112001013013211022002103310012011101032230002022122323132033112110313301222311103213132
0000000100200102010301021122303112001013013211022002103310012011101032230002022122323132033112110313301222311103213133
00000001002001020103010211223031120010130132110220021033100120111010322300020221223231320331121103133012223111033
0000000100200102010301021122303112001013013211022002103310012011101032230002022122323132033112110313301222311111
0000000100200102010301021122303112001013013211022002103310012011101032230002022122323132033112110313301222311112
0000000100200102010301021122303112001013013211022002103310012011101032230002022122323132033112110313301222311113
0000000100200102010301021122303112001013013211022002103310012011101032230002022122323132033112110313301222311123
000000010020010201030102112230311200101301321102200210331001201110103223000202212232313203311211031330122231113
000000010020010201030102112230311200101301321102200210331001201110103223000202212232313203311211031330122231120
000000010020010201030102112230311200101301321102200210331001201110103223000202212232313203311211031330122231121
000000010020010201030102112230311200101301321102200210331001201110103223000202212232313203311211031330122231122
000000010020010201030102112230311200101301321102200210331001201110103223000202212232313203311211031330122231123
000000010020010201030102112230311200101301321102200210331001201110103223000202212232313203311211031330122231130
000000010020010201030102112230311200101301321102200210331001201110103223000202212232313203311211031330122231131
000000010020010201030102112230311200101301321102200210331001201110103223000202212232313203311211031330122231132
000000010020010201030102112230311200101301321102200210331001201110103223000202212232313203311211031330122231133
0000000100200102010301021122303112001013013211022002103310012011101032230002022122323132033112110313302
0000000100200102010301021122303112001013013211022002103310012011101032230002022122323132033112110313303
000000010020010201030102112230311200101301321102200210331001201110103223000202213
000000010020010201030102112230311200101301321102200210331001201110103223000202223
000000010020010201030102112230311200101301321102200210331001201110103223000203
0000000101
0000000102
0000000103
2000000100200102010301020
200000010020010201030102112230311200100
2000000100200102010301021122303112001013013211022002102
200000010020010201030102112230311200101301321102200210331001201110023000202212030
2000000100200102010301021122303112001013013211022002103310012011100230002022120311
2000000100200102010301021122303112001013013211022002103310012011100230002022120312
2000000100200102010301021122303112001013013211022002103310012011100230002022120313
2000000100200102010301021122303112001013013211022002103310012011100230002022120321
2000000100200102010301021122303112001013013211022002103310012011100230002022120322
200000010020010201030102112230311200101301321102200210331001201110023000202212032321
200000010020010201030102112230311200101301321102200210331001201110023000202212032322
20000001002001020103010211223031120010130132110220021033100120111002300020221203232310
20000001002001020103010211223031120010130132110220021033100120111002300020221203232311
20000001002001020103010211223031120010130132110220021033100120111002300020221203232312
20000001002001020103010211223031120010130132110220021033100120111002300020221203232313203303
200000010020010201030102112230311200101301321102200210331001201110023000202212032323132033112110310
200000010020010201030102112230311200101301321102200210331001201110023000202212032323132033112110311
200000010020010201030102112230311200101301321102200210331001201110023000202212032323132033112110312
20000001002001020103010211223031120010130132110220021033100120111002300020221203232313203311211031330121
200000010020010201030102112230311200101301321102200210331001201110023000202212032323132033112110313301221
2000000100200102010301021122303112001013013211022002103310012011100230002022120323231320331121103133012223101
2000000100200102010301021122303112001013013211022002103310012011100230002022120323231320331121103133012223102
2000000100200102010301021122303112001013013211022002103310012011100230002022120323231320331121103133012223103
200000010020010201030102112230311200101301321102200210331001201110023000202212032323132033112110313301222311101
200000010020010201030102112230311200101301321102200210331001201110023000202212032323132033112110313301222311102
20000001002001020103010211223031120010130132110220021033100120111002300020221203232313203311211031330122231110320
200000010020010201030102112230311200101301321102200210331001201110023000202212032323132033112110313301222311103213030
200000010020010201030102112230311200101301321102200210331001201110023000202212032323132033112110313301222311103213031
200000010020010201030102112230311200101301321102200210331001201110023000202212032323132033112110313301222311103213032
200000010020010201030102112230311200101301321102200210331001201110023000202212032323132033112110313301222311103213033
200000010020010201030102112230311200101301321102200210331001201110023000202212032323132033112110313301222311103213130
2000000100200102010301021122303112001013013211022002103310012011100230002022120323231320331121103133012223111032131312012130
2000000100200102010301021122303112001013013211022002103310012011100230002022120323231320331121103133012223111032131312012131321
20000001002001020103010211223031120010130132110220021033100120111002300020221203232313203311211031330122231110321313120121313220
20000001002001020103010211223031120010130132110220021033100120111002300020221203232313203311211031330122231110321313120121313221
2000000100200102010301021122303112001013013211022002103310012011100230002022120323231320331121103133012223111032131312012131322230
2000000100200102010301021122303112001013013211022002103310012011100230002022120323231320331121103133012223111032131312012131322231
2000000100200102010301021122303112001013013211022002103310012011100230002022120323231320331121103133012223111032131312012131322232
200000010020010201030102112230311200101301321102200210331001201110023000202212032323132033112110313301222311103213131201213132223322
20000001002001020103010211223031120010130132110220021033100120111002300020221203232313203311211031330122231110321313120121313222332333
20000001002001020103010211223031120010130132110220021033100120111002300020221203232313203311211031330122231110321313120121313223
20000001002001020103010211223031120010130132110220021033100120111002300020221203232313203311211031330122231110321313120122
200000010020010201030102112230311200101301321102200210331001201110023000202212032323132033112110313301222311103213131201232
200000010020010201030102112230311200101301321102200210331001201110023000202212032323132033112110313301222311103213131201233
20000001002001020103010211223031120010130132110220021033100120111002300020221203232313203311211031330122231110321313120133
20000001002001020103010211223031120010130132110220021033100120111002300020221203232313203311211031330122231110321313120223
20000001002001020103010211223031120010130132110220021033100120111002300020221203232313203311211031330122231110321313120232
20000001002001020103010211223031120010130132110220021033100120111002300020221203232313203311211031330122231110321313120233
2000000100200102010301021122303112001013013211022002103310012011100230002022120323231320331121103133012223111032131312030
2000000100200102010301021122303112001013013211022002103310012011100230002022120323231320331121103133012223111032131312031
2000000100200102010301021122303112001013013211022002103310012011100230002022120323231320331121103133012223111032131312032
2000000100200102010301021122303112001013013211022002103310012011100230002022120323231320331121103133012223111032131312033
200000010020010201030102112230311200101301321102200210331001201110023000202212032323132033112110313301222311103213132
200000010020010201030102112230311200101301321102200210331001201110023000202212032323132033112110313301222311103213133
2000000100200102010301021122303112001013013211022002103310012011100230002022120323231320331121103133012223111033
200000010020010201030102112230311200101301321102200210331001201110023000202212032323132033112110313301222311111
200000010020010201030102112230311200101301321102200210331001201110023000202212032323132033112110313301222311112
200000010020010201030102112230311200101301321102200210331001201110023000202212032323132033112110313301222311113
200000010020010201030102112230311200101301321102200210331001201110023000202212032323132033112110313301222311123
20000001002001020103010211223031120010130132110220021033100120111002300020221203232313203311211031330122231113
20000001002001020103010211223031120010130132110220021033100120111002300020221203232313203311211031330122231120
20000001002001020103010211223031120010130132110220021033100120111002300020221203232313203311211031330122231121
20000001002001020103010211223031120010130132110220021033100120111002300020221203232313203311211031330122231122
20000001002001020103010211223031120010130132110220021033100120111002300020221203232313203311211031330122231123
20000001002001020103010211223031120010130132110220021033100120111002300020221203232313203311211031330122231130
20000001002001020103010211223031120010130132110220021033100120111002300020221203232313203311211031330122231131
20000001002001020103010211223031120010130132110220021033100120111002300020221203232313203311211031330122231132
20000001002001020103010211223031120010130132110220021033100120111002300020221203232313203311211031330122231133
200000010020010201030102112230311200101301321102200210331001201110023000202212032323132033112110313302
200000010020010201030102112230311200101301321102200210331001201110023000202212032323132033112110313303
200000010020010201030102112230311200101301321102200210331001201110023000202213
200000010020010201030102112230311200101301321102200210331001201110023000202223
200000010020010201030102112230311200101301321102200210331001201110023000203
2000000101
2000000102
2000000103
3000001002010102003001120
300000100201010200300112130223103200100
3000001002010102003001121302231032001011211022002102
300000100201010200300112130223103200101121102200210330
3000001002010102003001121302231032001011211022002103310012011100132030
30000010020101020030011213022310320010112110220021033100120111001320311
30000010020101020030011213022310320010112110220021033100120111001320312
30000010020101020030011213022310320010112110220021033100120111001320313
30000010020101020030011213022310320010112110220021033100120111001320321
3000001002010102003001121302231032001011211022002103310012011100132032230002022121
30000010020101020030011213022310320010112110220021033100120111001320322300020221223303
300000100201010200300112130223103200101121102200210331001201110013203223000202212233112110310
300000100201010200300112130223103200101121102200210331001201110013203223000202212233112110311
300000100201010200300112130223103200101121102200210331001201110013203223000202212233112110312
30000010020101020030011213022310320010112110220021033100120111001320322300020221223311211031310
30000010020101020030011213022310320010112110220021033100120111001320322300020221223311211031311
30000010020101020030011213022310320010112110220021033100120111001320322300020221223311211031312
30000010020101020030011213022310320010112110220021033100120111001320322300020221223311211031313202
30000010020101020030011213022310320010112110220021033100120111001320322300020221223311211031313203
3000001002010102003001121302231032001011211022002103310012011100132032230002022122331121103131321
300000100201010200300112130223103200101121102200210331001201110013203223000202212233112110313132230120
300000100201010200300112130223103200101121102200210331001201110013203223000202212233112110313132230121
300000100201010200300112130223103200101121102200210331001201110013203223000202212233112110313132230122
300000100201010200300112130223103200101121102200210331001201110013203223000202212233112110313132230123101
300000100201010200300112130223103200101121102200210331001201110013203223000202212233112110313132230123102
300000100201010200300112130223103200101121102200210331001201110013203223000202212233112110313132230123103320
3000001002010102003001121302231032001011211022002103310012011100132032230002022122331121103131322301231033213030
3000001002010102003001121302231032001011211022002103310012011100132032230002022122331121103131322301231033213031
3000001002010102003001121302231032001011211022002103310012011100132032230002022122331121103131322301231033213032
3000001002010102003001121302231032001011211022002103310012011100132032230002022122331121103131322301231033213033
30000010020101020030011213022310320010112110220021033100120111001320322300020221223311211031313223012310332131312011101
30000010020101020030011213022310320010112110220021033100120111001320322300020221223311211031313223012310332131312011102
3000001002010102003001121302231032001011211022002103310012011100132032230002022122331121103131322301231033213131201110330
3000001002010102003001121302231032001011211022002103310012011100132032230002022122331121103131322301231033213131201110331
3000001002010102003001121302231032001011211022002103310012011100132032230002022122331121103131322301231033213131201110332
3000001002010102003001121302231032001011211022002103310012011100132032230002022122331121103131322301231033213131201110333
30000010020101020030011213022310320010112110220021033100120111001320322300020221223311211031313223012310332131312011111
300000100201010200300112130223103200101121102200210331001201110013203223000202212233112110313132230123103321313120111123
3000001002010102003001121302231032001011211022002103310012011100132032230002022122331121103131322301231033213131201111320
3000001002010102003001121302231032001011211022002103310012011100132032230002022122331121103131322301231033213131201111321
30000010020101020030011213022310320010112110220021033100120111001320322300020221223311211031313223012310332131312011113221
3000001002010102003001121302231032001011211022002103310012011100132032230002022122331121103131322301231033213131201111322230
30000010020101020030011213022310320010112110220021033100120111001320322300020221223311211031313223012310332131312011113222313230
30000010020101020030011213022310320010112110220021033100120111001320322300020221223311211031313223012310332131312011113222313231
30000010020101020030011213022310320010112110220021033100120111001320322300020221223311211031313223012310332131312011113222313232
3000001002010102003001121302231032001011211022002103310012011100132032230002022122331121103131322301231033213131201111322231323322
300000100201010200300112130223103200101121102200210331001201110013203223000202212233112110313132230123103321313120111132223132332333
300000100201010200300112130223103200101121102200210331001201110013203223000202212233112110313132230123103321313120111133
3000001002010102003001121302231032001011211022002103310012011100132032230002022122331121103131322301231033213131201112
300000100201010200300112130223103200101121102200210331001201110013203223000202212233112110313132230123103321313120111323
300000100201010200300112130223103200101121102200210331001201110013203223000202212233112110313132230123103321313120111332
300000100201010200300112130223103200101121102200210331001201110013203223000202212233112110313132230123103321313120111333
3000001002010102003001121302231032001011211022002103310012011100132032230002022122331121103131322301231033213131201120
3000001002010102003001121302231032001011211022002103310012011100132032230002022122331121103131322301231033213131201121
3000001002010102003001121302231032001011211022002103310012011100132032230002022122331121103131322301231033213131201122
3000001002010102003001121302231032001011211022002103310012011100132032230002022122331121103131322301231033213131201123
3000001002010102003001121302231032001011211022002103310012011100132032230002022122331121103131322301231033213131201130
3000001002010102003001121302231032001011211022002103310012011100132032230002022122331121103131322301231033213131201131
3000001002010102003001121302231032001011211022002103310012011100132032230002022122331121103131322301231033213131201132
3000001002010102003001121302231032001011211022002103310012011100132032230002022122331121103131322301231033213131201133
3000001002010102003001121302231032001011211022002103310012011100132032230002022122331121103131322301231033213131201213
300000100201010200300112130223103200101121102200210331001201110013203223000202212233112110313132230123103321313120122
300000100201010200300112130223103200101121102200210331001201110013203223000202212233112110313132230123103321313120123
300000100201010200300112130223103200101121102200210331001201110013203223000202212233112110313132230123103321313120133
30000010020101020030011213022310320010112110220021033100120111001320322300020221223311211031313223012310332131312022
30000010020101020030011213022310320010112110220021033100120111001320322300020221223311211031313223012310332131312023
3000001002010102003001121302231032001011211022002103310012011100132032230002022122331121103131322301231033213131203
3000001002010102003001121302231032001011211022002103310012011100132032230002022122331121103131322302
3000001002010102003001121302231032001011211022002103310012011100132032230002022122331121103131322303
300000100201010200300112130223103200101121102200210331001201110013203223000202213
300000100201010200300112130223103200101121102200210331001201110013203223000202223
300000100201010200300112130223103200101121102200210331001201110013203223000203
300000101
300000102
300000103
100100000010020010201030020
10010000001002001020103002112230310
100100000010020010201030021122303112020030000110130132120102
100100000010020010201030021122303112020030000110130132120103310202111001
1001000000100200102010300211223031120200300001101301321201033102021110022212030
10010000001002001020103002112230311202003000011013013212010331020211100222120311
10010000001002001020103002112230311202003000011013013212010331020211100222120312
10010000001002001020103002112230311202003000011013013212010331020211100222120313
10010000001002001020103002112230311202003000011013013212010331020211100222120321
10010000001002001020103002112230311202003000011013013212010331020211100222120322310
10010000001002001020103002112230311202003000011013013212010331020211100222120322311
10010000001002001020103002112230311202003000011013013212010331020211100222120322312321
10010000001002001020103002112230311202003000011013013212010331020211100222120322312322
1001000000100200102010300211223031120200300001101301321201033102021110022212032231232310
1001000000100200102010300211223031120200300001101301321201033102021110022212032231232311
1001000000100200102010300211223031120200300001101301321201033102021110022212032231232312
1001000000100200102010300211223031120200300001101301321201033102021110022212032231232313203302
1001000000100200102010300211223031120200300001101301321201033102021110022212032231232313203303
100100000010020010201030021122303112020030000110130132120103310202111002221203223123231320331121113030
100100000010020010201030021122303112020030000110130132120103310202111002221203223123231320331121113031
100100000010020010201030021122303112020030000110130132120103310202111002221203223123231320331121113032
10010000001002001020103002112230311202003000011013013212010331020211100222120322312323132033112111303330120
10010000001002001020103002112230311202003000011013013212010331020211100222120322312323132033112111303330121
100100000010020010201030021122303112020030000110130132120103310202111002221203223123231320331121113033301221
1001000000100200102010300211223031120200300001101301321201033102021110022212032231232313203311211130333012223101
1001000000100200102010300211223031120200300001101301321201033102021110022212032231232313203311211130333012223102
1001000000100200102010300211223031120200300001101301321201033102021110022212032231232313203311211130333012223103
100100000010020010201030021122303112020030000110130132120103310202111002221203223123231320331121113033301222311101
100100000010020010201030021122303112020030000110130132120103310202111002221203223123231320331121113033301222311102
10010000001002001020103002112230311202003000011013013212010331020211100222120322312323132033112111303330122231110320
10010000001002001020103002112230311202003000011013013212010331020211100222120322312323132033112111303330122231110321
100100000010020010201030021122303112020030000110130132120103310202111002221203223123231320331121113033301222311103223
1001000000100200102010300211223031120200300001101301321201033102021110022212032231232313203311211130333012223111032320
100100000010020010201030021122303112020030000110130132120103310202111002221203223123231320331121113033301222311103232130
1001000000100200102010300211223031120200300001101301321201033102021110022212032231232313203311211130333012223111032321312012130
100100000010020010201030021122303112020030000110130132120103310202111002221203223123231320331121113033301222311103232131201213131
10010000001002001020103002112230311202003000011013013212010331020211100222120322312323132033112111303330122231110323213120121313213
1001000000100200102010300211223031120200300001101301321201033102021110022212032231232313203311211130333012223111032321312012131322230
1001000000100200102010300211223031120200300001101301321201033102021110022212032231232313203311211130333012223111032321312012131322231
1001000000100200102010300211223031120200300001101301321201033102021110022212032231232313203311211130333012223111032321312012131322232
100100000010020010201030021122303112020030000110130132120103310202111002221203223123231320331121113033301222311103232131201213132223322
10010000001002001020103002112230311202003000011013013212010331020211100222120322312323132033112111303330122231110323213120121313222332333
10010000001002001020103002112230311202003000011013013212010331020211100222120322312323132033112111303330122231110323213120121313223
10010000001002001020103002112230311202003000011013013212010331020211100222120322312323132033112111303330122231110323213120122
100100000010020010201030021122303112020030000110130132120103310202111002221203223123231320331121113033301222311103232131201232
100100000010020010201030021122303112020030000110130132120103310202111002221203223123231320331121113033301222311103232131201233
10010000001002001020103002112230311202003000011013013212010331020211100222120322312323132033112111303330122231110323213120133
100100000010020010201030021122303112020030000110130132120103310202111002221203223123231320331121113033301222311103232131202
1001000000100200102010300211223031120200300001101301321201033102021110022212032231232313203311211130333012223111032321312030
1001000000100200102010300211223031120200300001101301321201033102021110022212032231232313203311211130333012223111032321312031
1001000000100200102010300211223031120200300001101301321201033102021110022212032231232313203311211130333012223111032321312032
1001000000100200102010300211223031120200300001101301321201033102021110022212032231232313203311211130333012223111032321312033
100100000010020010201030021122303112020030000110130132120103310202111002221203223123231320331121113033301222311103232132
100100000010020010201030021122303112020030000110130132120103310202111002221203223123231320331121113033301222311103232133
100100000010020010201030021122303112020030000110130132120103310202111002221203223123231320331121113033301222311103233
1001000000100200102010300211223031120200300001101301321201033102021110022212032231232313203311211130333012223111033
100100000010020010201030021122303112020030000110130132120103310202111002221203223123231320331121113033301222311112
100100000010020010201030021122303112020030000110130132120103310202111002221203223123231320331121113033301222311113
100100000010020010201030021122303112020030000110130132120103310202111002221203223123231320331121113033301222311123
10010000001002001020103002112230311202003000011013013212010331020211100222120322312323132033112111303330122231113
10010000001002001020103002112230311202003000011013013212010331020211100222120322312323132033112111303330122231120
10010000001002001020103002112230311202003000011013013212010331020211100222120322312323132033112111303330122231121
10010000001002001020103002112230311202003000011013013212010331020211100222120322312323132033112111303330122231122
10010000001002001020103002112230311202003000011013013212010331020211100222120322312323132033112111303330122231123
10010000001002001020103002112230311202003000011013013212010331020211100222120322312323132033112111303330122231130
10010000001002001020103002112230311202003000011013013212010331020211100222120322312323132033112111303330122231131
10010000001002001020103002112230311202003000011013013212010331020211100222120322312323132033112111303330122231132
10010000001002001020103002112230311202003000011013013212010331020211100222120322312323132033112111303330122231133
100100000010020010201030021122303112020030000110130132120103310202111002221203223123231320331121113033302
100100000010020010201030021122303112020030000110130132120103310202111002221203223123231320331121113033303
1001000000100200102010300211223031120200300001101301321201033102021110022213
1001000000100200102010300211223031120200300001101301321201033102021110022223
100100000010020010201030021122303112020030000110130132120103310203
1001000000101
1001000000102
1001000000103
