00000
010
020
0300
0010
0020
00300
00010
00020
00030
00001
00002
00003
011
012
013
021
022
023
0310
0320
0330
0301
0302
0303
0011
0012
0013
0021
0022
0023
00310
00320
00330
00301
00302
00303
00011
00012
00013
00021
00022
00023
00031
00032
00033
0311
0312
0313
0321
0322
0323
0331
0332
0333
00311
00312
00313
00321
00322
00323
003310
003320
003330
003311
003312
003313
003321
003322
003323
003331
003332
003333
100
110
12000
130
101
102
103
111
112
113
1210
1220
123000
12010
12020
12030
12001
12002
12003
131
132
133
1211
1212
1213
1221
1222
1223
1231
12320
12330
123010
123020
1230300
123001
123002
123003
12011
12012
12013
12021
12022
12023
12031
12032
12033
12321
12322
12323
12331
12332
12333
123011
123012
123013
123021
123022
123023
1230310
1230320
1230330
1230301
1230302
1230303
1230311
1230312
1230313
1230321
1230322
1230323
1230331
1230332
1230333
20000
210
220
23000
2010
2020
2030
20010
20020
20030
20001
20002
20003
211
212
213
221
222
223
2310
232
2330
23010
23020
230300
23001
23002
23003
2011
2012
2013
2021
2022
2023
2031
2032
2033
20011
20012
20013
20021
20022
20023
20031
20032
20033
2311
2312
2313
2331
2332
2333
23011
23012
23013
23021
23022
23023
230310
230320
230330
230301
230302
230303
230311
230312
230313
230321
230322
230323
230331
230332
230333
30000
310
320
3300
3010
3020
30300
30010
30020
30030
30001
30002
30003
311
312
313
321
322
323
3310
3320
3330
3301
3302
3303
3011
3012
3013
3021
3022
3023
30310
30320
303300
30301
30302
30303
30011
30012
30013
30021
30022
30023
30031
30032
30033
3311
3312
3313
3321
3322
3323
3331
3332
3333
30311
30312
30313
30321
30322
30323
303310
303320
30333
303301
303302
303303
303311
303312
303313
303321
303322
303323
