000001020101000202030
0000010201010002020310303010
00000102010100020203103030111211121320
000001020101000202031030301112111213212233020
0000010201010002020310303011121112132122330213
00000102010100020203103030111211121321223302223101
00000102010100020203103030111211121321223302223102
0000010201010002020310303011121112132122330222310320
0000010201010002020310303011121112132122330222310321
0000010201010002020310303011121112132122330222310322
000001020101000202031030301112111213212233022231032330
00000102010100020203103030111211121321223302223103233131122
00000102010100020203103030111211121321223302223103233131123
00000102010100020203103030111211121321223302223103233131132
000001020101000202031030301112111213212233022231032331311332
000001020101000202031030301112111213212233022231032331311333
0000010201010002020310303011121112132122330222310323313123
0000010201010002020310303011121112132122330222310323313130
0000010201010002020310303011121112132122330222310323313131
0000010201010002020310303011121112132122330222310323313132
0000010201010002020310303011121112132122330222310323313133
00000102010100020203103030111211121321223303
000001020101000202031031
000001020101000202031032
000001020101000202031033
0000010201010002021
0000010201010002022
0000010201010002023
0000010201011
0000010201012
0000010201013
0001
0002
0003
10000102001000102020303010
100001020010001020203030111211121303122320
10000102001000102020303011121112130312232133020
10000102001000102020303011121112130312232133021
1000010200100010202030301112111213031223213302223101
1000010200100010202030301112111213031223213302223102
100001020010001020203030111211121303122321330222310320
100001020010001020203030111211121303122321330222310321
100001020010001020203030111211121303122321330222310322
10000102001000102020303011121112130312232133022231032330
1000010200100010202030301112111213031223213302223103233131122
1000010200100010202030301112111213031223213302223103233131123
1000010200100010202030301112111213031223213302223103233131132
10000102001000102020303011121112130312232133022231032331311332
10000102001000102020303011121112130312232133022231032331311333
100001020010001020203030111211121303122321330222310323313123
100001020010001020203030111211121303122321330222310323313130
100001020010001020203030111211121303122321330222310323313131
100001020010001020203030111211121303122321330222310323313132
100001020010001020203030111211121303122321330222310323313133
1000010200100010202030301112111213031223213303
1000010200100010202031
1000010200100010202032
1000010200100010202033
100001020010001021
100001020010001022
100001020010001023
100001020011
100001020012
100001020013
1001
1002
1003
3000000010201010103020202030
3000000010201010103020202031030
30000000102010101030202020310311211121320
3000000010201010103020202031031121112132122331013
3000000010201010103020202031031121112132122331022320
3000000010201010103020202031031121112132122331022321
3000000010201010103020202031031121112132122331022322
300000001020101010302020203103112111213212233102232330
3000000010201010103020202031031121112132122331022323313111
30000000102010101030202020310311211121321223310223233131122
30000000102010101030202020310311211121321223310223233131123
30000000102010101030202020310311211121321223310223233131132
300000001020101010302020203103112111213212233102232331311332
300000001020101010302020203103112111213212233102232331311333
3000000010201010103020202031031121112132122331022323313121
3000000010201010103020202031031121112132122331022323313122
3000000010201010103020202031031121112132122331022323313123
30000000102010101030202020310311211121321223310223233131303
3000000010201010103020202031031121112132122331022323313131
3000000010201010103020202031031121112132122331022323313132
3000000010201010103020202031031121112132122331022323313133
3000000010201010103020202031032
3000000010201010103020202031033
30000000102010101030202021
30000000102010101030202022
30000000102010101030202023
300000001020101010303
3000000010201011
3000000010201012
3000000010201013
3000001
3000002
3000003
2000001020101000202030
20000010201010002020310303010
2000001020101000202031030301112111213212233020
20000010201010002020310303011121112132122330213
200000102010100020203103030111211121321223302223101
200000102010100020203103030111211121321223302223102
20000010201010002020310303011121112132122330222310320
20000010201010002020310303011121112132122330222310321
20000010201010002020310303011121112132122330222310322
2000001020101000202031030301112111213212233022231032330
200000102010100020203103030111211121321223302223103233131122
200000102010100020203103030111211121321223302223103233131123
200000102010100020203103030111211121321223302223103233131132
2000001020101000202031030301112111213212233022231032331311332
2000001020101000202031030301112111213212233022231032331311333
20000010201010002020310303011121112132122330222310323313123
20000010201010002020310303011121112132122330222310323313130
20000010201010002020310303011121112132122330222310323313131
20000010201010002020310303011121112132122330222310323313132
20000010201010002020310303011121112132122330222310323313133
200000102010100020203103030111211121321223303
2000001020101000202031031
2000001020101000202031032
2000001020101000202031033
20000010201010002021
20000010201010002022
20000010201010002023
20000010201011
20000010201012
20000010201013
20001
20002
20003
