0 11 17 15 0
0 7 11
0 0
0 5 12 15
0 11 10 14 0
0 11 1 0
0 11 17 7
0 11 17 5
0 11 17 14
0 11 17 15 11
0 11 17 15 12
0 7 16 8 7
0 7 7
0 7 13 5
0 5 8
0 5 14
0 5 9 11
0 5 12 16
0 5 12 2 5
0 5 12 0
0 11 10 13
0 11 10 7
0 11 10 3
0 11 10 14 14
0 11 10 14 3
0 11 10 14 11
0 11 1 15
0 11 1 17
0 11 17 15 4 2
0 11 17 15 4 11
0 11 17 15 4 3 3
0 11 17 15 4 3 10
0 11 17 15 4 3 9
0 7 16 4
0 7 16 2
0 7 16 8 2
0 7 16 8 16
0 7 16 8 5
0 7 13 3
0 7 13 7
0 5 9 6 11
0 5 9 5
0 5 9 16
0 5 12 2 0
0 5 12 2 7
0 5 12 2 15
0 5 9 6 5
0 5 9 6 13
