011107111005114310
011107111005114311111718771582511331139115961
011107111005114311111718771582511331139115965
0111071110051143111117187715825113311391159615
0111071110051143111117187715825113311391159617
01110711100511431111171877158251133113911595
01110711100511431111171877158251133113911591420
01110711100511431111171877158251133113911591427
01110711100511431111171877158251133113911591421112
0111071110051143111117187715825113311391159142112
0111071110051143111117187715825113311391159142110
01110711100511431111171877158251133113911591411
0111071110051143111117187715825113311391111
0111071110051143111117187715825113317
0111071110051143111117187715825113313
011107111005114311111718771581
011107111005114311111718771585
