000001000200301000100101100001100021020
00000100020030100010010110000110002102120311101011100101010120201301110
00000100020030100010010110000110002102120311101011100101010120201301111
00000100020030100010010110000110002102120311101011100101010120201301112230203002030
00000100020030100010010110000110002102120311101011100101010120201301112230203002031
00000100020030100010010110000110002102120311101011100101010120201301112230203002032
00000100020030100010010110000110002102120311101011100101010120201301112230203002033120211132102
00000100020030100010010110000110002102120311101011100101010120201301112230203002033120211132103310030
000001000200301000100101100001100021021203111010111001010101202013011122302030020331202111321033100311202020
00000100020030100010010110000110002102120311101011100101010120201301112230203002033120211132103310031120202120
0000010002003010001001011000011000210212031110101110010101012020130111223020300203312021113210331003112020212130
0000010002003010001001011000011000210212031110101110010101012020130111223020300203312021113210331003112020212131
00000100020030100010010110000110002102120311101011100101010120201301112230203002033120211132103310031120202121320
00000100020030100010010110000110002102120311101011100101010120201301112230203002033120211132103310031120202121321
000001000200301000100101100001100021021203111010111001010101202013011122302030020331202111321033100311202021213221
000001000200301000100101100001100021021203111010111001010101202013011122302030020331202111321033100311202021213222310303
0000010002003010001001011000011000210212031110101110010101012020130111223020300203312021113210331003112020212132223103120
000001000200301000100101100001100021021203111010111001010101202013011122302030020331202111321033100311202021213222310312130
000001000200301000100101100001100021021203111010111001010101202013011122302030020331202111321033100311202021213222310312131120130
000001000200301000100101100001100021021203111010111001010101202013011122302030020331202111321033100311202021213222310312131120131
000001000200301000100101100001100021021203111010111001010101202013011122302030020331202111321033100311202021213222310312131120132212
00000100020030100010010110000110002102120311101011100101010120201301112230203002033120211132103310031120202121322231031213112013221320
0000010002003010001001011000011000210212031110101110010101012020130111223020300203312021113210331003112020212132223103121311201322132130
0000010002003010001001011000011000210212031110101110010101012020130111223020300203312021113210331003112020212132223103121311201322132131
000001000200301000100101100001100021021203111010111001010101202013011122302030020331202111321033100311202021213222310312131120132213213221301
000001000200301000100101100001100021021203111010111001010101202013011122302030020331202111321033100311202021213222310312131120132213213221302322
00000100020030100010010110000110002102120311101011100101010120201301112230203002033120211132103310031120202121322231031213112013221321322130232321
0000010002003010001001011000011000210212031110101110010101012020130111223020300203312021113210331003112020212132223103121311201322132132213023232233322111
000001000200301000100101100001100021021203111010111001010101202013011122302030020331202111321033100311202021213222310312131120132213213221302323223332211222
00000100020030100010010110000110002102120311101011100101010120201301112230203002033120211132103310031120202121322231031213112013221321322130232322333221122330
00000100020030100010010110000110002102120311101011100101010120201301112230203002033120211132103310031120202121322231031213112013221321322130232322333221122331
00000100020030100010010110000110002102120311101011100101010120201301112230203002033120211132103310031120202121322231031213112013221321322130232322333221122332
00000100020030100010010110000110002102120311101011100101010120201301112230203002033120211132103310031120202121322231031213112013221321322130232322333221122333
000001000200301000100101100001100021021203111010111001010101202013011122302030020331202111321033100311202021213222310312131120132213213221302323223332211232
000001000200301000100101100001100021021203111010111001010101202013011122302030020331202111321033100311202021213222310312131120132213213221302323223332211233110
000001000200301000100101100001100021021203111010111001010101202013011122302030020331202111321033100311202021213222310312131120132213213221302323223332211233111
000001000200301000100101100001100021021203111010111001010101202013011122302030020331202111321033100311202021213222310312131120132213213221302323223332211233112
00000100020030100010010110000110002102120311101011100101010120201301112230203002033120211132103310031120202121322231031213112013221321322130232322333221123311320
00000100020030100010010110000110002102120311101011100101010120201301112230203002033120211132103310031120202121322231031213112013221321322130232322333221123311321
00000100020030100010010110000110002102120311101011100101010120201301112230203002033120211132103310031120202121322231031213112013221321322130232322333221123311322
000001000200301000100101100001100021021203111010111001010101202013011122302030020331202111321033100311202021213222310312131120132213213221302323223332211233113233033
000001000200301000100101100001100021021203111010111001010101202013011122302030020331202111321033100311202021213222310312131120132213213221302323223332211233113233122
000001000200301000100101100001100021021203111010111001010101202013011122302030020331202111321033100311202021213222310312131120132213213221302323223332211233113233123
0000010002003010001001011000011000210212031110101110010101012020130111223020300203312021113210331003112020212132223103121311201322132132213023232233322112331132331302
0000010002003010001001011000011000210212031110101110010101012020130111223020300203312021113210331003112020212132223103121311201322132132213023232233322112331132331303
0000010002003010001001011000011000210212031110101110010101012020130111223020300203312021113210331003112020212132223103121311201322132132213023232233322112331132331312
0000010002003010001001011000011000210212031110101110010101012020130111223020300203312021113210331003112020212132223103121311201322132132213023232233322112331132331313013223
0000010002003010001001011000011000210212031110101110010101012020130111223020300203312021113210331003112020212132223103121311201322132132213023232233322112331132331313013233
00000100020030100010010110000110002102120311101011100101010120201301112230203002033120211132103310031120202121322231031213112013221321322130232322333221123311323313130133311
000001000200301000100101100001100021021203111010111001010101202013011122302030020331202111321033100311202021213222310312131120132213213221302323223332211233113233131301333121
0000010002003010001001011000011000210212031110101110010101012020130111223020300203312021113210331003112020212132223103121311201322132132213023232233322112331132331313013331223
0000010002003010001001011000011000210212031110101110010101012020130111223020300203312021113210331003112020212132223103121311201322132132213023232233322112331132331313013331230
0000010002003010001001011000011000210212031110101110010101012020130111223020300203312021113210331003112020212132223103121311201322132132213023232233322112331132331313013331231
0000010002003010001001011000011000210212031110101110010101012020130111223020300203312021113210331003112020212132223103121311201322132132213023232233322112331132331313013331232
000001000200301000100101100001100021021203111010111001010101202013011122302030020331202111321033100311202021213222310312131120132213213221302323223332211233113233131301333123321
000001000200301000100101100001100021021203111010111001010101202013011122302030020331202111321033100311202021213222310312131120132213213221302323223332211233113233131301333123322
000001000200301000100101100001100021021203111010111001010101202013011122302030020331202111321033100311202021213222310312131120132213213221302323223332211233113233131301333123323
00000100020030100010010110000110002102120311101011100101010120201301112230203002033120211132103310031120202121322231031213112013221321322130232322333221123311323313130133312333
000001000200301000100101100001100021021203111010111001010101202013011122302030020331202111321033100311202021213222310312131120132213213221302323223332211233113233131301333133
000001000200301000100101100001100021021203111010111001010101202013011122302030020331202111321033100311202021213222310312131120132213213221302323223332211233113233131302
000001000200301000100101100001100021021203111010111001010101202013011122302030020331202111321033100311202021213222310312131120132213213221302323223332211233113233131303
0000010002003010001001011000011000210212031110101110010101012020130111223020300203312021113210331003112020212132223103121311201322132132213023232233322112331132332
0000010002003010001001011000011000210212031110101110010101012020130111223020300203312021113210331003112020212132223103121311201322132132213023232233322112331132333
0000010002003010001001011000011000210212031110101110010101012020130111223020300203312021113210331003112020212132223103121311201322132132213023232233322112331202
0000010002003010001001011000011000210212031110101110010101012020130111223020300203312021113210331003112020212132223103121311201322132132213023232233322112331203
00000100020030100010010110000110002102120311101011100101010120201301112230203002033120211132103310031120202121322231031213112013221321322130232322333221123312132
00000100020030100010010110000110002102120311101011100101010120201301112230203002033120211132103310031120202121322231031213112013221321322130232322333221123312133
0000010002003010001001011000011000210212031110101110010101012020130111223020300203312021113210331003112020212132223103121311201322132132213023232233322112331222
0000010002003010001001011000011000210212031110101110010101012020130111223020300203312021113210331003112020212132223103121311201322132132213023232233322112331223
000001000200301000100101100001100021021203111010111001010101202013011122302030020331202111321033100311202021213222310312131120132213213221302323223332211233123
000001000200301000100101100001100021021203111010111001010101202013011122302030020331202111321033100311202021213222310312131120132213213221302323223332211233130
000001000200301000100101100001100021021203111010111001010101202013011122302030020331202111321033100311202021213222310312131120132213213221302323223332211233131
000001000200301000100101100001100021021203111010111001010101202013011122302030020331202111321033100311202021213222310312131120132213213221302323223332211233132
000001000200301000100101100001100021021203111010111001010101202013011122302030020331202111321033100311202021213222310312131120132213213221302323223332211233133
000001000200301000100101100001100021021203111010111001010101202013011122302030020331202111321033100311202021213222310312131120132213213221302323223332212
000001000200301000100101100001100021021203111010111001010101202013011122302030020331202111321033100311202021213222310312131120132213213221302323223332213
0000010002003010001001011000011000210212031110101110010101012020130111223020300203312021113210331003112020212132223103121311201322132132213023232233323
000001000200301000100101100001100021021203111010111001010101202013011122302030020331202111321033100311202021213222310312131120132213213221303
0000010002003010001001011000011000210212031110101110010101012020130111223020300203312021113210331003112020212132223103121311202
0000010002003010001001011000011000210212031110101110010101012020130111223020300203312021113210331003112020212132223103121311203
00000100020030100010010110000110002102120311101011100101010120201301112230203002033120211132103310031120203
000001000200301000100101100001100021021203111010111001010101202013011122302030020331202111321033101
000001000200301000100101100001100021021203111010111001010101202013011122302030020331202111321033102
000001000200301000100101100001100021021203111010111001010101202013011122302030020331202111321033103
000001000200301000100101100001100021021203111010111001010101202013011122302030020331202112
000001000200301000100101100001100021021203111010111001010101202013011122302030020331202113
0000010002003010001001011000011000210212031110101110010101012020130111223020300203312022
0000010002003010001001011000011000210212031110101110010101012020130111223020300203312023
0000010002003010001001011000011000210212031110101110010101012020130112
0000010002003010001001011000011000210212031110101110010101012020130113
000001000200301000100101100001100021021203111010111001010102
000001000200301000100101100001100021021203111010111001010103
00000100020030100010010110000110002102120311102
00000100020030100010010110000110002102120311103
200000100020030100010010110000110002102120311101011100101010120201301110
200000100020030100010010110000110002102120311101011100101010120201301111
200000100020030100010010110000110002102120311101011100101010120201301112230203002030
200000100020030100010010110000110002102120311101011100101010120201301112230203002031
200000100020030100010010110000110002102120311101011100101010120201301112230203002032
200000100020030100010010110000110002102120311101011100101010120201301112230203002033120211132102
200000100020030100010010110000110002102120311101011100101010120201301112230203002033120211132103310030
2000001000200301000100101100001100021021203111010111001010101202013011122302030020331202111321033100311202020
200000100020030100010010110000110002102120311101011100101010120201301112230203002033120211132103310031120202120
20000010002003010001001011000011000210212031110101110010101012020130111223020300203312021113210331003112020212130
20000010002003010001001011000011000210212031110101110010101012020130111223020300203312021113210331003112020212131
200000100020030100010010110000110002102120311101011100101010120201301112230203002033120211132103310031120202121320
200000100020030100010010110000110002102120311101011100101010120201301112230203002033120211132103310031120202121321
2000001000200301000100101100001100021021203111010111001010101202013011122302030020331202111321033100311202021213221
2000001000200301000100101100001100021021203111010111001010101202013011122302030020331202111321033100311202021213222310303
20000010002003010001001011000011000210212031110101110010101012020130111223020300203312021113210331003112020212132223103120
2000001000200301000100101100001100021021203111010111001010101202013011122302030020331202111321033100311202021213222310312130
2000001000200301000100101100001100021021203111010111001010101202013011122302030020331202111321033100311202021213222310312131120130
2000001000200301000100101100001100021021203111010111001010101202013011122302030020331202111321033100311202021213222310312131120131
2000001000200301000100101100001100021021203111010111001010101202013011122302030020331202111321033100311202021213222310312131120132212
200000100020030100010010110000110002102120311101011100101010120201301112230203002033120211132103310031120202121322231031213112013221320
20000010002003010001001011000011000210212031110101110010101012020130111223020300203312021113210331003112020212132223103121311201322132130
20000010002003010001001011000011000210212031110101110010101012020130111223020300203312021113210331003112020212132223103121311201322132131
2000001000200301000100101100001100021021203111010111001010101202013011122302030020331202111321033100311202021213222310312131120132213213221301
2000001000200301000100101100001100021021203111010111001010101202013011122302030020331202111321033100311202021213222310312131120132213213221302322
200000100020030100010010110000110002102120311101011100101010120201301112230203002033120211132103310031120202121322231031213112013221321322130232321
20000010002003010001001011000011000210212031110101110010101012020130111223020300203312021113210331003112020212132223103121311201322132132213023232233322111
2000001000200301000100101100001100021021203111010111001010101202013011122302030020331202111321033100311202021213222310312131120132213213221302323223332211222
200000100020030100010010110000110002102120311101011100101010120201301112230203002033120211132103310031120202121322231031213112013221321322130232322333221122330
200000100020030100010010110000110002102120311101011100101010120201301112230203002033120211132103310031120202121322231031213112013221321322130232322333221122331
200000100020030100010010110000110002102120311101011100101010120201301112230203002033120211132103310031120202121322231031213112013221321322130232322333221122332
200000100020030100010010110000110002102120311101011100101010120201301112230203002033120211132103310031120202121322231031213112013221321322130232322333221122333
2000001000200301000100101100001100021021203111010111001010101202013011122302030020331202111321033100311202021213222310312131120132213213221302323223332211232
2000001000200301000100101100001100021021203111010111001010101202013011122302030020331202111321033100311202021213222310312131120132213213221302323223332211233110
2000001000200301000100101100001100021021203111010111001010101202013011122302030020331202111321033100311202021213222310312131120132213213221302323223332211233111
2000001000200301000100101100001100021021203111010111001010101202013011122302030020331202111321033100311202021213222310312131120132213213221302323223332211233112
200000100020030100010010110000110002102120311101011100101010120201301112230203002033120211132103310031120202121322231031213112013221321322130232322333221123311320
200000100020030100010010110000110002102120311101011100101010120201301112230203002033120211132103310031120202121322231031213112013221321322130232322333221123311321
200000100020030100010010110000110002102120311101011100101010120201301112230203002033120211132103310031120202121322231031213112013221321322130232322333221123311322
2000001000200301000100101100001100021021203111010111001010101202013011122302030020331202111321033100311202021213222310312131120132213213221302323223332211233113233033
2000001000200301000100101100001100021021203111010111001010101202013011122302030020331202111321033100311202021213222310312131120132213213221302323223332211233113233122
2000001000200301000100101100001100021021203111010111001010101202013011122302030020331202111321033100311202021213222310312131120132213213221302323223332211233113233123
20000010002003010001001011000011000210212031110101110010101012020130111223020300203312021113210331003112020212132223103121311201322132132213023232233322112331132331302
20000010002003010001001011000011000210212031110101110010101012020130111223020300203312021113210331003112020212132223103121311201322132132213023232233322112331132331303
20000010002003010001001011000011000210212031110101110010101012020130111223020300203312021113210331003112020212132223103121311201322132132213023232233322112331132331312
20000010002003010001001011000011000210212031110101110010101012020130111223020300203312021113210331003112020212132223103121311201322132132213023232233322112331132331313013223
20000010002003010001001011000011000210212031110101110010101012020130111223020300203312021113210331003112020212132223103121311201322132132213023232233322112331132331313013233
200000100020030100010010110000110002102120311101011100101010120201301112230203002033120211132103310031120202121322231031213112013221321322130232322333221123311323313130133311
2000001000200301000100101100001100021021203111010111001010101202013011122302030020331202111321033100311202021213222310312131120132213213221302323223332211233113233131301333121
20000010002003010001001011000011000210212031110101110010101012020130111223020300203312021113210331003112020212132223103121311201322132132213023232233322112331132331313013331223
20000010002003010001001011000011000210212031110101110010101012020130111223020300203312021113210331003112020212132223103121311201322132132213023232233322112331132331313013331230
20000010002003010001001011000011000210212031110101110010101012020130111223020300203312021113210331003112020212132223103121311201322132132213023232233322112331132331313013331231
20000010002003010001001011000011000210212031110101110010101012020130111223020300203312021113210331003112020212132223103121311201322132132213023232233322112331132331313013331232
2000001000200301000100101100001100021021203111010111001010101202013011122302030020331202111321033100311202021213222310312131120132213213221302323223332211233113233131301333123321
2000001000200301000100101100001100021021203111010111001010101202013011122302030020331202111321033100311202021213222310312131120132213213221302323223332211233113233131301333123322
2000001000200301000100101100001100021021203111010111001010101202013011122302030020331202111321033100311202021213222310312131120132213213221302323223332211233113233131301333123323
200000100020030100010010110000110002102120311101011100101010120201301112230203002033120211132103310031120202121322231031213112013221321322130232322333221123311323313130133312333
2000001000200301000100101100001100021021203111010111001010101202013011122302030020331202111321033100311202021213222310312131120132213213221302323223332211233113233131301333133
2000001000200301000100101100001100021021203111010111001010101202013011122302030020331202111321033100311202021213222310312131120132213213221302323223332211233113233131302
2000001000200301000100101100001100021021203111010111001010101202013011122302030020331202111321033100311202021213222310312131120132213213221302323223332211233113233131303
20000010002003010001001011000011000210212031110101110010101012020130111223020300203312021113210331003112020212132223103121311201322132132213023232233322112331132332
20000010002003010001001011000011000210212031110101110010101012020130111223020300203312021113210331003112020212132223103121311201322132132213023232233322112331132333
20000010002003010001001011000011000210212031110101110010101012020130111223020300203312021113210331003112020212132223103121311201322132132213023232233322112331202
20000010002003010001001011000011000210212031110101110010101012020130111223020300203312021113210331003112020212132223103121311201322132132213023232233322112331203
200000100020030100010010110000110002102120311101011100101010120201301112230203002033120211132103310031120202121322231031213112013221321322130232322333221123312132
200000100020030100010010110000110002102120311101011100101010120201301112230203002033120211132103310031120202121322231031213112013221321322130232322333221123312133
20000010002003010001001011000011000210212031110101110010101012020130111223020300203312021113210331003112020212132223103121311201322132132213023232233322112331222
20000010002003010001001011000011000210212031110101110010101012020130111223020300203312021113210331003112020212132223103121311201322132132213023232233322112331223
2000001000200301000100101100001100021021203111010111001010101202013011122302030020331202111321033100311202021213222310312131120132213213221302323223332211233123
2000001000200301000100101100001100021021203111010111001010101202013011122302030020331202111321033100311202021213222310312131120132213213221302323223332211233130
2000001000200301000100101100001100021021203111010111001010101202013011122302030020331202111321033100311202021213222310312131120132213213221302323223332211233131
2000001000200301000100101100001100021021203111010111001010101202013011122302030020331202111321033100311202021213222310312131120132213213221302323223332211233132
2000001000200301000100101100001100021021203111010111001010101202013011122302030020331202111321033100311202021213222310312131120132213213221302323223332211233133
2000001000200301000100101100001100021021203111010111001010101202013011122302030020331202111321033100311202021213222310312131120132213213221302323223332212
2000001000200301000100101100001100021021203111010111001010101202013011122302030020331202111321033100311202021213222310312131120132213213221302323223332213
20000010002003010001001011000011000210212031110101110010101012020130111223020300203312021113210331003112020212132223103121311201322132132213023232233323
2000001000200301000100101100001100021021203111010111001010101202013011122302030020331202111321033100311202021213222310312131120132213213221303
20000010002003010001001011000011000210212031110101110010101012020130111223020300203312021113210331003112020212132223103121311202
20000010002003010001001011000011000210212031110101110010101012020130111223020300203312021113210331003112020212132223103121311203
200000100020030100010010110000110002102120311101011100101010120201301112230203002033120211132103310031120203
2000001000200301000100101100001100021021203111010111001010101202013011122302030020331202111321033101
2000001000200301000100101100001100021021203111010111001010101202013011122302030020331202111321033102
2000001000200301000100101100001100021021203111010111001010101202013011122302030020331202111321033103
2000001000200301000100101100001100021021203111010111001010101202013011122302030020331202112
2000001000200301000100101100001100021021203111010111001010101202013011122302030020331202113
20000010002003010001001011000011000210212031110101110010101012020130111223020300203312022
20000010002003010001001011000011000210212031110101110010101012020130111223020300203312023
20000010002003010001001011000011000210212031110101110010101012020130112
20000010002003010001001011000011000210212031110101110010101012020130113
2000001000200301000100101100001100021021203111010111001010102
2000001000200301000100101100001100021021203111010111001010103
200000100020030100010010110000110002102120311102
200000100020030100010010110000110002102120311103
10000001010001100001100020021020301000120311101011100101010120201301110
10000001010001100001100020021020301000120311101011100101010120201301111
100000010100011000011000200210203010001203111010111001010101202013011121
10000001010001100001100020021020301000120311101011100101010120201301112230203002030
10000001010001100001100020021020301000120311101011100101010120201301112230203002031
10000001010001100001100020021020301000120311101011100101010120201301112230203002032
10000001010001100001100020021020301000120311101011100101010120201301112230203002033120211132102
10000001010001100001100020021020301000120311101011100101010120201301112230203002033120211132103310030
100000010100011000011000200210203010001203111010111001010101202013011122302030020331202111321033100311202020
10000001010001100001100020021020301000120311101011100101010120201301112230203002033120211132103310031120202120
1000000101000110000110002002102030100012031110101110010101012020130111223020300203312021113210331003112020212130
1000000101000110000110002002102030100012031110101110010101012020130111223020300203312021113210331003112020212131
10000001010001100001100020021020301000120311101011100101010120201301112230203002033120211132103310031120202121320
10000001010001100001100020021020301000120311101011100101010120201301112230203002033120211132103310031120202121321
100000010100011000011000200210203010001203111010111001010101202013011122302030020331202111321033100311202021213221
100000010100011000011000200210203010001203111010111001010101202013011122302030020331202111321033100311202021213222310303
1000000101000110000110002002102030100012031110101110010101012020130111223020300203312021113210331003112020212132223103120
100000010100011000011000200210203010001203111010111001010101202013011122302030020331202111321033100311202021213222310312130
100000010100011000011000200210203010001203111010111001010101202013011122302030020331202111321033100311202021213222310312131120130
100000010100011000011000200210203010001203111010111001010101202013011122302030020331202111321033100311202021213222310312131120131
100000010100011000011000200210203010001203111010111001010101202013011122302030020331202111321033100311202021213222310312131120132212
10000001010001100001100020021020301000120311101011100101010120201301112230203002033120211132103310031120202121322231031213112013221320
1000000101000110000110002002102030100012031110101110010101012020130111223020300203312021113210331003112020212132223103121311201322132130
1000000101000110000110002002102030100012031110101110010101012020130111223020300203312021113210331003112020212132223103121311201322132131
100000010100011000011000200210203010001203111010111001010101202013011122302030020331202111321033100311202021213222310312131120132213213221301
100000010100011000011000200210203010001203111010111001010101202013011122302030020331202111321033100311202021213222310312131120132213213221302322
10000001010001100001100020021020301000120311101011100101010120201301112230203002033120211132103310031120202121322231031213112013221321322130232321
1000000101000110000110002002102030100012031110101110010101012020130111223020300203312021113210331003112020212132223103121311201322132132213023232233322111
100000010100011000011000200210203010001203111010111001010101202013011122302030020331202111321033100311202021213222310312131120132213213221302323223332211222
10000001010001100001100020021020301000120311101011100101010120201301112230203002033120211132103310031120202121322231031213112013221321322130232322333221122330
10000001010001100001100020021020301000120311101011100101010120201301112230203002033120211132103310031120202121322231031213112013221321322130232322333221122331
10000001010001100001100020021020301000120311101011100101010120201301112230203002033120211132103310031120202121322231031213112013221321322130232322333221122332
10000001010001100001100020021020301000120311101011100101010120201301112230203002033120211132103310031120202121322231031213112013221321322130232322333221122333
100000010100011000011000200210203010001203111010111001010101202013011122302030020331202111321033100311202021213222310312131120132213213221302323223332211232
100000010100011000011000200210203010001203111010111001010101202013011122302030020331202111321033100311202021213222310312131120132213213221302323223332211233110
100000010100011000011000200210203010001203111010111001010101202013011122302030020331202111321033100311202021213222310312131120132213213221302323223332211233111
100000010100011000011000200210203010001203111010111001010101202013011122302030020331202111321033100311202021213222310312131120132213213221302323223332211233112
10000001010001100001100020021020301000120311101011100101010120201301112230203002033120211132103310031120202121322231031213112013221321322130232322333221123311320
10000001010001100001100020021020301000120311101011100101010120201301112230203002033120211132103310031120202121322231031213112013221321322130232322333221123311321
10000001010001100001100020021020301000120311101011100101010120201301112230203002033120211132103310031120202121322231031213112013221321322130232322333221123311322
100000010100011000011000200210203010001203111010111001010101202013011122302030020331202111321033100311202021213222310312131120132213213221302323223332211233113233033
100000010100011000011000200210203010001203111010111001010101202013011122302030020331202111321033100311202021213222310312131120132213213221302323223332211233113233122
100000010100011000011000200210203010001203111010111001010101202013011122302030020331202111321033100311202021213222310312131120132213213221302323223332211233113233123
1000000101000110000110002002102030100012031110101110010101012020130111223020300203312021113210331003112020212132223103121311201322132132213023232233322112331132331302
1000000101000110000110002002102030100012031110101110010101012020130111223020300203312021113210331003112020212132223103121311201322132132213023232233322112331132331303
1000000101000110000110002002102030100012031110101110010101012020130111223020300203312021113210331003112020212132223103121311201322132132213023232233322112331132331312
1000000101000110000110002002102030100012031110101110010101012020130111223020300203312021113210331003112020212132223103121311201322132132213023232233322112331132331313013223
1000000101000110000110002002102030100012031110101110010101012020130111223020300203312021113210331003112020212132223103121311201322132132213023232233322112331132331313013233
10000001010001100001100020021020301000120311101011100101010120201301112230203002033120211132103310031120202121322231031213112013221321322130232322333221123311323313130133311
100000010100011000011000200210203010001203111010111001010101202013011122302030020331202111321033100311202021213222310312131120132213213221302323223332211233113233131301333121
1000000101000110000110002002102030100012031110101110010101012020130111223020300203312021113210331003112020212132223103121311201322132132213023232233322112331132331313013331223
1000000101000110000110002002102030100012031110101110010101012020130111223020300203312021113210331003112020212132223103121311201322132132213023232233322112331132331313013331230
1000000101000110000110002002102030100012031110101110010101012020130111223020300203312021113210331003112020212132223103121311201322132132213023232233322112331132331313013331231
1000000101000110000110002002102030100012031110101110010101012020130111223020300203312021113210331003112020212132223103121311201322132132213023232233322112331132331313013331232
100000010100011000011000200210203010001203111010111001010101202013011122302030020331202111321033100311202021213222310312131120132213213221302323223332211233113233131301333123321
100000010100011000011000200210203010001203111010111001010101202013011122302030020331202111321033100311202021213222310312131120132213213221302323223332211233113233131301333123322
100000010100011000011000200210203010001203111010111001010101202013011122302030020331202111321033100311202021213222310312131120132213213221302323223332211233113233131301333123323
10000001010001100001100020021020301000120311101011100101010120201301112230203002033120211132103310031120202121322231031213112013221321322130232322333221123311323313130133312333
100000010100011000011000200210203010001203111010111001010101202013011122302030020331202111321033100311202021213222310312131120132213213221302323223332211233113233131301333133
100000010100011000011000200210203010001203111010111001010101202013011122302030020331202111321033100311202021213222310312131120132213213221302323223332211233113233131302
100000010100011000011000200210203010001203111010111001010101202013011122302030020331202111321033100311202021213222310312131120132213213221302323223332211233113233131303
1000000101000110000110002002102030100012031110101110010101012020130111223020300203312021113210331003112020212132223103121311201322132132213023232233322112331132332
1000000101000110000110002002102030100012031110101110010101012020130111223020300203312021113210331003112020212132223103121311201322132132213023232233322112331132333
1000000101000110000110002002102030100012031110101110010101012020130111223020300203312021113210331003112020212132223103121311201322132132213023232233322112331202
1000000101000110000110002002102030100012031110101110010101012020130111223020300203312021113210331003112020212132223103121311201322132132213023232233322112331203
10000001010001100001100020021020301000120311101011100101010120201301112230203002033120211132103310031120202121322231031213112013221321322130232322333221123312132
10000001010001100001100020021020301000120311101011100101010120201301112230203002033120211132103310031120202121322231031213112013221321322130232322333221123312133
1000000101000110000110002002102030100012031110101110010101012020130111223020300203312021113210331003112020212132223103121311201322132132213023232233322112331222
1000000101000110000110002002102030100012031110101110010101012020130111223020300203312021113210331003112020212132223103121311201322132132213023232233322112331223
100000010100011000011000200210203010001203111010111001010101202013011122302030020331202111321033100311202021213222310312131120132213213221302323223332211233123
100000010100011000011000200210203010001203111010111001010101202013011122302030020331202111321033100311202021213222310312131120132213213221302323223332211233130
100000010100011000011000200210203010001203111010111001010101202013011122302030020331202111321033100311202021213222310312131120132213213221302323223332211233131
100000010100011000011000200210203010001203111010111001010101202013011122302030020331202111321033100311202021213222310312131120132213213221302323223332211233132
100000010100011000011000200210203010001203111010111001010101202013011122302030020331202111321033100311202021213222310312131120132213213221302323223332211233133
100000010100011000011000200210203010001203111010111001010101202013011122302030020331202111321033100311202021213222310312131120132213213221302323223332212
100000010100011000011000200210203010001203111010111001010101202013011122302030020331202111321033100311202021213222310312131120132213213221302323223332213
1000000101000110000110002002102030100012031110101110010101012020130111223020300203312021113210331003112020212132223103121311201322132132213023232233323
100000010100011000011000200210203010001203111010111001010101202013011122302030020331202111321033100311202021213222310312131120132213213221303
1000000101000110000110002002102030100012031110101110010101012020130111223020300203312021113210331003112020212132223103121311202
1000000101000110000110002002102030100012031110101110010101012020130111223020300203312021113210331003112020212132223103121311203
10000001010001100001100020021020301000120311101011100101010120201301112230203002033120211132103310031120203
100000010100011000011000200210203010001203111010111001010101202013011122302030020331202111321033101
100000010100011000011000200210203010001203111010111001010101202013011122302030020331202111321033102
100000010100011000011000200210203010001203111010111001010101202013011122302030020331202111321033103
100000010100011000011000200210203010001203111010111001010101202013011122302030020331202112
100000010100011000011000200210203010001203111010111001010101202013011122302030020331202113
1000000101000110000110002002102030100012031110101110010101012020130111223020300203312022
1000000101000110000110002002102030100012031110101110010101012020130111223020300203312023
1000000101000110000110002002102030100012031110101110010101012020130112
1000000101000110000110002002102030100012031110101110010101012020130113
100000010100011000011000200210203010001203111010111001010102
100000010100011000011000200210203010001203111010111001010103
10000001010001100001100020021020301000120311102
10000001010001100001100020021020301000120311103
300000001001010001100100020021020301000110100201011010111020120311203002030
300000001001010001100100020021020301000110100201011010111020120311203002031301110
300000001001010001100100020021020301000110100201011010111020120311203002031301111
3000000010010100011001000200210203010001101002010110101110201203112030020313011121
30000000100101000110010002002102030100011010020101101011102012031120300203130111223120211132102
30000000100101000110010002002102030100011010020101101011102012031120300203130111223120211132103310030
300000001001010001100100020021020301000110100201011010111020120311203002031301112231202111321033100311202020
30000000100101000110010002002102030100011010020101101011102012031120300203130111223120211132103310031120202120
3000000010010100011001000200210203010001101002010110101110201203112030020313011122312021113210331003112020212130
3000000010010100011001000200210203010001101002010110101110201203112030020313011122312021113210331003112020212131
30000000100101000110010002002102030100011010020101101011102012031120300203130111223120211132103310031120202121320
30000000100101000110010002002102030100011010020101101011102012031120300203130111223120211132103310031120202121321
300000001001010001100100020021020301000110100201011010111020120311203002031301112231202111321033100311202021213221
300000001001010001100100020021020301000110100201011010111020120311203002031301112231202111321033100311202021213222310303
3000000010010100011001000200210203010001101002010110101110201203112030020313011122312021113210331003112020212132223103120
300000001001010001100100020021020301000110100201011010111020120311203002031301112231202111321033100311202021213222310312130
300000001001010001100100020021020301000110100201011010111020120311203002031301112231202111321033100311202021213222310312131120130
300000001001010001100100020021020301000110100201011010111020120311203002031301112231202111321033100311202021213222310312131120131
300000001001010001100100020021020301000110100201011010111020120311203002031301112231202111321033100311202021213222310312131120132212
30000000100101000110010002002102030100011010020101101011102012031120300203130111223120211132103310031120202121322231031213112013221320
3000000010010100011001000200210203010001101002010110101110201203112030020313011122312021113210331003112020212132223103121311201322132130
3000000010010100011001000200210203010001101002010110101110201203112030020313011122312021113210331003112020212132223103121311201322132131
300000001001010001100100020021020301000110100201011010111020120311203002031301112231202111321033100311202021213222310312131120132213213221301
300000001001010001100100020021020301000110100201011010111020120311203002031301112231202111321033100311202021213222310312131120132213213221302322
30000000100101000110010002002102030100011010020101101011102012031120300203130111223120211132103310031120202121322231031213112013221321322130232321
3000000010010100011001000200210203010001101002010110101110201203112030020313011122312021113210331003112020212132223103121311201322132132213023232233322111
300000001001010001100100020021020301000110100201011010111020120311203002031301112231202111321033100311202021213222310312131120132213213221302323223332211222
30000000100101000110010002002102030100011010020101101011102012031120300203130111223120211132103310031120202121322231031213112013221321322130232322333221122330
30000000100101000110010002002102030100011010020101101011102012031120300203130111223120211132103310031120202121322231031213112013221321322130232322333221122331
30000000100101000110010002002102030100011010020101101011102012031120300203130111223120211132103310031120202121322231031213112013221321322130232322333221122332
30000000100101000110010002002102030100011010020101101011102012031120300203130111223120211132103310031120202121322231031213112013221321322130232322333221122333
300000001001010001100100020021020301000110100201011010111020120311203002031301112231202111321033100311202021213222310312131120132213213221302323223332211232
300000001001010001100100020021020301000110100201011010111020120311203002031301112231202111321033100311202021213222310312131120132213213221302323223332211233110
300000001001010001100100020021020301000110100201011010111020120311203002031301112231202111321033100311202021213222310312131120132213213221302323223332211233111
300000001001010001100100020021020301000110100201011010111020120311203002031301112231202111321033100311202021213222310312131120132213213221302323223332211233112
30000000100101000110010002002102030100011010020101101011102012031120300203130111223120211132103310031120202121322231031213112013221321322130232322333221123311320
30000000100101000110010002002102030100011010020101101011102012031120300203130111223120211132103310031120202121322231031213112013221321322130232322333221123311321
30000000100101000110010002002102030100011010020101101011102012031120300203130111223120211132103310031120202121322231031213112013221321322130232322333221123311322
300000001001010001100100020021020301000110100201011010111020120311203002031301112231202111321033100311202021213222310312131120132213213221302323223332211233113233033
300000001001010001100100020021020301000110100201011010111020120311203002031301112231202111321033100311202021213222310312131120132213213221302323223332211233113233122
300000001001010001100100020021020301000110100201011010111020120311203002031301112231202111321033100311202021213222310312131120132213213221302323223332211233113233123
3000000010010100011001000200210203010001101002010110101110201203112030020313011122312021113210331003112020212132223103121311201322132132213023232233322112331132331302
3000000010010100011001000200210203010001101002010110101110201203112030020313011122312021113210331003112020212132223103121311201322132132213023232233322112331132331303
3000000010010100011001000200210203010001101002010110101110201203112030020313011122312021113210331003112020212132223103121311201322132132213023232233322112331132331312
3000000010010100011001000200210203010001101002010110101110201203112030020313011122312021113210331003112020212132223103121311201322132132213023232233322112331132331313013223
3000000010010100011001000200210203010001101002010110101110201203112030020313011122312021113210331003112020212132223103121311201322132132213023232233322112331132331313013233
30000000100101000110010002002102030100011010020101101011102012031120300203130111223120211132103310031120202121322231031213112013221321322130232322333221123311323313130133311
300000001001010001100100020021020301000110100201011010111020120311203002031301112231202111321033100311202021213222310312131120132213213221302323223332211233113233131301333121
3000000010010100011001000200210203010001101002010110101110201203112030020313011122312021113210331003112020212132223103121311201322132132213023232233322112331132331313013331223
3000000010010100011001000200210203010001101002010110101110201203112030020313011122312021113210331003112020212132223103121311201322132132213023232233322112331132331313013331230
3000000010010100011001000200210203010001101002010110101110201203112030020313011122312021113210331003112020212132223103121311201322132132213023232233322112331132331313013331231
3000000010010100011001000200210203010001101002010110101110201203112030020313011122312021113210331003112020212132223103121311201322132132213023232233322112331132331313013331232
300000001001010001100100020021020301000110100201011010111020120311203002031301112231202111321033100311202021213222310312131120132213213221302323223332211233113233131301333123321
300000001001010001100100020021020301000110100201011010111020120311203002031301112231202111321033100311202021213222310312131120132213213221302323223332211233113233131301333123322
300000001001010001100100020021020301000110100201011010111020120311203002031301112231202111321033100311202021213222310312131120132213213221302323223332211233113233131301333123323
300000001001010001100100020021020301000110100201011010111020120311203002031301112231202111321033100311202021213222310312131120132213213221302323223332211233113233131301333123332
300000001001010001100100020021020301000110100201011010111020120311203002031301112231202111321033100311202021213222310312131120132213213221302323223332211233113233131301333123333
300000001001010001100100020021020301000110100201011010111020120311203002031301112231202111321033100311202021213222310312131120132213213221302323223332211233113233131301333133
300000001001010001100100020021020301000110100201011010111020120311203002031301112231202111321033100311202021213222310312131120132213213221302323223332211233113233131302
300000001001010001100100020021020301000110100201011010111020120311203002031301112231202111321033100311202021213222310312131120132213213221302323223332211233113233131303
3000000010010100011001000200210203010001101002010110101110201203112030020313011122312021113210331003112020212132223103121311201322132132213023232233322112331132332
3000000010010100011001000200210203010001101002010110101110201203112030020313011122312021113210331003112020212132223103121311201322132132213023232233322112331132333
3000000010010100011001000200210203010001101002010110101110201203112030020313011122312021113210331003112020212132223103121311201322132132213023232233322112331202
3000000010010100011001000200210203010001101002010110101110201203112030020313011122312021113210331003112020212132223103121311201322132132213023232233322112331203
30000000100101000110010002002102030100011010020101101011102012031120300203130111223120211132103310031120202121322231031213112013221321322130232322333221123312132
30000000100101000110010002002102030100011010020101101011102012031120300203130111223120211132103310031120202121322231031213112013221321322130232322333221123312133
3000000010010100011001000200210203010001101002010110101110201203112030020313011122312021113210331003112020212132223103121311201322132132213023232233322112331222
3000000010010100011001000200210203010001101002010110101110201203112030020313011122312021113210331003112020212132223103121311201322132132213023232233322112331223
300000001001010001100100020021020301000110100201011010111020120311203002031301112231202111321033100311202021213222310312131120132213213221302323223332211233123
300000001001010001100100020021020301000110100201011010111020120311203002031301112231202111321033100311202021213222310312131120132213213221302323223332211233130
300000001001010001100100020021020301000110100201011010111020120311203002031301112231202111321033100311202021213222310312131120132213213221302323223332211233131
300000001001010001100100020021020301000110100201011010111020120311203002031301112231202111321033100311202021213222310312131120132213213221302323223332211233132
300000001001010001100100020021020301000110100201011010111020120311203002031301112231202111321033100311202021213222310312131120132213213221302323223332211233133
300000001001010001100100020021020301000110100201011010111020120311203002031301112231202111321033100311202021213222310312131120132213213221302323223332212
300000001001010001100100020021020301000110100201011010111020120311203002031301112231202111321033100311202021213222310312131120132213213221302323223332213
3000000010010100011001000200210203010001101002010110101110201203112030020313011122312021113210331003112020212132223103121311201322132132213023232233323
300000001001010001100100020021020301000110100201011010111020120311203002031301112231202111321033100311202021213222310312131120132213213221303
3000000010010100011001000200210203010001101002010110101110201203112030020313011122312021113210331003112020212132223103121311202
3000000010010100011001000200210203010001101002010110101110201203112030020313011122312021113210331003112020212132223103121311203
30000000100101000110010002002102030100011010020101101011102012031120300203130111223120211132103310031120203
300000001001010001100100020021020301000110100201011010111020120311203002031301112231202111321033101
300000001001010001100100020021020301000110100201011010111020120311203002031301112231202111321033102
300000001001010001100100020021020301000110100201011010111020120311203002031301112231202111321033103
300000001001010001100100020021020301000110100201011010111020120311203002031301112231202112
300000001001010001100100020021020301000110100201011010111020120311203002031301112231202113
3000000010010100011001000200210203010001101002010110101110201203112030020313011122312022
3000000010010100011001000200210203010001101002010110101110201203112030020313011122312023
30000000100101000110010002002102030100011010020101101011102012031120300203130112
30000000100101000110010002002102030100011010020101101011102012031120300203130113
30000000100101000110010002002102030100011010020101102
30000000100101000110010002002102030100011010020101103
30000000100101000110010002002102030100011010020102
30000000100101000110010002002102030100011010020103
