001000010011001001100011020211020301200
0010000100110010011000110202110203012011210200021020130220121
001000010011001001100011020211020301201121020002102013022012230021030302
001000010011001001100011020211020301201121020002102013022012230021030303110
00100001001100100110001102021102030120112102000210201302201223002103030311103120311120
0010000100110010011000110202110203012011210200021020130220122300210303031110312031112123213130301
00100001001100100110001102021102030120112102000210201302201223002103030311103120311121232131303021320010
00100001001100100110001102021102030120112102000210201302201223002103030311103120311121232131303021320011
00100001001100100110001102021102030120112102000210201302201223002103030311103120311121232131303021320012130
0010000100110010011000110202110203012011210200021020130220122300210303031110312031112123213130302132001213130310
00100001001100100110001102021102030120112102000210201302201223002103030311103120311121232131303021320012131303112220
00100001001100100110001102021102030120112102000210201302201223002103030311103120311121232131303021320012131303112221
00100001001100100110001102021102030120112102000210201302201223002103030311103120311121232131303021320012131303112222
0010000100110010011000110202110203012011210200021020130220122300210303031110312031112123213130302132001213130311222332
0010000100110010011000110202110203012011210200021020130220122300210303031110312031112123213130302132001213130311222333
001000010011001001100011020211020301201121020002102013022012230021030303111031203111212321313030213200121313031122301
0010000100110010011000110202110203012011210200021020130220122300210303031110312031112123213130302132001213130311223023220313312
001000010011001001100011020211020301201121020002102013022012230021030303111031203111212321313030213200121313031122302322031331311
001000010011001001100011020211020301201121020002102013022012230021030303111031203111212321313030213200121313031122302322031331312
001000010011001001100011020211020301201121020002102013022012230021030303111031203111212321313030213200121313031122302322031331313
0010000100110010011000110202110203012011210200021020130220122300210303031110312031112123213130302132001213130311223023220313313203221
001000010011001001100011020211020301201121020002102013022012230021030303111031203111212321313030213200121313031122302322031331320322230
001000010011001001100011020211020301201121020002102013022012230021030303111031203111212321313030213200121313031122302322031331320322231
001000010011001001100011020211020301201121020002102013022012230021030303111031203111212321313030213200121313031122302322031331320322232
001000010011001001100011020211020301201121020002102013022012230021030303111031203111212321313030213200121313031122302322031331320322233
001000010011001001100011020211020301201121020002102013022012230021030303111031203111212321313030213200121313031122302322031331320323
001000010011001001100011020211020301201121020002102013022012230021030303111031203111212321313030213200121313031122302322031331320332
0010000100110010011000110202110203012011210200021020130220122300210303031110312031112123213130302132001213130311223023220313313203333
0010000100110010011000110202110203012011210200021020130220122300210303031110312031112123213130302132001213130311223023220313320
0010000100110010011000110202110203012011210200021020130220122300210303031110312031112123213130302132001213130311223023220313321
001000010011001001100011020211020301201121020002102013022012230021030303111031203111212321313030213200121313031122302322031332230
0010000100110010011000110202110203012011210200021020130220122300210303031110312031112123213130302132001213130311223023220313322312
00100001001100100110001102021102030120112102000210201302201223002103030311103120311121232131303021320012131303112230232203133223133
0010000100110010011000110202110203012011210200021020130220122300210303031110312031112123213130302132001213130311223023220313322322
0010000100110010011000110202110203012011210200021020130220122300210303031110312031112123213130302132001213130311223023220313322323
0010000100110010011000110202110203012011210200021020130220122300210303031110312031112123213130302132001213130311223023220313322332
0010000100110010011000110202110203012011210200021020130220122300210303031110312031112123213130302132001213130311223023220313322333
001000010011001001100011020211020301201121020002102013022012230021030303111031203111212321313030213200121313031122302322031333
0010000100110010011000110202110203012011210200021020130220122300210303031110312031112123213130302132001213130311223023221
0010000100110010011000110202110203012011210200021020130220122300210303031110312031112123213130302132001213130311223023222
0010000100110010011000110202110203012011210200021020130220122300210303031110312031112123213130302132001213130311223023223
001000010011001001100011020211020301201121020002102013022012230021030303111031203111212321313030213200121313031122302323020
001000010011001001100011020211020301201121020002102013022012230021030303111031203111212321313030213200121313031122302323021
001000010011001001100011020211020301201121020002102013022012230021030303111031203111212321313030213200121313031122302323022
001000010011001001100011020211020301201121020002102013022012230021030303111031203111212321313030213200121313031122302323023
001000010011001001100011020211020301201121020002102013022012230021030303111031203111212321313030213200121313031122302323030
0010000100110010011000110202110203012011210200021020130220122300210303031110312031112123213130302132001213130311223023230311
0010000100110010011000110202110203012011210200021020130220122300210303031110312031112123213130302132001213130311223023230312
0010000100110010011000110202110203012011210200021020130220122300210303031110312031112123213130302132001213130311223023230313
001000010011001001100011020211020301201121020002102013022012230021030303111031203111212321313030213200121313031122302323032
001000010011001001100011020211020301201121020002102013022012230021030303111031203111212321313030213200121313031122302323033
0010000100110010011000110202110203012011210200021020130220122300210303031110312031112123213130302132001213130311223023231
0010000100110010011000110202110203012011210200021020130220122300210303031110312031112123213130302132001213130311223023232
0010000100110010011000110202110203012011210200021020130220122300210303031110312031112123213130302132001213130311223023233
00100001001100100110001102021102030120112102000210201302201223002103030311103120311121232131303021320012131303113
0010000100110010011000110202110203012011210200021020130220122300210303031110312031112123213130302132001213131
0010000100110010011000110202110203012011210200021020130220122300210303031110312031112123213130302132001213132
0010000100110010011000110202110203012011210200021020130220122300210303031110312031112123213130302132001213133
0010000100110010011000110202110203012011210200021020130220122300210303031110312031112123213130302132002
0010000100110010011000110202110203012011210200021020130220122300210303031110312031112123213130302132003
001000010011001001100011020211020301201121020002102013022012230021030303111031203111212322
001000010011001001100011020211020301201121020002102013022012230021030303111031203111212323
00100001001100100110001102021102030120112102000210201302201223002103030311103120311122
00100001001100100110001102021102030120112102000210201302201223002103030311103120311123
00100001001100100110001102021102030120112102000210201302201223002103030312
00100001001100100110001102021102030120112102000210201302201223002103030313
00100001001100100110001102021102030120112102000210201303
0010000100110010011000111
0010000100110010011000112
0010000100110010011000113
001000010011001001101
001000010011001001102
001000010011001001103
200000010100020010110001102011202103002111200
200000010100020010110001102011202103002111201302101220201
200000010100020010110001102011202103002111201302101220202301021030210310
200000010100020010110001102011202103002111201302101220202301021030210311120
20000001010002001011000110201120210300211120130210122020230102103021031112122
2000000101000200101100011020112021030021112013021012202023010210302103111212311203032131303021320010311
2000000101000200101100011020112021030021112013021012202023010210302103111212311203032131303021320010312220
200000010100020010110001102011202103002111201302101220202301021030210311121231120303213130302132001031222130310
2000000101000200101100011020112021030021112013021012202023010210302103111212311203032131303021320010312221303113133122
200000010100020010110001102011202103002111201302101220202301021030210311121231120303213130302132001031222130311313312330
200000010100020010110001102011202103002111201302101220202301021030210311121231120303213130302132001031222130311313312331
200000010100020010110001102011202103002111201302101220202301021030210311121231120303213130302132001031222130311313312332
200000010100020010110001102011202103002111201302101220202301021030210311121231120303213130302132001031222130311313312333
20000001010002001011000110201120210300211120130210122020230102103021031112123112030321313030213200103122213031131331301
200000010100020010110001102011202103002111201302101220202301021030210311121231120303213130302132001031222130311313313023211
200000010100020010110001102011202103002111201302101220202301021030210311121231120303213130302132001031222130311313313023212203220332
20000001010002001011000110201120210300211120130210122020230102103021031112123112030321313030213200103122213031131331302321220322033311
20000001010002001011000110201120210300211120130210122020230102103021031112123112030321313030213200103122213031131331302321220322033312
20000001010002001011000110201120210300211120130210122020230102103021031112123112030321313030213200103122213031131331302321220322033313
20000001010002001011000110201120210300211120130210122020230102103021031112123112030321313030213200103122213031131331302321220322033321
2000000101000200101100011020112021030021112013021012202023010210302103111212311203032131303021320010312221303113133130232122032203332230
2000000101000200101100011020112021030021112013021012202023010210302103111212311203032131303021320010312221303113133130232122032203332231
2000000101000200101100011020112021030021112013021012202023010210302103111212311203032131303021320010312221303113133130232122032203332232
2000000101000200101100011020112021030021112013021012202023010210302103111212311203032131303021320010312221303113133130232122032203332233
2000000101000200101100011020112021030021112013021012202023010210302103111212311203032131303021320010312221303113133130232122032203333
20000001010002001011000110201120210300211120130210122020230102103021031112123112030321313030213200103122213031131331302321220323
20000001010002001011000110201120210300211120130210122020230102103021031112123112030321313030213200103122213031131331302321221
200000010100020010110001102011202103002111201302101220202301021030210311121231120303213130302132001031222130311313313023212220
200000010100020010110001102011202103002111201302101220202301021030210311121231120303213130302132001031222130311313313023212221
20000001010002001011000110201120210300211120130210122020230102103021031112123112030321313030213200103122213031131331302321222230
2000000101000200101100011020112021030021112013021012202023010210302103111212311203032131303021320010312221303113133130232122223123
2000000101000200101100011020112021030021112013021012202023010210302103111212311203032131303021320010312221303113133130232122223133
200000010100020010110001102011202103002111201302101220202301021030210311121231120303213130302132001031222130311313313023212222322
200000010100020010110001102011202103002111201302101220202301021030210311121231120303213130302132001031222130311313313023212222323
200000010100020010110001102011202103002111201302101220202301021030210311121231120303213130302132001031222130311313313023212222332
200000010100020010110001102011202103002111201302101220202301021030210311121231120303213130302132001031222130311313313023212222333
20000001010002001011000110201120210300211120130210122020230102103021031112123112030321313030213200103122213031131331302321223
20000001010002001011000110201120210300211120130210122020230102103021031112123112030321313030213200103122213031131331302321230010
20000001010002001011000110201120210300211120130210122020230102103021031112123112030321313030213200103122213031131331302321230011
20000001010002001011000110201120210300211120130210122020230102103021031112123112030321313030213200103122213031131331302321230012
20000001010002001011000110201120210300211120130210122020230102103021031112123112030321313030213200103122213031131331302321230013
20000001010002001011000110201120210300211120130210122020230102103021031112123112030321313030213200103122213031131331302321230021
20000001010002001011000110201120210300211120130210122020230102103021031112123112030321313030213200103122213031131331302321230022
20000001010002001011000110201120210300211120130210122020230102103021031112123112030321313030213200103122213031131331302321230023
20000001010002001011000110201120210300211120130210122020230102103021031112123112030321313030213200103122213031131331302321230030
20000001010002001011000110201120210300211120130210122020230102103021031112123112030321313030213200103122213031131331302321230031
20000001010002001011000110201120210300211120130210122020230102103021031112123112030321313030213200103122213031131331302321230032
20000001010002001011000110201120210300211120130210122020230102103021031112123112030321313030213200103122213031131331302321230033
20000001010002001011000110201120210300211120130210122020230102103021031112123112030321313030213200103122213031131331302321231
20000001010002001011000110201120210300211120130210122020230102103021031112123112030321313030213200103122213031131331302321232
20000001010002001011000110201120210300211120130210122020230102103021031112123112030321313030213200103122213031131331302321233
200000010100020010110001102011202103002111201302101220202301021030210311121231120303213130302132001031222130311313313023213
20000001010002001011000110201120210300211120130210122020230102103021031112123112030321313030213200103122213031131332
20000001010002001011000110201120210300211120130210122020230102103021031112123112030321313030213200103122213031131333
200000010100020010110001102011202103002111201302101220202301021030210311121231120303213130302132001031222131
200000010100020010110001102011202103002111201302101220202301021030210311121231120303213130302132001031222132
200000010100020010110001102011202103002111201302101220202301021030210311121231120303213130302132001031222133
200000010100020010110001102011202103002111201302101220202301021030210311121231120303213130302132002
200000010100020010110001102011202103002111201302101220202301021030210311121231120303213130302132003
20000001010002001011000110201120210300211120130210122020230102103021031112123112030322
20000001010002001011000110201120210300211120130210122020230102103021031112123112030323
2000000101000200101100011020112021030021112013021012202023010210302103111212312
2000000101000200101100011020112021030021112013021012202023010210302103111212313
200000010100020010110001102011202103002111201302101220202301021030210311122
200000010100020010110001102011202103002111201302101220202301021030210311123
200000010100020010110001102011202103002111201303
20000001010002001011000111
20000001010002001011000112
20000001010002001011000113
2000000101000200101101
2000000101000200101102
2000000101000200101103
1000010011001001100011020211020301200
10000100110010011000110202110203012011210200021020130220121
1000010011001001100011020211020301201121020002102013022012230021030302
1000010011001001100011020211020301201121020002102013022012230021030303110
100001001100100110001102021102030120112102000210201302201223002103030311103120311120
10000100110010011000110202110203012011210200021020130220122300210303031110312031112123213130301
100001001100100110001102021102030120112102000210201302201223002103030311103120311121232131303021320010
100001001100100110001102021102030120112102000210201302201223002103030311103120311121232131303021320011
100001001100100110001102021102030120112102000210201302201223002103030311103120311121232131303021320012130
10000100110010011000110202110203012011210200021020130220122300210303031110312031112123213130302132001213130310
100001001100100110001102021102030120112102000210201302201223002103030311103120311121232131303021320012131303112220
100001001100100110001102021102030120112102000210201302201223002103030311103120311121232131303021320012131303112221
100001001100100110001102021102030120112102000210201302201223002103030311103120311121232131303021320012131303112222
10000100110010011000110202110203012011210200021020130220122300210303031110312031112123213130302132001213130311222332
10000100110010011000110202110203012011210200021020130220122300210303031110312031112123213130302132001213130311222333
1000010011001001100011020211020301201121020002102013022012230021030303111031203111212321313030213200121313031122301
10000100110010011000110202110203012011210200021020130220122300210303031110312031112123213130302132001213130311223023220313312
1000010011001001100011020211020301201121020002102013022012230021030303111031203111212321313030213200121313031122302322031331311
1000010011001001100011020211020301201121020002102013022012230021030303111031203111212321313030213200121313031122302322031331312
1000010011001001100011020211020301201121020002102013022012230021030303111031203111212321313030213200121313031122302322031331313
10000100110010011000110202110203012011210200021020130220122300210303031110312031112123213130302132001213130311223023220313313203221
1000010011001001100011020211020301201121020002102013022012230021030303111031203111212321313030213200121313031122302322031331320322230
1000010011001001100011020211020301201121020002102013022012230021030303111031203111212321313030213200121313031122302322031331320322231
1000010011001001100011020211020301201121020002102013022012230021030303111031203111212321313030213200121313031122302322031331320322232
1000010011001001100011020211020301201121020002102013022012230021030303111031203111212321313030213200121313031122302322031331320322233
1000010011001001100011020211020301201121020002102013022012230021030303111031203111212321313030213200121313031122302322031331320323
1000010011001001100011020211020301201121020002102013022012230021030303111031203111212321313030213200121313031122302322031331320332
10000100110010011000110202110203012011210200021020130220122300210303031110312031112123213130302132001213130311223023220313313203333
10000100110010011000110202110203012011210200021020130220122300210303031110312031112123213130302132001213130311223023220313320
10000100110010011000110202110203012011210200021020130220122300210303031110312031112123213130302132001213130311223023220313321
1000010011001001100011020211020301201121020002102013022012230021030303111031203111212321313030213200121313031122302322031332230
10000100110010011000110202110203012011210200021020130220122300210303031110312031112123213130302132001213130311223023220313322312
100001001100100110001102021102030120112102000210201302201223002103030311103120311121232131303021320012131303112230232203133223133
10000100110010011000110202110203012011210200021020130220122300210303031110312031112123213130302132001213130311223023220313322322
10000100110010011000110202110203012011210200021020130220122300210303031110312031112123213130302132001213130311223023220313322323
10000100110010011000110202110203012011210200021020130220122300210303031110312031112123213130302132001213130311223023220313322332
10000100110010011000110202110203012011210200021020130220122300210303031110312031112123213130302132001213130311223023220313322333
1000010011001001100011020211020301201121020002102013022012230021030303111031203111212321313030213200121313031122302322031333
10000100110010011000110202110203012011210200021020130220122300210303031110312031112123213130302132001213130311223023221
10000100110010011000110202110203012011210200021020130220122300210303031110312031112123213130302132001213130311223023222
10000100110010011000110202110203012011210200021020130220122300210303031110312031112123213130302132001213130311223023223
10000100110010011000110202110203012011210200021020130220122300210303031110312031112123213130302132001213130311223023230011
10000100110010011000110202110203012011210200021020130220122300210303031110312031112123213130302132001213130311223023230012
10000100110010011000110202110203012011210200021020130220122300210303031110312031112123213130302132001213130311223023230013
10000100110010011000110202110203012011210200021020130220122300210303031110312031112123213130302132001213130311223023230020
10000100110010011000110202110203012011210200021020130220122300210303031110312031112123213130302132001213130311223023230021
10000100110010011000110202110203012011210200021020130220122300210303031110312031112123213130302132001213130311223023230022
10000100110010011000110202110203012011210200021020130220122300210303031110312031112123213130302132001213130311223023230023
10000100110010011000110202110203012011210200021020130220122300210303031110312031112123213130302132001213130311223023230030
10000100110010011000110202110203012011210200021020130220122300210303031110312031112123213130302132001213130311223023230031
10000100110010011000110202110203012011210200021020130220122300210303031110312031112123213130302132001213130311223023230032
10000100110010011000110202110203012011210200021020130220122300210303031110312031112123213130302132001213130311223023230033
10000100110010011000110202110203012011210200021020130220122300210303031110312031112123213130302132001213130311223023231
10000100110010011000110202110203012011210200021020130220122300210303031110312031112123213130302132001213130311223023232
10000100110010011000110202110203012011210200021020130220122300210303031110312031112123213130302132001213130311223023233
100001001100100110001102021102030120112102000210201302201223002103030311103120311121232131303021320012131303113
10000100110010011000110202110203012011210200021020130220122300210303031110312031112123213130302132001213131
10000100110010011000110202110203012011210200021020130220122300210303031110312031112123213130302132001213132
10000100110010011000110202110203012011210200021020130220122300210303031110312031112123213130302132001213133
10000100110010011000110202110203012011210200021020130220122300210303031110312031112123213130302132002
10000100110010011000110202110203012011210200021020130220122300210303031110312031112123213130302132003
1000010011001001100011020211020301201121020002102013022012230021030303111031203111212322
1000010011001001100011020211020301201121020002102013022012230021030303111031203111212323
100001001100100110001102021102030120112102000210201302201223002103030311103120311122
100001001100100110001102021102030120112102000210201302201223002103030311103120311123
100001001100100110001102021102030120112102000210201302201223002103030312
100001001100100110001102021102030120112102000210201302201223002103030313
100001001100100110001102021102030120112102000210201303
10000100110010011000111
10000100110010011000112
10000100110010011000113
1000010011001001101
1000010011001001102
1000010011001001103
3001000010011001001100011020211020301200
30010000100110010011000110202110203012011210200021020130220121
3001000010011001001100011020211020301201121020002102013022012230021030302
3001000010011001001100011020211020301201121020002102013022012230021030303110
300100001001100100110001102021102030120112102000210201302201223002103030311103120311120
30010000100110010011000110202110203012011210200021020130220122300210303031110312031112123213130301
300100001001100100110001102021102030120112102000210201302201223002103030311103120311121232131303021320010
300100001001100100110001102021102030120112102000210201302201223002103030311103120311121232131303021320011
300100001001100100110001102021102030120112102000210201302201223002103030311103120311121232131303021320012130
30010000100110010011000110202110203012011210200021020130220122300210303031110312031112123213130302132001213130310
300100001001100100110001102021102030120112102000210201302201223002103030311103120311121232131303021320012131303112220
300100001001100100110001102021102030120112102000210201302201223002103030311103120311121232131303021320012131303112221
300100001001100100110001102021102030120112102000210201302201223002103030311103120311121232131303021320012131303112222
30010000100110010011000110202110203012011210200021020130220122300210303031110312031112123213130302132001213130311222332
30010000100110010011000110202110203012011210200021020130220122300210303031110312031112123213130302132001213130311222333
3001000010011001001100011020211020301201121020002102013022012230021030303111031203111212321313030213200121313031122301
30010000100110010011000110202110203012011210200021020130220122300210303031110312031112123213130302132001213130311223023220313312
3001000010011001001100011020211020301201121020002102013022012230021030303111031203111212321313030213200121313031122302322031331311
3001000010011001001100011020211020301201121020002102013022012230021030303111031203111212321313030213200121313031122302322031331312
3001000010011001001100011020211020301201121020002102013022012230021030303111031203111212321313030213200121313031122302322031331313
30010000100110010011000110202110203012011210200021020130220122300210303031110312031112123213130302132001213130311223023220313313203221
3001000010011001001100011020211020301201121020002102013022012230021030303111031203111212321313030213200121313031122302322031331320322230
3001000010011001001100011020211020301201121020002102013022012230021030303111031203111212321313030213200121313031122302322031331320322231
3001000010011001001100011020211020301201121020002102013022012230021030303111031203111212321313030213200121313031122302322031331320322232
3001000010011001001100011020211020301201121020002102013022012230021030303111031203111212321313030213200121313031122302322031331320322233
3001000010011001001100011020211020301201121020002102013022012230021030303111031203111212321313030213200121313031122302322031331320323
3001000010011001001100011020211020301201121020002102013022012230021030303111031203111212321313030213200121313031122302322031331320332
30010000100110010011000110202110203012011210200021020130220122300210303031110312031112123213130302132001213130311223023220313313203333
30010000100110010011000110202110203012011210200021020130220122300210303031110312031112123213130302132001213130311223023220313320
30010000100110010011000110202110203012011210200021020130220122300210303031110312031112123213130302132001213130311223023220313321
3001000010011001001100011020211020301201121020002102013022012230021030303111031203111212321313030213200121313031122302322031332230
30010000100110010011000110202110203012011210200021020130220122300210303031110312031112123213130302132001213130311223023220313322312
300100001001100100110001102021102030120112102000210201302201223002103030311103120311121232131303021320012131303112230232203133223133
30010000100110010011000110202110203012011210200021020130220122300210303031110312031112123213130302132001213130311223023220313322322
30010000100110010011000110202110203012011210200021020130220122300210303031110312031112123213130302132001213130311223023220313322323
30010000100110010011000110202110203012011210200021020130220122300210303031110312031112123213130302132001213130311223023220313322332
30010000100110010011000110202110203012011210200021020130220122300210303031110312031112123213130302132001213130311223023220313322333
3001000010011001001100011020211020301201121020002102013022012230021030303111031203111212321313030213200121313031122302322031333
30010000100110010011000110202110203012011210200021020130220122300210303031110312031112123213130302132001213130311223023221
30010000100110010011000110202110203012011210200021020130220122300210303031110312031112123213130302132001213130311223023222
30010000100110010011000110202110203012011210200021020130220122300210303031110312031112123213130302132001213130311223023223
3001000010011001001100011020211020301201121020002102013022012230021030303111031203111212321313030213200121313031122302323020
3001000010011001001100011020211020301201121020002102013022012230021030303111031203111212321313030213200121313031122302323021
3001000010011001001100011020211020301201121020002102013022012230021030303111031203111212321313030213200121313031122302323022
3001000010011001001100011020211020301201121020002102013022012230021030303111031203111212321313030213200121313031122302323023
30010000100110010011000110202110203012011210200021020130220122300210303031110312031112123213130302132001213130311223023230311
30010000100110010011000110202110203012011210200021020130220122300210303031110312031112123213130302132001213130311223023230312
30010000100110010011000110202110203012011210200021020130220122300210303031110312031112123213130302132001213130311223023230313
3001000010011001001100011020211020301201121020002102013022012230021030303111031203111212321313030213200121313031122302323032
3001000010011001001100011020211020301201121020002102013022012230021030303111031203111212321313030213200121313031122302323033
30010000100110010011000110202110203012011210200021020130220122300210303031110312031112123213130302132001213130311223023231
30010000100110010011000110202110203012011210200021020130220122300210303031110312031112123213130302132001213130311223023232
30010000100110010011000110202110203012011210200021020130220122300210303031110312031112123213130302132001213130311223023233
300100001001100100110001102021102030120112102000210201302201223002103030311103120311121232131303021320012131303113
30010000100110010011000110202110203012011210200021020130220122300210303031110312031112123213130302132001213131
30010000100110010011000110202110203012011210200021020130220122300210303031110312031112123213130302132001213132
30010000100110010011000110202110203012011210200021020130220122300210303031110312031112123213130302132001213133
30010000100110010011000110202110203012011210200021020130220122300210303031110312031112123213130302132002
30010000100110010011000110202110203012011210200021020130220122300210303031110312031112123213130302132003
3001000010011001001100011020211020301201121020002102013022012230021030303111031203111212322
3001000010011001001100011020211020301201121020002102013022012230021030303111031203111212323
300100001001100100110001102021102030120112102000210201302201223002103030311103120311122
300100001001100100110001102021102030120112102000210201302201223002103030311103120311123
300100001001100100110001102021102030120112102000210201302201223002103030312
300100001001100100110001102021102030120112102000210201302201223002103030313
300100001001100100110001102021102030120112102000210201303
30010000100110010011000111
30010000100110010011000112
30010000100110010011000113
3001000010011001001101
3001000010011001001102
3001000010011001001103
