0,0,3,5,11,11,9,5,6,7,9,7,1,8,6,6,13,6,13,3,4,9,8,4,7,6
0,0,3,5,11,11,9,5,6,7,9,7,1,8,6,6,13,6,13,3,4,9,8,4,7,3,12,12,3,7
0,0,3,5,11,11,9,5,6,7,9,7,1,8,6,6,13,6,13,3,4,9,8,4,7,3,12,12,2,4,9,3
0,0,3,5,11,11,9,5,6,7,9,7,1,8,6,6,13,6,13,3,4,9,8,4,7,3,12,12,2,4,5,10,4
0,0,3,5,11,11,9,5,6,7,9,7,1,8,6,6,13,6,13,3,4,9,8,4,7,3,12,12,2,4,5,10,7
0,0,3,5,11,11,9,5,6,7,9,7,1,8,6,6,13,6,13,3,4,9,8,4,7,3,12,12,2,4,5,10,10,10
0,0,3,5,11,11,9,5,6,7,9,7,1,8,6,6,13,6,13,3,4,9,8,4,7,3,12,12,2,4,5,8,7
0,0,3,5,11,11,9,5,6,7,9,7,1,8,6,6,13,6,13,3,4,9,8,4,7,3,12,12,2,4,5,8,10
0,0,3,5,11,11,9,5,6,7,9,7,1,8,6,6,13,6,13,3,4,9,8,4,7,3,12,12,2,8
0,0,3,5,11,11,9,5,6,7,9,7,1,8,6,6,13,6,13,3,4,9,8,4,7,3,12,12,2,2,11,5
0,0,3,5,11,11,9,5,6,7,9,7,1,8,6,6,13,6,13,3,4,9,8,4,7,3,12,12,2,2,11,2
0,0,3,5,11,11,9,5,6,7,9,7,1,8,6,6,13,6,13,3,4,9,8,4,7,3,12,12,0,2
0,0,3,5,11,11,9,5,6,7,9,7,1,8,6,6,13,6,13,3,4,9,8,4,7,3,12,12,0,0
0,0,3,5,11,11,9,5,6,7,9,7,1,8,6,6,13,6,13,4
0,0,3,5,11,11,9,5,6,7,9,7,1,8,6,6,13,6,13,2
0,0,3,5,11,11,9,5,6,7,9,7,1,11
0,0,3,5,11,11,9,5,6,7,9,7,1,4
