0000010201030
00000102010310
0000010201031120130102030
00000102010311201301020311
000001020103112013010203121131
0000010201031120130102031211320221
000001020103112013010203121132022212230
000001020103112013010203121132022212231
000001020103112013010203121132022212232323333
000001020103112013010203121132022213
00000102010311201301020312113203
0000010201032
0000010201033
0000010202
0000010203
0000010211
0000010212
0000010213
0000010223
10000010201030
10000010201031120130102030
100000102010311201301020311
1000001020103112013010203121131
10000010201031120130102031211320221
1000001020103112013010203121132022212230
1000001020103112013010203121132022212231
1000001020103112013010203121132022212232323333
1000001020103112013010203121132022213
100000102010311201301020312113203
10000010201032
10000010201033
10000010202
10000010203
10000010211
10000010212
10000010213
10000010223
300000102030
3000001020310102011030
3000001020310102011031120131211320221
300000102031010201103112013121132022212230
300000102031010201103112013121132022212231
300000102031010201103112013121132022212232323333
300000102031010201103112013121132022213
30000010203101020110311201312113203
3000001020310102011032
3000001020310102011033
300000102031010202
300000102031010203
300000102031010211
300000102031010212
300000102031010213
300000102031010223
2000001010201030
20000010102010311210111302030
2000001010201031121011130203122131
200000101020103112101113020312213202321222330
200000101020103112101113020312213202321222331
200000101020103112101113020312213202321222332
2000001010201031121011130203122132023212223333
200000101020103112101113020312213202321223
2000001010201031121011130203122132023213
200000101020103112101113020312213203
2000001010201032
2000001010201033
2000001010202
2000001010203
2000001010211
2000001010212
2000001010213
2000001010223
