00000000001000100010001011020301101020101020
00000000001000100010001011020301101020101021202010010301020301100202111102001211121130
000000000010001000100010110203011010201010212020100103010203011002021111020012111211312132203020
00000000001000100010001011020301101020101021202010010301020301100202111102001211121131213220302112021
000000000010001000100010110203011010201010212020100103010203011002021111020012111211312132203021120222230103112
00000000001000100010001011020301101020101021202010010301020301100202111102001211121131213220302112022223010311311
00000000001000100010001011020301101020101021202010010301020301100202111102001211121131213220302112022223010311312302322030
0000000000100010001000101102030110102010102120201001030102030110020211110200121112113121322030211202222301031131230232203130
0000000000100010001000101102030110102010102120201001030102030110020211110200121112113121322030211202222301031131230232203131
0000000000100010001000101102030110102010102120201001030102030110020211110200121112113121322030211202222301031131230232203132
000000000010001000100010110203011010201010212020100103010203011002021111020012111211312132203021120222230103113123023220313330212122210111030203
00000000001000100010001011020301101020101021202010010301020301100202111102001211121131213220302112022223010311312302322031333021212221011103021312031311320
00000000001000100010001011020301101020101021202010010301020301100202111102001211121131213220302112022223010311312302322031333021212221011103021312031311321311
0000000000100010001000101102030110102010102120201001030102030110020211110200121112113121322030211202222301031131230232203133302121222101110302131203131132131231223
00000000001000100010001011020301101020101021202010010301020301100202111102001211121131213220302112022223010311312302322031333021212221011103021312031311321312312322
000000000010001000100010110203011010201010212020100103010203011002021111020012111211312132203021120222230103113123023220313330212122210111030213120313113213123123232021
000000000010001000100010110203011010201010212020100103010203011002021111020012111211312132203021120222230103113123023220313330212122210111030213120313113213123123232022
000000000010001000100010110203011010201010212020100103010203011002021111020012111211312132203021120222230103113123023220313330212122210111030213120313113213123123232023301321031130
000000000010001000100010110203011010201010212020100103010203011002021111020012111211312132203021120222230103113123023220313330212122210111030213120313113213123123232023301321031131
000000000010001000100010110203011010201010212020100103010203011002021111020012111211312132203021120222230103113123023220313330212122210111030213120313113213123123232023301321031132
00000000001000100010001011020301101020101021202010010301020301100202111102001211121131213220302112022223010311312302322031333021212221011103021312031311321312312323202330132103113332
00000000001000100010001011020301101020101021202010010301020301100202111102001211121131213220302112022223010311312302322031333021212221011103021312031311321312312323202330132103113333
0000000000100010001000101102030110102010102120201001030102030110020211110200121112113121322030211202222301031131230232203133302121222101110302131203131132131231232320233013210312
00000000001000100010001011020301101020101021202010010301020301100202111102001211121131213220302112022223010311312302322031333021212221011103021312031311321312312323202330132103130
000000000010001000100010110203011010201010212020100103010203011002021111020012111211312132203021120222230103113123023220313330212122210111030213120313113213123123232023301321031313
000000000010001000100010110203011010201010212020100103010203011002021111020012111211312132203021120222230103113123023220313330212122210111030213120313113213123123232023301321031322
0000000000100010001000101102030110102010102120201001030102030110020211110200121112113121322030211202222301031131230232203133302121222101110302131203131132131231232320233013210313230330203
0000000000100010001000101102030110102010102120201001030102030110020211110200121112113121322030211202222301031131230232203133302121222101110302131203131132131231232320233013210313230330212
00000000001000100010001011020301101020101021202010010301020301100202111102001211121131213220302112022223010311312302322031333021212221011103021312031311321312312323202330132103132303302133223
00000000001000100010001011020301101020101021202010010301020301100202111102001211121131213220302112022223010311312302322031333021212221011103021312031311321312312323202330132103132303302133232
000000000010001000100010110203011010201010212020100103010203011002021111020012111211312132203021120222230103113123023220313330212122210111030213120313113213123123232023301321031323033021332331
000000000010001000100010110203011010201010212020100103010203011002021111020012111211312132203021120222230103113123023220313330212122210111030213120313113213123123232023301321031323033021332332
00000000001000100010001011020301101020101021202010010301020301100202111102001211121131213220302112022223010311312302322031333021212221011103021312031311321312312323202330132103132303302133233302
00000000001000100010001011020301101020101021202010010301020301100202111102001211121131213220302112022223010311312302322031333021212221011103021312031311321312312323202330132103132303302133233303122
00000000001000100010001011020301101020101021202010010301020301100202111102001211121131213220302112022223010311312302322031333021212221011103021312031311321312312323202330132103132303302133233303123203212
00000000001000100010001011020301101020101021202010010301020301100202111102001211121131213220302112022223010311312302322031333021212221011103021312031311321312312323202330132103132303302133233303123203213331
000000000010001000100010110203011010201010212020100103010203011002021111020012111211312132203021120222230103113123023220313330212122210111030213120313113213123123232023301321031323033021332333031232032133321
000000000010001000100010110203011010201010212020100103010203011002021111020012111211312132203021120222230103113123023220313330212122210111030213120313113213123123232023301321031323033021332333031232032133322303
00000000001000100010001011020301101020101021202010010301020301100202111102001211121131213220302112022223010311312302322031333021212221011103021312031311321312312323202330132103132303302133233303123203213332231
000000000010001000100010110203011010201010212020100103010203011002021111020012111211312132203021120222230103113123023220313330212122210111030213120313113213123123232023301321031323033021332333031232032133322322
0000000000100010001000101102030110102010102120201001030102030110020211110200121112113121322030211202222301031131230232203133302121222101110302131203131132131231232320233013210313230330213323330312320321333223233
000000000010001000100010110203011010201010212020100103010203011002021111020012111211312132203021120222230103113123023220313330212122210111030213120313113213123123232023301321031323033021332333031232032133322333
00000000001000100010001011020301101020101021202010010301020301100202111102001211121131213220302112022223010311312302322031333021212221011103021312031311321312312323202330132103132303302133233303123203213333
0000000000100010001000101102030110102010102120201001030102030110020211110200121112113121322030211202222301031131230232203133302121222101110302131203131132131231232320233013210313230330213323330312320322
0000000000100010001000101102030110102010102120201001030102030110020211110200121112113121322030211202222301031131230232203133302121222101110302131203131132131231232320233013210313230330213323330312320323
000000000010001000100010110203011010201010212020100103010203011002021111020012111211312132203021120222230103113123023220313330212122210111030213120313113213123123232023301321031323033021332333031233
0000000000100010001000101102030110102010102120201001030102030110020211110200121112113121322030211202222301031131230232203133302121222101110302131203131132131231232320233013210313230330213323330313
000000000010001000100010110203011010201010212020100103010203011002021111020012111211312132203021120222230103113123023220313330212122210111030213120313113213123123232023301322
000000000010001000100010110203011010201010212020100103010203011002021111020012111211312132203021120222230103113123023220313330212122210111030213120313113213123123232023301323
00000000001000100010001011020301101020101021202010010301020301100202111102001211121131213220302112022223010311312302322031333021212221011103021312031311321312313
000000000010001000100010110203011010201010212020100103010203011002021111020012111211312132203021120222230103113123023220313330212122210111030213120313123
000000000010001000100010110203011010201010212020100103010203011002021111020012111211312132203021120222230103113123023220313330212122210111030213120313131
000000000010001000100010110203011010201010212020100103010203011002021111020012111211312132203021120222230103113123023220313330212122210111030213120313132
000000000010001000100010110203011010201010212020100103010203011002021111020012111211312132203021120222230103113123023220313330212122210111030213120313133
000000000010001000100010110203011010201010212020100103010203011002021111020012111211312132203021120222230103113123023220313330212122210111030213121
000000000010001000100010110203011010201010212020100103010203011002021111020012111211312132203021120222230103113123023220313330212122210111030213122
000000000010001000100010110203011010201010212020100103010203011002021111020012111211312132203021120222230103113123023220313330212122210111030213123
0000000000100010001000101102030110102010102120201001030102030110020211110200121112113121322030211202222301031131230232203133302121222101111
0000000000100010001000101102030110102010102120201001030102030110020211110200121112113121322030211202222301031131230232203133302121222101112
0000000000100010001000101102030110102010102120201001030102030110020211110200121112113121322030211202222301031131230232203133302121222101113
00000000001000100010001011020301101020101021202010010301020301100202111102001211121131213220303
00000000001000100010001011020301101020101021202010010301020301101
00000000001000100010001011020301101020101021202010010301020301102
00000000001000100010001011020301101020101021202010010301020301103
00000000001000100010001011020301101020101021202010010302
00000000001000100010001011020301101020101021202010010303
200000010001000101102030100201100000021101020
200000010001000101102030100201100000021101021202010010301011102001201020211121130
20000001000100010110203010020110000002110102120201001030101110200120102021112113121322112011003020
2000000100010001011020301002011000000211010212020100103010111020012010202111211312132211201100302121220303010
200000010001000101102030100201100000021101021202010010301011102001201020211121131213221120110030212122030301130
200000010001000101102030100201100000021101021202010010301011102001201020211121131213221120110030212122030301131
200000010001000101102030100201100000021101021202010010301011102001201020211121131213221120110030212122030301132223112
20000001000100010110203010020110000002110102120201001030101110200120102021112113121322112011003021212203030113222311311
20000001000100010110203010020110000002110102120201001030101110200120102021112113121322112011003021212203030113222311312302322131222101110302033023021
20000001000100010110203010020110000002110102120201001030101110200120102021112113121322112011003021212203030113222311312302322131222101110302033023022
20000001000100010110203010020110000002110102120201001030101110200120102021112113121322112011003021212203030113222311312302322131222101110302033023023
200000010001000101102030100201100000021101021202010010301011102001201020211121131213221120110030212122030301132223113123023221312221011103020330230313113120
20000001000100010110203010020110000002110102120201001030101110200120102021112113121322112011003021212203030113222311312302322131222101110302033023031311312120
20000001000100010110203010020110000002110102120201001030101110200120102021112113121322112011003021212203030113222311312302322131222101110302033023031311312121
2000000100010001011020301002011000000211010212020100103010111020012010202111211312132211201100302121220303011322231131230232213122210111030203302303131131212233
2000000100010001011020301002011000000211010212020100103010111020012010202111211312132211201100302121220303011322231131230232213122210111030203302303131131212313032132
200000010001000101102030100201100000021101021202010010301011102001201020211121131213221120110030212122030301132223113123023221312221011103020330230313113121231303213313301321031130
200000010001000101102030100201100000021101021202010010301011102001201020211121131213221120110030212122030301132223113123023221312221011103020330230313113121231303213313301321031131
200000010001000101102030100201100000021101021202010010301011102001201020211121131213221120110030212122030301132223113123023221312221011103020330230313113121231303213313301321031132
20000001000100010110203010020110000002110102120201001030101110200120102021112113121322112011003021212203030113222311312302322131222101110302033023031311312123130321331330132103113331
20000001000100010110203010020110000002110102120201001030101110200120102021112113121322112011003021212203030113222311312302322131222101110302033023031311312123130321331330132103113332
20000001000100010110203010020110000002110102120201001030101110200120102021112113121322112011003021212203030113222311312302322131222101110302033023031311312123130321331330132103113333
2000000100010001011020301002011000000211010212020100103010111020012010202111211312132211201100302121220303011322231131230232213122210111030203302303131131212313032133133013210312
200000010001000101102030100201100000021101021202010010301011102001201020211121131213221120110030212122030301132223113123023221312221011103020330230313113121231303213313301321031323032022
200000010001000101102030100201100000021101021202010010301011102001201020211121131213221120110030212122030301132223113123023221312221011103020330230313113121231303213313301321031323032023
200000010001000101102030100201100000021101021202010010301011102001201020211121131213221120110030212122030301132223113123023221312221011103020330230313113121231303213313301321031323032031
20000001000100010110203010020110000002110102120201001030101110200120102021112113121322112011003021212203030113222311312302322131222101110302033023031311312123130321331330132103132303203203
20000001000100010110203010020110000002110102120201001030101110200120102021112113121322112011003021212203030113222311312302322131222101110302033023031311312123130321331330132103132303203212
20000001000100010110203010020110000002110102120201001030101110200120102021112113121322112011003021212203030113222311312302322131222101110302033023031311312123130321331330132103132303203213322
200000010001000101102030100201100000021101021202010010301011102001201020211121131213221120110030212122030301132223113123023221312221011103020330230313113121231303213313301321031323032032133232
200000010001000101102030100201100000021101021202010010301011102001201020211121131213221120110030212122030301132223113123023221312221011103020330230313113121231303213313301321031323032032133233302
2000000100010001011020301002011000000211010212020100103010111020012010202111211312132211201100302121220303011322231131230232213122210111030203302303131131212313032133133013210313230320321332333031222
2000000100010001011020301002011000000211010212020100103010111020012010202111211312132211201100302121220303011322231131230232213122210111030203302303131131212313032133133013210313230320321332333031223302
2000000100010001011020301002011000000211010212020100103010111020012010202111211312132211201100302121220303011322231131230232213122210111030203302303131131212313032133133013210313230320321332333031223303212
2000000100010001011020301002011000000211010212020100103010111020012010202111211312132211201100302121220303011322231131230232213122210111030203302303131131212313032133133013210313230320321332333031223303213331
20000001000100010110203010020110000002110102120201001030101110200120102021112113121322112011003021212203030113222311312302322131222101110302033023031311312123130321331330132103132303203213323330312233032133320
20000001000100010110203010020110000002110102120201001030101110200120102021112113121322112011003021212203030113222311312302322131222101110302033023031311312123130321331330132103132303203213323330312233032133321
2000000100010001011020301002011000000211010212020100103010111020012010202111211312132211201100302121220303011322231131230232213122210111030203302303131131212313032133133013210313230320321332333031223303213332230
2000000100010001011020301002011000000211010212020100103010111020012010202111211312132211201100302121220303011322231131230232213122210111030203302303131131212313032133133013210313230320321332333031223303213332231
20000001000100010110203010020110000002110102120201001030101110200120102021112113121322112011003021212203030113222311312302322131222101110302033023031311312123130321331330132103132303203213323330312233032133322322
20000001000100010110203010020110000002110102120201001030101110200120102021112113121322112011003021212203030113222311312302322131222101110302033023031311312123130321331330132103132303203213323330312233032133322323
20000001000100010110203010020110000002110102120201001030101110200120102021112113121322112011003021212203030113222311312302322131222101110302033023031311312123130321331330132103132303203213323330312233032133322333
2000000100010001011020301002011000000211010212020100103010111020012010202111211312132211201100302121220303011322231131230232213122210111030203302303131131212313032133133013210313230320321332333031223303213333
200000010001000101102030100201100000021101021202010010301011102001201020211121131213221120110030212122030301132223113123023221312221011103020330230313113121231303213313301321031323032032133233303122330322
200000010001000101102030100201100000021101021202010010301011102001201020211121131213221120110030212122030301132223113123023221312221011103020330230313113121231303213313301321031323032032133233303122330323
2000000100010001011020301002011000000211010212020100103010111020012010202111211312132211201100302121220303011322231131230232213122210111030203302303131131212313032133133013210313230320321332333031232
2000000100010001011020301002011000000211010212020100103010111020012010202111211312132211201100302121220303011322231131230232213122210111030203302303131131212313032133133013210313230320321332333031233
20000001000100010110203010020110000002110102120201001030101110200120102021112113121322112011003021212203030113222311312302322131222101110302033023031311312123130321331330132103132303203213323330313
200000010001000101102030100201100000021101021202010010301011102001201020211121131213221120110030212122030301132223113123023221312221011103020330230313113121231303213313301322
200000010001000101102030100201100000021101021202010010301011102001201020211121131213221120110030212122030301132223113123023221312221011103020330230313113121231303213313301323
200000010001000101102030100201100000021101021202010010301011102001201020211121131213221120110030212122030301132223113123023221312221011103020330230313113122
200000010001000101102030100201100000021101021202010010301011102001201020211121131213221120110030212122030301132223113123023221312221011103020330230313113123
200000010001000101102030100201100000021101021202010010301011102001201020211121131213221120110030212122030301132223113123023221312221011103020330230313123
200000010001000101102030100201100000021101021202010010301011102001201020211121131213221120110030212122030301132223113123023221312221011103020330230313131
200000010001000101102030100201100000021101021202010010301011102001201020211121131213221120110030212122030301132223113123023221312221011103020330230313132
200000010001000101102030100201100000021101021202010010301011102001201020211121131213221120110030212122030301132223113123023221312221011103020330230313133
20000001000100010110203010020110000002110102120201001030101110200120102021112113121322112011003021212203030113222311312302322131222101111
20000001000100010110203010020110000002110102120201001030101110200120102021112113121322112011003021212203030113222311312302322131222101112
20000001000100010110203010020110000002110102120201001030101110200120102021112113121322112011003021212203030113222311312302322131222101113
2000000100010001011020301002011000000211010212020100103010111020012010202111211312132211201100303
2000000100010001011020301002011000000211010212020100103010111020012010202111211312132211201101
2000000100010001011020301002011000000211010212020100103010111020012010202111211312132211201102
2000000100010001011020301002011000000211010212020100103010111020012010202111211312132211201103
200000010001000101102030100201100000021101021202010010302
200000010001000101102030100201100000021101021202010010303
1000000000100010001000101102030110010010202001101020
10000000001000100010001011020301100100102020011010212030101111011202021130
100000000010001000100010110203011001001020200110102120301011110112020211312132130110020212203020
10000000001000100010001011020301100100102020011010212030101111011202021131213213011002021220302112021
100000000010001000100010110203011001001020200110102120301011110112020211312132130110020212203021120222230103112
10000000001000100010001011020301100100102020011010212030101111011202021131213213011002021220302112022223010311311
10000000001000100010001011020301100100102020011010212030101111011202021131213213011002021220302112022223010311312302322030
1000000000100010001000101102030110010010202001101021203010111101120202113121321301100202122030211202222301031131230232203130
1000000000100010001000101102030110010010202001101021203010111101120202113121321301100202122030211202222301031131230232203131
1000000000100010001000101102030110010010202001101021203010111101120202113121321301100202122030211202222301031131230232203132
100000000010001000100010110203011001001020200110102120301011110112020211312132130110020212203021120222230103113123023220313330212122210111030203
10000000001000100010001011020301100100102020011010212030101111011202021131213213011002021220302112022223010311312302322031333021212221011103021312031311320
10000000001000100010001011020301100100102020011010212030101111011202021131213213011002021220302112022223010311312302322031333021212221011103021312031311321311
1000000000100010001000101102030110010010202001101021203010111101120202113121321301100202122030211202222301031131230232203133302121222101110302131203131132131231223
10000000001000100010001011020301100100102020011010212030101111011202021131213213011002021220302112022223010311312302322031333021212221011103021312031311321312312322
100000000010001000100010110203011001001020200110102120301011110112020211312132130110020212203021120222230103113123023220313330212122210111030213120313113213123123232021
100000000010001000100010110203011001001020200110102120301011110112020211312132130110020212203021120222230103113123023220313330212122210111030213120313113213123123232022
100000000010001000100010110203011001001020200110102120301011110112020211312132130110020212203021120222230103113123023220313330212122210111030213120313113213123123232023301321031130
100000000010001000100010110203011001001020200110102120301011110112020211312132130110020212203021120222230103113123023220313330212122210111030213120313113213123123232023301321031131
100000000010001000100010110203011001001020200110102120301011110112020211312132130110020212203021120222230103113123023220313330212122210111030213120313113213123123232023301321031132
10000000001000100010001011020301100100102020011010212030101111011202021131213213011002021220302112022223010311312302322031333021212221011103021312031311321312312323202330132103113332
10000000001000100010001011020301100100102020011010212030101111011202021131213213011002021220302112022223010311312302322031333021212221011103021312031311321312312323202330132103113333
1000000000100010001000101102030110010010202001101021203010111101120202113121321301100202122030211202222301031131230232203133302121222101110302131203131132131231232320233013210312
100000000010001000100010110203011001001020200110102120301011110112020211312132130110020212203021120222230103113123023220313330212122210111030213120313113213123123232023301321031303
10000000001000100010001011020301100100102020011010212030101111011202021131213213011002021220302112022223010311312302322031333021212221011103021312031311321312312323202330132103131
100000000010001000100010110203011001001020200110102120301011110112020211312132130110020212203021120222230103113123023220313330212122210111030213120313113213123123232023301321031322
1000000000100010001000101102030110010010202001101021203010111101120202113121321301100202122030211202222301031131230232203133302121222101110302131203131132131231232320233013210313230330203
1000000000100010001000101102030110010010202001101021203010111101120202113121321301100202122030211202222301031131230232203133302121222101110302131203131132131231232320233013210313230330212
10000000001000100010001011020301100100102020011010212030101111011202021131213213011002021220302112022223010311312302322031333021212221011103021312031311321312312323202330132103132303302133223
10000000001000100010001011020301100100102020011010212030101111011202021131213213011002021220302112022223010311312302322031333021212221011103021312031311321312312323202330132103132303302133232
100000000010001000100010110203011001001020200110102120301011110112020211312132130110020212203021120222230103113123023220313330212122210111030213120313113213123123232023301321031323033021332331
100000000010001000100010110203011001001020200110102120301011110112020211312132130110020212203021120222230103113123023220313330212122210111030213120313113213123123232023301321031323033021332332
10000000001000100010001011020301100100102020011010212030101111011202021131213213011002021220302112022223010311312302322031333021212221011103021312031311321312312323202330132103132303302133233302
10000000001000100010001011020301100100102020011010212030101111011202021131213213011002021220302112022223010311312302322031333021212221011103021312031311321312312323202330132103132303302133233303122
10000000001000100010001011020301100100102020011010212030101111011202021131213213011002021220302112022223010311312302322031333021212221011103021312031311321312312323202330132103132303302133233303123203212
10000000001000100010001011020301100100102020011010212030101111011202021131213213011002021220302112022223010311312302322031333021212221011103021312031311321312312323202330132103132303302133233303123203213331
100000000010001000100010110203011001001020200110102120301011110112020211312132130110020212203021120222230103113123023220313330212122210111030213120313113213123123232023301321031323033021332333031232032133321
100000000010001000100010110203011001001020200110102120301011110112020211312132130110020212203021120222230103113123023220313330212122210111030213120313113213123123232023301321031323033021332333031232032133322303
10000000001000100010001011020301100100102020011010212030101111011202021131213213011002021220302112022223010311312302322031333021212221011103021312031311321312312323202330132103132303302133233303123203213332231
100000000010001000100010110203011001001020200110102120301011110112020211312132130110020212203021120222230103113123023220313330212122210111030213120313113213123123232023301321031323033021332333031232032133322322
1000000000100010001000101102030110010010202001101021203010111101120202113121321301100202122030211202222301031131230232203133302121222101110302131203131132131231232320233013210313230330213323330312320321333223233
100000000010001000100010110203011001001020200110102120301011110112020211312132130110020212203021120222230103113123023220313330212122210111030213120313113213123123232023301321031323033021332333031232032133322333
10000000001000100010001011020301100100102020011010212030101111011202021131213213011002021220302112022223010311312302322031333021212221011103021312031311321312312323202330132103132303302133233303123203213333
1000000000100010001000101102030110010010202001101021203010111101120202113121321301100202122030211202222301031131230232203133302121222101110302131203131132131231232320233013210313230330213323330312320322
1000000000100010001000101102030110010010202001101021203010111101120202113121321301100202122030211202222301031131230232203133302121222101110302131203131132131231232320233013210313230330213323330312320323
100000000010001000100010110203011001001020200110102120301011110112020211312132130110020212203021120222230103113123023220313330212122210111030213120313113213123123232023301321031323033021332333031233
1000000000100010001000101102030110010010202001101021203010111101120202113121321301100202122030211202222301031131230232203133302121222101110302131203131132131231232320233013210313230330213323330313
100000000010001000100010110203011001001020200110102120301011110112020211312132130110020212203021120222230103113123023220313330212122210111030213120313113213123123232023301322
100000000010001000100010110203011001001020200110102120301011110112020211312132130110020212203021120222230103113123023220313330212122210111030213120313113213123123232023301323
10000000001000100010001011020301100100102020011010212030101111011202021131213213011002021220302112022223010311312302322031333021212221011103021312031311321312313
100000000010001000100010110203011001001020200110102120301011110112020211312132130110020212203021120222230103113123023220313330212122210111030213120313123
100000000010001000100010110203011001001020200110102120301011110112020211312132130110020212203021120222230103113123023220313330212122210111030213120313131
100000000010001000100010110203011001001020200110102120301011110112020211312132130110020212203021120222230103113123023220313330212122210111030213120313132
100000000010001000100010110203011001001020200110102120301011110112020211312132130110020212203021120222230103113123023220313330212122210111030213120313133
100000000010001000100010110203011001001020200110102120301011110112020211312132130110020212203021120222230103113123023220313330212122210111030213121
100000000010001000100010110203011001001020200110102120301011110112020211312132130110020212203021120222230103113123023220313330212122210111030213122
100000000010001000100010110203011001001020200110102120301011110112020211312132130110020212203021120222230103113123023220313330212122210111030213123
1000000000100010001000101102030110010010202001101021203010111101120202113121321301100202122030211202222301031131230232203133302121222101111
1000000000100010001000101102030110010010202001101021203010111101120202113121321301100202122030211202222301031131230232203133302121222101112
1000000000100010001000101102030110010010202001101021203010111101120202113121321301100202122030211202222301031131230232203133302121222101113
10000000001000100010001011020301100100102020011010212030101111011202021131213213011002021220303
1000000000100010001000101102030110010010202001101021203010111101120202113121321301101
1000000000100010001000101102030110010010202001101021203010111101120202113121321301102
1000000000100010001000101102030110010010202001101021203010111101120202113121321301103
100000000010001000100010110203011001001020200110102120302
100000000010001000100010110203011001001020200110102120303
300000010001000100010110203011000001101020
3000000100010001000101102030110000011010212020100103010111020022021201020211121130
3000000100010001000101102030110000011010212020100103010111020022021201020211121131213220223020311
30000001000100010001011020301100000110102120201001030101110200220212010202111211312132202230203123103011201100
30000001000100010001011020301100000110102120201001030101110200220212010202111211312132202230203123103011201101130
30000001000100010001011020301100000110102120201001030101110200220212010202111211312132202230203123103011201101131
300000010001000100010110203011000001101021202010010301011102002202120102021112113121322022302031231030112011011323112
3000000100010001000101102030110000011010212020100103010111020022021201020211121131213220223020312310301120110113231132121213113010203302221110312021
3000000100010001000101102030110000011010212020100103010111020022021201020211121131213220223020312310301120110113231132121213113010203302221110312022
3000000100010001000101102030110000011010212020100103010111020022021201020211121131213220223020312310301120110113231132121213113010203302221110312023
3000000100010001000101102030110000011010212020100103010111020022021201020211121131213220223020312310301120110113231132121213113010203302221110312031
3000000100010001000101102030110000011010212020100103010111020022021201020211121131213220223020312310301120110113231132121213113010203302221110312032030
3000000100010001000101102030110000011010212020100103010111020022021201020211121131213220223020312310301120110113231132121213113010203302221110312032031
300000010001000100010110203011000001101021202010010301011102002202120102021112113121322022302031231030112011011323113212121311301020330222111031203203230
30000001000100010001011020301100000110102120201001030101110200220212010202111211312132202230203123103011201101132311321212131130102033022211103120320323120
3000000100010001000101102030110000011010212020100103010111020022021201020211121131213220223020312310301120110113231132121213113010203302221110312032032312132032103012
300000010001000100010110203011000001101021202010010301011102002202120102021112113121322022302031231030112011011323113212121311301020330222111031203203231213203210301333
30000001000100010001011020301100000110102120201001030101110200220212010202111211312132202230203123103011201101132311321212131130102033022211103120320323121320321030212233
3000000100010001000101102030110000011010212020100103010111020022021201020211121131213220223020312310301120110113231132121213113010203302221110312032032312132032103021232132
30000001000100010001011020301100000110102120201001030101110200220212010202111211312132202230203123103011201101132311321212131130102033022211103120320323121320321030212321330331130
30000001000100010001011020301100000110102120201001030101110200220212010202111211312132202230203123103011201101132311321212131130102033022211103120320323121320321030212321330331131
30000001000100010001011020301100000110102120201001030101110200220212010202111211312132202230203123103011201101132311321212131130102033022211103120320323121320321030212321330331132
30000001000100010001011020301100000110102120201001030101110200220212010202111211312132202230203123103011201101132311321212131130102033022211103120320323121320321030212321330331133
300000010001000100010110203011000001101021202010010301011102002202120102021112113121322022302031231030112011011323113212121311301020330222111031203203231213203210302123213303312
30000001000100010001011020301100000110102120201001030101110200220212010202111211312132202230203123103011201101132311321212131130102033022211103120320323121320321030212321330331313
300000010001000100010110203011000001101021202010010301011102002202120102021112113121322022302031231030112011011323113212121311301020330222111031203203231213203210302123213303313221
300000010001000100010110203011000001101021202010010301011102002202120102021112113121322022302031231030112011011323113212121311301020330222111031203203231213203210302123213303313222
300000010001000100010110203011000001101021202010010301011102002202120102021112113121322022302031231030112011011323113212121311301020330222111031203203231213203210302123213303313223
3000000100010001000101102030110000011010212020100103010111020022021201020211121131213220223020312310301120110113231132121213113010203302221110312032032312132032103021232133033132303202
30000001000100010001011020301100000110102120201001030101110200220212010202111211312132202230203123103011201101132311321212131130102033022211103120320323121320321030212321330331323032031
300000010001000100010110203011000001101021202010010301011102002202120102021112113121322022302031231030112011011323113212121311301020330222111031203203231213203210302123213303313230320322
3000000100010001000101102030110000011010212020100103010111020022021201020211121131213220223020312310301120110113231132121213113010203302221110312032032312132032103021232133033132303203233302
30000001000100010001011020301100000110102120201001030101110200220212010202111211312132202230203123103011201101132311321212131130102033022211103120320323121320321030212321330331323032032333031222
30000001000100010001011020301100000110102120201001030101110200220212010202111211312132202230203123103011201101132311321212131130102033022211103120320323121320321030212321330331323032032333031223303212
30000001000100010001011020301100000110102120201001030101110200220212010202111211312132202230203123103011201101132311321212131130102033022211103120320323121320321030212321330331323032032333031223303213331
300000010001000100010110203011000001101021202010010301011102002202120102021112113121322022302031231030112011011323113212121311301020330222111031203203231213203210302123213303313230320323330312233032133320
300000010001000100010110203011000001101021202010010301011102002202120102021112113121322022302031231030112011011323113212121311301020330222111031203203231213203210302123213303313230320323330312233032133321
30000001000100010001011020301100000110102120201001030101110200220212010202111211312132202230203123103011201101132311321212131130102033022211103120320323121320321030212321330331323032032333031223303213332230
30000001000100010001011020301100000110102120201001030101110200220212010202111211312132202230203123103011201101132311321212131130102033022211103120320323121320321030212321330331323032032333031223303213332231
300000010001000100010110203011000001101021202010010301011102002202120102021112113121322022302031231030112011011323113212121311301020330222111031203203231213203210302123213303313230320323330312233032133322322
300000010001000100010110203011000001101021202010010301011102002202120102021112113121322022302031231030112011011323113212121311301020330222111031203203231213203210302123213303313230320323330312233032133322323
300000010001000100010110203011000001101021202010010301011102002202120102021112113121322022302031231030112011011323113212121311301020330222111031203203231213203210302123213303313230320323330312233032133322333
30000001000100010001011020301100000110102120201001030101110200220212010202111211312132202230203123103011201101132311321212131130102033022211103120320323121320321030212321330331323032032333031223303213333
3000000100010001000101102030110000011010212020100103010111020022021201020211121131213220223020312310301120110113231132121213113010203302221110312032032312132032103021232133033132303203233303122330322
3000000100010001000101102030110000011010212020100103010111020022021201020211121131213220223020312310301120110113231132121213113010203302221110312032032312132032103021232133033132303203233303122330323
30000001000100010001011020301100000110102120201001030101110200220212010202111211312132202230203123103011201101132311321212131130102033022211103120320323121320321030212321330331323032032333031232
30000001000100010001011020301100000110102120201001030101110200220212010202111211312132202230203123103011201101132311321212131130102033022211103120320323121320321030212321330331323032032333031233
300000010001000100010110203011000001101021202010010301011102002202120102021112113121322022302031231030112011011323113212121311301020330222111031203203231213203210302123213303313230320323330313
3000000100010001000101102030110000011010212020100103010111020022021201020211121131213220223020312310301120110113231132121213113010203302221110312032032312132032103021232133033133
30000001000100010001011020301100000110102120201001030101110200220212010202111211312132202230203123103011201101132311321212131130102033022211103120320323121320321030213
30000001000100010001011020301100000110102120201001030101110200220212010202111211312132202230203123103011201101132311321212131130102033022211103120320323121320322
30000001000100010001011020301100000110102120201001030101110200220212010202111211312132202230203123103011201101132311321212131130102033022211103120320323121320323
3000000100010001000101102030110000011010212020100103010111020022021201020211121131213220223020312310301120110113231132121213113010203302221110312032032313
30000001000100010001011020301100000110102120201001030101110200220212010202111211312132202230203123103011201101132311321212131130102033022211103121
30000001000100010001011020301100000110102120201001030101110200220212010202111211312132202230203123103011201101132311321212131130102033022211103122
30000001000100010001011020301100000110102120201001030101110200220212010202111211312132202230203123103011201101132311321212131130102033022211103123
3000000100010001000101102030110000011010212020100103010111020022021201020211121131213220223020312310301120110113231132121213113010203302221111
3000000100010001000101102030110000011010212020100103010111020022021201020211121131213220223020312310301120110113231132121213113010203302221112
3000000100010001000101102030110000011010212020100103010111020022021201020211121131213220223020312310301120110113231132121213113010203302221113
300000010001000100010110203011000001101021202010010301011102002202120102021112113121322022302031231030112011011323113212121311301020331
300000010001000100010110203011000001101021202010010301011102002202120102021112113121322022302031231030112011011323113212121311301020332
300000010001000100010110203011000001101021202010010301011102002202120102021112113121322022302031231030112011011323113212121311301020333
3000000100010001000101102030110000011010212020100103010111020022021201020211121131213220223020312310301120110113231132121213122
3000000100010001000101102030110000011010212020100103010111020022021201020211121131213220223020312310301120110113231132121213123
300000010001000100010110203011000001101021202010010301011102002202120102021112113121322022302031231030112011011323113212121313
30000001000100010001011020301100000110102120201001030101110200220212010202111211312132202230203123103011201102
30000001000100010001011020301100000110102120201001030101110200220212010202111211312132202230203123103011201103
300000010001000100010110203011000001101021202010010301011102002202120102021112113121322022303
300000010001000100010110203011000001101021202010010302
300000010001000100010110203011000001101021202010010303
