000
010
020000
030
00100
0020
0030
011
012
013
0210
0220
0230
020100
02020
020300
020010
020020
020030
020001
020002
020003
031
032
033
00110
00120
00130
00101
00102
00103
0021
0022
0023
0031
0032
0033
0211
0212
0213
0221
0222
0223
0231
0232
0233
020110
020120
020130
020101
020102
020103
02021
02022
02023
020310
020320
020330
020301
020302
020303
020011
020012
020013
020021
020022
020023
020031
020032
020033
00111
00112
00113
00121
00122
00123
00131
00132
00133
020111
020112
020113
020121
020122
020123
020131
020132
020133
020311
020312
020313
020321
020322
020323
020331
020332
020333
300
310000
320
3300
301
302
303
3110
312000
3130
31010
31020
31030
310010
310020
3100300
310001
310002
310003
321
322
323
3310
3320
3330
3301
3302
3303
3111
3112
3113
31210
31220
3123
312010
312020
312030
312001
312002
312003
3131
3132
3133
31011
31012
31013
31021
31022
31023
31031
31032
31033
310011
310012
310013
310021
310022
310023
3100310
3100320
3100330
3100301
3100302
3100303
3311
3312
3313
3321
3322
3323
3331
3332
3333
31211
31212
31213
31221
31222
31223
312011
312012
312013
312021
312022
312023
312031
312032
312033
3100311
3100312
3100313
3100321
3100322
3100323
3100331
3100332
3100333
100
110000
120
1300
101
102
103
1110
112000
1130
11010
11020
11030
110010
110020
1100300
110001
110002
110003
121
122
123
1310
1320
1330
1301
1302
1303
1111
1112
1113
1121
11220
11230
112010
112020
112030
112001
112002
112003
1131
1132
1133
11011
11012
11013
11021
11022
11023
11031
11032
11033
110011
110012
110013
110021
110022
110023
1100310
1100320
1100330
1100301
1100302
1100303
1311
1312
1313
1321
1322
1323
1331
1332
1333
11221
11222
11223
11231
11232
11233
112011
112012
112013
112021
112022
112023
112031
112032
112033
1100311
1100312
1100313
1100321
1100322
1100323
1100331
1100332
1100333
20000
2100
2200
2300
2010
202000
2030
20010
20020
20030
20001
20002
20003
2110
2120
2130
2101
2102
2103
2210
2220
2230
2201
2202
2203
2310
2320
2330
2301
2302
2303
2011
2012
2013
20210
2022
20230
202010
202020
202030
202001
202002
202003
2031
2032
2033
20011
20012
20013
20021
20022
20023
20031
20032
20033
2111
2112
2113
2121
2122
2123
2131
2132
2133
2211
2212
2213
2221
2222
2223
2231
2232
2233
2311
2312
2313
2321
2322
2323
2331
2332
2333
20211
20212
20213
20231
20232
20233
202011
202012
202013
202021
202022
202023
202031
202032
202033
