00010200001001010203010010202030111030
0001020000100101020301001020203011103120
00010200001001010203010010202030111031211120
000102000010010102030100102020301110312111212121322231130
0001020000100101020301001020203011103121112121213222311313220
0001020000100101020301001020203011103121112121213222311313221
00010200001001010203010010202030111031211121212132223113132223323002
0001020000100101020301001020203011103121112121213222311313222332300310
0001020000100101020301001020203011103121112121213222311313222332300311
0001020000100101020301001020203011103121112121213222311313222332300312
00010200001001010203010010202030111031211121212132223113132223323003130
00010200001001010203010010202030111031211121212132223113132223323003131
00010200001001010203010010202030111031211121212132223113132223323003132
00010200001001010203010010202030111031211121212132223113132223323003133
000102000010010102030100102020301110312111212121322231131322233230032011
000102000010010102030100102020301110312111212121322231131322233230032012
0001020000100101020301001020203011103121112121213222311313222332300320133030
0001020000100101020301001020203011103121112121213222311313222332300320133031
0001020000100101020301001020203011103121112121213222311313222332300320133032
0001020000100101020301001020203011103121112121213222311313222332300320133033
000102000010010102030100102020301110312111212121322231131322233230032013313
000102000010010102030100102020301110312111212121322231131322233230032013322
000102000010010102030100102020301110312111212121322231131322233230032013323
000102000010010102030100102020301110312111212121322231131322233230032013333
000102000010010102030100102020301110312111212121322231131322233230032021
000102000010010102030100102020301110312111212121322231131322233230032022
000102000010010102030100102020301110312111212121322231131322233230032023
00010200001001010203010010202030111031211121212132223113132223323003203
0001020000100101020301001020203011103121112121213222311313222332300321
00010200001001010203010010202030111031211121212132223113132223323003223
0001020000100101020301001020203011103121112121213222311313222333
000102000010010102030100102020301110312111212121322231131323
0001020000100101020301001020203011103121112121213222312
0001020000100101020301001020203011103121112121213222313
000102000010010102030100102020302
000102000010010102030100102020303
0001020000100101020302
0001020000100101020303
0001020000100101020311
0001020000100101020312
0001020000100101020313
0001020000100101020321
0001020000100101020322
0001020000100101020323
000102000010010102033
30010000101020001020100202030111030
30010000101020001020100202030111031203010
30010000101020001020100202030111031203011120
300100001010200010201002020301110312030111212121322231130
300100001010200010201002020301110312030111212121322231131321
3001000010102000102010020203011103120301112121213222311313220
3001000010102000102010020203011103120301112121213222311313221
30010000101020001020100202030111031203011121212132223113132223323002
3001000010102000102010020203011103120301112121213222311313222332300310
3001000010102000102010020203011103120301112121213222311313222332300311
3001000010102000102010020203011103120301112121213222311313222332300312
30010000101020001020100202030111031203011121212132223113132223323003131
30010000101020001020100202030111031203011121212132223113132223323003132
30010000101020001020100202030111031203011121212132223113132223323003133
300100001010200010201002020301110312030111212121322231131322233230032011
300100001010200010201002020301110312030111212121322231131322233230032012
3001000010102000102010020203011103120301112121213222311313222332300320133030
3001000010102000102010020203011103120301112121213222311313222332300320133031
3001000010102000102010020203011103120301112121213222311313222332300320133032
3001000010102000102010020203011103120301112121213222311313222332300320133033
300100001010200010201002020301110312030111212121322231131322233230032013313
300100001010200010201002020301110312030111212121322231131322233230032013322
300100001010200010201002020301110312030111212121322231131322233230032013323
300100001010200010201002020301110312030111212121322231131322233230032013333
300100001010200010201002020301110312030111212121322231131322233230032021
300100001010200010201002020301110312030111212121322231131322233230032022
300100001010200010201002020301110312030111212121322231131322233230032023
30010000101020001020100202030111031203011121212132223113132223323003203
3001000010102000102010020203011103120301112121213222311313222332300321
30010000101020001020100202030111031203011121212132223113132223323003223
3001000010102000102010020203011103120301112121213222311313222333
300100001010200010201002020301110312030111212121322231131323
3001000010102000102010020203011103120301112121213222312
3001000010102000102010020203011103120301112121213222313
3001000010102000102010020203011103120302
3001000010102000102010020203011103120303
3001000010102000102010020203011103120311
3001000010102000102010020203011103120312
3001000010102000102010020203011103120313
3001000010102000102010020203011103120321
3001000010102000102010020203011103120322
3001000010102000102010020203011103120323
300100001010200010201002020301110312033
300100001010200010201002020302
300100001010200010201002020303
10010000101020001020100202030111030
10010000101020001020100202030111031203011120
100100001010200010201002020301110312030111212121322231130
100100001010200010201002020301110312030111212121322231131321
1001000010102000102010020203011103120301112121213222311313220
1001000010102000102010020203011103120301112121213222311313221
10010000101020001020100202030111031203011121212132223113132223323002
1001000010102000102010020203011103120301112121213222311313222332300310
1001000010102000102010020203011103120301112121213222311313222332300311
1001000010102000102010020203011103120301112121213222311313222332300312
10010000101020001020100202030111031203011121212132223113132223323003130
10010000101020001020100202030111031203011121212132223113132223323003131
10010000101020001020100202030111031203011121212132223113132223323003132
10010000101020001020100202030111031203011121212132223113132223323003133
100100001010200010201002020301110312030111212121322231131322233230032011
100100001010200010201002020301110312030111212121322231131322233230032012
1001000010102000102010020203011103120301112121213222311313222332300320133030
1001000010102000102010020203011103120301112121213222311313222332300320133031
1001000010102000102010020203011103120301112121213222311313222332300320133032
1001000010102000102010020203011103120301112121213222311313222332300320133033
100100001010200010201002020301110312030111212121322231131322233230032013313
100100001010200010201002020301110312030111212121322231131322233230032013322
100100001010200010201002020301110312030111212121322231131322233230032013323
100100001010200010201002020301110312030111212121322231131322233230032013333
100100001010200010201002020301110312030111212121322231131322233230032021
100100001010200010201002020301110312030111212121322231131322233230032022
100100001010200010201002020301110312030111212121322231131322233230032023
10010000101020001020100202030111031203011121212132223113132223323003203
1001000010102000102010020203011103120301112121213222311313222332300321
10010000101020001020100202030111031203011121212132223113132223323003223
1001000010102000102010020203011103120301112121213222311313222333
100100001010200010201002020301110312030111212121322231131323
1001000010102000102010020203011103120301112121213222312
1001000010102000102010020203011103120301112121213222313
1001000010102000102010020203011103120302
1001000010102000102010020203011103120303
1001000010102000102010020203011103120311
1001000010102000102010020203011103120312
1001000010102000102010020203011103120313
1001000010102000102010020203011103120321
1001000010102000102010020203011103120322
1001000010102000102010020203011103120323
100100001010200010201002020301110312033
100100001010200010201002020302
100100001010200010201002020303
2000010200010201001030
200001020001020100103110
2000010200010201001031112030100102020301130
20000102000102010010311120301001020203011311120
20000102000102010010311120301001020203011311121212132223123213321
20000102000102010010311120301001020203011311121212132223123213322
20000102000102010010311120301001020203011311121212132223123213323002
2000010200010201001031112030100102020301131112121213222312321332300310
2000010200010201001031112030100102020301131112121213222312321332300311
2000010200010201001031112030100102020301131112121213222312321332300312
20000102000102010010311120301001020203011311121212132223123213323003130
20000102000102010010311120301001020203011311121212132223123213323003131
20000102000102010010311120301001020203011311121212132223123213323003132
20000102000102010010311120301001020203011311121212132223123213323003133
200001020001020100103111203010010202030113111212121322231232133230032011
200001020001020100103111203010010202030113111212121322231232133230032012
2000010200010201001031112030100102020301131112121213222312321332300320133030
2000010200010201001031112030100102020301131112121213222312321332300320133031
2000010200010201001031112030100102020301131112121213222312321332300320133032
2000010200010201001031112030100102020301131112121213222312321332300320133033
200001020001020100103111203010010202030113111212121322231232133230032013313
200001020001020100103111203010010202030113111212121322231232133230032013322
200001020001020100103111203010010202030113111212121322231232133230032013323
200001020001020100103111203010010202030113111212121322231232133230032013333
200001020001020100103111203010010202030113111212121322231232133230032021
200001020001020100103111203010010202030113111212121322231232133230032022
200001020001020100103111203010010202030113111212121322231232133230032023
20000102000102010010311120301001020203011311121212132223123213323003203
2000010200010201001031112030100102020301131112121213222312321332300321
20000102000102010010311120301001020203011311121212132223123213323003223
2000010200010201001031112030100102020301131112121213222312321333
2000010200010201001031112030100102020301131112121213222312322
2000010200010201001031112030100102020301131112121213222312323
2000010200010201001031112030100102020301131112121213222313
2000010200010201001031112030100102020302
2000010200010201001031112030100102020303
20000102000102010010311120302
20000102000102010010311120303
20000102000102010010311120311
20000102000102010010311120312
20000102000102010010311120313
20000102000102010010311120321
20000102000102010010311120322
20000102000102010010311120323
2000010200010201001031112033
