10000
110
120
130
10100
1020
1030
1001
10020
10030
10001
10002
10003
111
112
113
121
122
123
131
132
133
10110
10120
10130
10101
10102
10103
1021
1022
1023
1031
1032
1033
10021
10022
10023
10031
10032
10033
10111
10112
10113
10121
10122
10123
10131
10132
10133
2000
2100
22
230
20100
2020
2030
2001
2002
2003
2110
2120
2130
2101
2102
2103
231
232
233
20110
20120
20130
20101
20102
20103
2021
2022
2023
2031
2032
2033
2111
2112
2113
2121
2122
2123
2131
2132
2133
20111
20112
20113
20121
20122
20123
20131
20132
20133
000
0100
020
030
00100
0020
0030
0110
0120
0130
0101
0102
0103
021
022
023
031
032
033
00110
00120
00130
00101
00102
00103
0021
0022
0023
0031
0032
0033
0111
0112
0113
0121
0122
0123
0131
0132
0133
00111
00112
00113
00121
00122
00123
00131
00132
00133
30000
310
320
330
30100
3020
3030
30010
30020
3003
30001
30002
30003
311
312
313
321
322
323
331
332
333
30110
30120
30130
30101
30102
30103
3021
3022
3023
3031
3032
3033
30011
30012
30013
30021
30022
30023
30111
30112
30113
30121
30122
30123
30131
30132
30133
