10000110201003011020120211130
10000110201003011020120211131
100001102010030110201202111322120
100001102010030110201202111322121
10000110201003011020120211132212233031302
10000110201003011020120211132212233031303223
100001102010030110201202111322122330313033
100001102010030110201202111322122330313123
1000011020100301102012021113221223303131321
1000011020100301102012021113221223303131322312
1000011020100301102012021113221223303131322313
100001102010030110201202111322122330313132232
1000011020100301102012021113221223303131322333
1000011020100301103
200010010021103011020120211130
200010010021103011020120211131
2000100100211030110201202111322120
2000100100211030110201202111322121
200010010021103011020120211132212233031302
200010010021103011020120211132212233031303223
2000100100211030110201202111322122330313033
2000100100211030110201202111322122330313123
20001001002110301102012021113221223303131322312
20001001002110301102012021113221223303131322313
2000100100211030110201202111322122330313132232
20001001002110301102012021113221223303131322333
20001001002110301103
000100100202011012021103022120
00010010020201101202110302212130
00010010020201101202110302212131
0001001002020110120211030221213233031303223
00010010020201101202110302212132330313033
00010010020201101202110302212132330313111
00010010020201101202110302212132330313112
00010010020201101202110302212132330313113
00010010020201101202110302212132330313122
00010010020201101202110302212132330313123
000100100202011012021103022121323303131321
00010010020201101202110302212132330313132231
00010010020201101202110302212132330313132232
000100100202011012021103022121323303131322333
00010010020201101202110303
30000101002011020120211031130
30000101002011020120211031131
300001010020110201202110311322120
300001010020110201202110311322121
30000101002011020120211031132212233031302
30000101002011020120211031132212233031303223
300001010020110201202110311322122330313033
300001010020110201202110311322122330313112
300001010020110201202110311322122330313113
300001010020110201202110311322122330313123
3000010100201102012021103113221223303131321
300001010020110201202110311322122330313132232
3000010100201102012021103113221223303131322333
3000010100201103
