0000000
010
020
0300
0010
0020
00300000
000100
00020
00030
00001000
0000200
000030
0000010
0000020
000003000
0000001
0000002
0000003
011
012
013
021
022
023
0310
0320
0330
0301
0302
0303
0011
0012
0013
0021
0022
0023
00310
00320
00330
003010
003020
003030
0030010
0030020
0030030
00300010
00300020
00300030
00300001
00300002
00300003
000110
0001200
000130
000101
000102
000103
00021
00022
00023
00031
00032
00033
0000110
0000120
0000130
00001010
00001020
00001030
00001001
00001002
00001003
0000210
0000220
0000230
0000201
0000202
0000203
000031
000032
000033
0000011
0000012
0000013
0000021
0000022
0000023
00000310
00000320
00000330
000003010
000003020
000003030
0000030010
0000030020
0000030030
0311
0312
0313
0321
0322
0323
0331
0332
0333
00311
00312
00313
00321
00322
00323
00331
00332
00333
003011
003012
003013
003021
003022
003023
003031
003032
003033
0030011
0030012
0030013
0030021
0030022
0030023
0030031
0030032
0030033
00300011
00300012
00300013
00300021
00300022
00300023
00300031
00300032
00300033
000111
000112
000113
0001210
0001220
0001230
0001201
0001202
0001203
000131
000132
000133
0000111
0000112
0000113
0000121
0000122
0000123
0000131
0000132
0000133
00001011
00001012
00001013
00001021
00001022
00001023
00001031
00001032
00001033
0000211
0000212
0000213
0000221
0000222
0000223
0000231
0000232
0000233
00000311
00000312
00000313
00000321
00000322
00000323
00000331
00000332
00000333
000003011
000003012
000003013
000003021
000003022
000003023
000003031
000003032
000003033
0000030011
0000030012
0000030013
0000030021
0000030022
0000030023
0000030031
0000030032
0000030033
0001211
0001212
0001213
0001221
0001222
0001223
0001231
0001232
0001233
2000000
2100
2200
230
2010
2020
2030000
200100
20020
20030
20001000
2000200
200030
2000010
2000020
2000030000
2000001
2000002
2000003
2110
2120
2130
2101
2102
2103
2210
2220
2230
2201
2202
2203
231
232
233
2011
2012
2013
2021
2022
2023
20310
20320
20330
203010
203020
203030
2030010
2030020
2030030
2030001
2030002
2030003
200110
2001200
200130
200101
200102
200103
20021
20022
20023
20031
20032
20033
2000110
2000120
2000130
20001010
20001020
20001030
20001001
20001002
20001003
2000210
2000220
2000230
2000201
2000202
2000203
200031
200032
200033
2000011
2000012
2000013
2000021
2000022
2000023
20000310
20000320
20000330
200003010
200003020
200003030
2000030010
200003002
2000030030
2000030001
2000030002
2000030003
2111
2112
2113
2121
2122
2123
2131
2132
2133
2211
2212
2213
2221
2222
2223
2231
2232
2233
20311
20312
20313
20321
20322
20323
20331
20332
20333
203011
203012
203013
203021
203022
203023
203031
203032
203033
2030011
2030012
2030013
2030021
2030022
2030023
2030031
2030032
2030033
200111
200112
200113
2001210
2001220
2001230
2001201
2001202
2001203
200131
200132
200133
2000111
2000112
2000113
2000121
2000122
2000123
2000131
2000132
2000133
20001011
20001012
20001013
20001021
20001022
20001023
20001031
20001032
20001033
2000211
2000212
2000213
2000221
2000222
2000223
2000231
2000232
2000233
20000311
20000312
20000313
20000321
20000322
20000323
20000331
20000332
20000333
200003011
200003012
200003013
200003021
200003022
200003023
200003031
200003032
200003033
2000030011
2000030012
2000030013
2000030031
2000030032
2000030033
2001211
2001212
2001213
2001221
2001222
2001223
2001231
2001232
2001233
1000000
1100
1200
130
1010
1020
1030000
100100
10020
10030
10001000
1000200
100030
1000010
1000020
1000030000
1000001
1000002
1000003
1110
1120
1130
1101
1102
1103
1210
1220
1230
1201
1202
1203
131
132
133
1011
1012
1013
1021
1022
1023
10310
10320
10330
103010
103020
103030
1030010
1030020
1030030
1030001
1030002
1030003
100110
1001200
100130
100101
100102
100103
10021
10022
10023
10031
10032
10033
1000110
1000120
1000130
10001010
10001020
10001030
10001001
10001002
10001003
1000210
1000220
1000230
1000201
1000202
1000203
100031
100032
100033
1000011
1000012
1000013
1000021
1000022
1000023
10000310
10000320
10000330
100003010
100003020
100003030
100003001
1000030020
1000030030
1000030001
1000030002
1000030003
1111
1112
1113
1121
1122
1123
1131
1132
1133
1211
1212
1213
1221
1222
1223
1231
1232
1233
10311
10312
10313
10321
10322
10323
10331
10332
10333
103011
103012
103013
103021
103022
103023
103031
103032
103033
1030011
1030012
1030013
1030021
1030022
1030023
1030031
1030032
1030033
100111
100112
100113
1001210
1001220
1001230
1001201
1001202
1001203
100131
100132
100133
1000111
1000112
1000113
1000121
1000122
1000123
1000131
1000132
1000133
10001011
10001012
10001013
10001021
10001022
10001023
10001031
10001032
10001033
1000211
1000212
1000213
1000221
1000222
1000223
1000231
1000232
1000233
10000311
10000312
10000313
10000321
10000322
10000323
10000331
10000332
10000333
100003011
100003012
100003013
100003021
100003022
100003023
100003031
100003032
100003033
1000030021
1000030022
1000030023
1000030031
1000030032
1000030033
1001211
1001212
1001213
1001221
1001222
1001223
1001231
1001232
1001233
300000000
3100
3200
330000
3010
30200
30300
30010
30020
300300
300010
300020
300030000
3000010
3000020
3000030
30000010
30000020
30000030
300000010
300000020
300000030
300000001
300000002
300000003
3110
3120
3130
3101
3102
3103
3210
3220
3230
3201
3202
3203
3310
3320
3330
33010
33020
33030
330010
330020
33003
330001
330002
330003
3011
3012
3013
30210
30220
30230
30201
30202
30203
30310
30320
30330
30301
30302
30303
30011
30012
30013
30021
30022
30023
300310
300320
300330
300301
300302
300303
300011
300012
300013
300021
300022
300023
3000310
3000320
3000330
30003010
30003020
30003030
300030010
300030020
300030030
300030001
300030002
300030003
3000011
3000012
3000013
3000021
3000022
3000023
3000031
3000032
3000033
30000011
30000012
30000013
30000021
30000022
30000023
30000031
30000032
30000033
300000011
300000012
300000013
300000021
300000022
300000023
300000031
300000032
300000033
3111
3112
3113
3121
3122
3123
3131
3132
3133
3211
3212
3213
3221
3222
3223
3231
3232
3233
3311
3312
3313
3321
3322
3323
3331
3332
3333
33011
33012
33013
33021
33022
33023
33031
33032
33033
330011
330012
330013
330021
330022
330023
30211
30212
30213
30221
30222
30223
30231
30232
30233
30311
30312
30313
30321
30322
30323
30331
30332
30333
300311
300312
300313
300321
300322
300323
300331
300332
300333
3000311
3000312
3000313
3000321
3000322
3000323
3000331
3000332
3000333
30003011
30003012
30003013
30003021
30003022
30003023
30003031
30003032
30003033
300030011
300030012
300030013
300030021
300030022
300030023
300030031
300030032
300030033
