1000000000
110
120
130
1010
1020
1030
10010
100200
100300
10001
100020
1000300
1000010
1000020
1000030
10000010
10000020
100000300
100000010
100000020
100000030
1000000010
1000000020
1000000030
1000000001
1000000002
1000000003
111
112
113
121
122
123
131
132
133
1011
1012
1013
1021
1022
1023
1031
1032
1033
10011
10012
10013
100210
100220
100230
100201
100202
100203
100310
100320
100330
100301
100302
100303
100021
100022
100023
1000310
1000320
1000330
1000301
1000302
1000303
1000011
1000012
1000013
1000021
1000022
1000023
1000031
1000032
1000033
10000011
10000012
10000013
10000021
10000022
10000023
100000310
100000320
100000330
100000301
100000302
100000303
100000011
100000012
100000013
100000021
100000022
100000023
100000031
100000032
100000033
1000000011
1000000012
1000000013
1000000021
1000000022
1000000023
1000000031
1000000032
1000000033
100211
100212
100213
100221
100222
100223
100231
100232
100233
100311
100312
100313
100321
100322
100323
100331
100332
100333
1000311
1000312
1000313
1000321
1000322
1000323
1000331
1000332
1000333
100000311
100000312
100000313
100000321
100000322
100000323
100000331
100000332
100000333
00000000
0100
0200
030
0010
00200
00300
00010
00020
00030
000010
000020
000030
0000010
0000020
0000030
00000010
00000020
00000030
000000010
000000020
0000000300
0110
0120
0130
0101
0102
0103
0210
0220
0230
0201
0202
0203
031
032
033
0011
0012
0013
00210
00220
00230
00201
00202
00203
00310
00320
00330
00301
00302
00303
00011
00012
00013
00021
00022
00023
00031
00032
00033
000011
000012
000013
000021
000022
000023
000031
000032
000033
0000011
0000012
0000013
0000021
0000022
0000023
0000031
0000032
0000033
00000011
00000012
00000013
00000021
00000022
00000023
00000031
00000032
00000033
000000011
000000012
000000013
000000021
000000022
000000023
0000000310
0000000320
0000000330
0000000301
0000000302
0000000303
0111
0112
0113
0121
0122
0123
0131
0132
0133
0211
0212
0213
0221
0222
0223
0231
0232
0233
00211
00212
00213
00221
00222
00223
00231
00232
00233
00311
00312
00313
00321
00322
00323
00331
00332
00333
0000000311
0000000312
0000000313
0000000321
0000000322
0000000323
0000000331
0000000332
0000000333
2000000000
2100
220
230
2010
2020
2030
20010
20020
20030
200010
2000200
200030
2000010
200002
20000300
20000010
20000020
20000030
200000010
200000020
2000000300
2000000010
2000000020
2000000030
2000000001
2000000002
2000000003
2110
2120
2130
2101
2102
2103
221
222
223
231
232
233
2011
2012
2013
2021
2022
2023
2031
2032
2033
20011
20012
20013
20021
20022
20023
20031
20032
20033
200011
200012
200013
2000210
2000220
2000230
2000201
2000202
2000203
200031
200032
200033
2000011
2000012
2000013
20000310
20000320
20000330
20000301
20000302
20000303
20000011
20000012
20000013
20000021
20000022
20000023
20000031
20000032
20000033
200000011
200000012
200000013
200000021
200000022
200000023
2000000310
2000000320
2000000330
2000000301
2000000302
2000000303
2000000011
2000000012
2000000013
2000000021
2000000022
2000000023
2000000031
2000000032
2000000033
2111
2112
2113
2121
2122
2123
2131
2132
2133
2000211
2000212
2000213
2000221
2000222
2000223
2000231
2000232
2000233
20000311
20000312
20000313
20000321
20000322
20000323
20000331
20000332
20000333
2000000311
2000000312
2000000313
2000000321
2000000322
2000000323
2000000331
2000000332
2000000333
3000000000
310
3200
330
3010
3020
3030
30010
300200
30030
3000100
300020
30003
3000010
3000020
3000030
30000010
30000020
300000300
300000010
300000020
300000030
3000000010
3000000020
3000000030
3000000001
3000000002
3000000003
311
312
313
3210
3220
3230
3201
3202
3203
331
332
333
3011
3012
3013
3021
3022
3023
3031
3032
3033
30011
30012
30013
300210
300220
300230
300201
300202
300203
30031
30032
30033
3000110
3000120
3000130
3000101
3000102
3000103
300021
300022
300023
3000011
3000012
3000013
3000021
3000022
3000023
3000031
3000032
3000033
30000011
30000012
30000013
30000021
30000022
30000023
300000310
300000320
300000330
300000301
300000302
300000303
300000011
300000012
300000013
300000021
300000022
300000023
300000031
300000032
300000033
3000000011
3000000012
3000000013
3000000021
3000000022
3000000023
3000000031
3000000032
3000000033
3211
3212
3213
3221
3222
3223
3231
3232
3233
300211
300212
300213
300221
300222
300223
300231
300232
300233
3000111
3000112
3000113
3000121
3000122
3000123
3000131
3000132
3000133
300000311
300000312
300000313
300000321
300000322
300000323
300000331
300000332
300000333
