0000100010020201101012030110
00001000100202011010120301113020
00001000100202011010120301113021
00001000100202011010120301113022120231122
000010001002020110101203011130221202311230312102
00001000100202011010120301113022120231123031210321113302
00001000100202011010120301113022120231123031210321113303
000010001002020110101203011130221202311230312103211133120
000010001002020110101203011130221202311230312103211133121
000010001002020110101203011130221202311230312103211133122
000010001002020110101203011130221202311230312103211133123
000010001002020110101203011130221202311230312103211133130
000010001002020110101203011130221202311230312103211133131
0000100010020201101012030111302212023112303121032111331321
0000100010020201101012030111302212023112303121032111331322
0000100010020201101012030111302212023112303121032111331323
000010001002020110101203011130221202311230312103211133133130
000010001002020110101203011130221202311230312103211133133131
000010001002020110101203011130221202311230312103211133133132
00001000100202011010120301113022120231123031210321113313313322
0000100010020201101012030111302212023112303121032111331331332332
0000100010020201101012030111302212023112303121032111331331332333
00001000100202011010120301113022120231123031210321122
00001000100202011010120301113022120231123031210321123
0000100010020201101012030111302212023112303121032113
00001000100202011010120301113022120231123032
00001000100202011010120301113022120231123033
000010001002020110101203011130221203
0000100010020201101012030111302213
00001000100203
100010020001011002012030102110
1000100200010110020120301021113020
1000100200010110020120301021113021
10001002000101100201203010211130222311230312012113211220
10001002000101100201203010211130222311230312012113211221
10001002000101100201203010211130222311230312012113211222
10001002000101100201203010211130222311230312012113211223302
10001002000101100201203010211130222311230312012113211223303
10001002000101100201203010211130222311230312012113211223312
100010020001011002012030102111302223112303120121132112233130
100010020001011002012030102111302223112303120121132112233131
1000100200010110020120301021113022231123031201211321122331321
1000100200010110020120301021113022231123031201211321122331322
1000100200010110020120301021113022231123031201211321122331323
100010020001011002012030102111302223112303120121132112233133130
100010020001011002012030102111302223112303120121132112233133131
100010020001011002012030102111302223112303120121132112233133132
10001002000101100201203010211130222311230312012113211223313313322
1000100200010110020120301021113022231123031201211321122331331332332
1000100200010110020120301021113022231123031201211321122331331332333
1000100200010110020120301021113022231123031201211321123
100010020001011002012030102111302223112303120121132113
10001002000101100201203010211130222311230312013
1000100200010110020120301021113022231123031202
10001002000101100201203010211130222311230312032
10001002000101100201203010211130222311230312033
100010020001011002012030103
100010020001011003
300010110000100202021012030110
3000101100001002020210120301113020
3000101100001002020210120301113021
30001011000010020202101203011130222311230312012102
3000101100001002020210120301113022231123031201210321113303
30001011000010020202101203011130222311230312012103211133120
30001011000010020202101203011130222311230312012103211133121
30001011000010020202101203011130222311230312012103211133122
30001011000010020202101203011130222311230312012103211133123
30001011000010020202101203011130222311230312012103211133131
300010110000100202021012030111302223112303120121032111331321
300010110000100202021012030111302223112303120121032111331322
300010110000100202021012030111302223112303120121032111331323
30001011000010020202101203011130222311230312012103211133133130
30001011000010020202101203011130222311230312012103211133133131
30001011000010020202101203011130222311230312012103211133133132
3000101100001002020210120301113022231123031201210321113313313322
300010110000100202021012030111302223112303120121032111331331332332
300010110000100202021012030111302223112303120121032111331331332333
3000101100001002020210120301113022231123031201210321122
3000101100001002020210120301113022231123031201210321123
300010110000100202021012030111302223112303120121032113
30001011000010020202101203011130222311230312013
3000101100001002020210120301113022231123031202
30001011000010020202101203011130222311230312032
30001011000010020202101203011130222311230312033
300010110000100203
20010020001003010110020120
200100200010030101100201213020
200100200010030101100201213021
200100200010030101100201213022110
200100200010030101100201213022111
20010020001003010110020121302211223113211023031201211
2001002000100301011002012130221122311321102303120121221
2001002000100301011002012130221122311321102303120121222
2001002000100301011002012130221122311321102303120121223302
2001002000100301011002012130221122311321102303120121223303
2001002000100301011002012130221122311321102303120121223312
20010020001003010110020121302211223113211023031201212233130
20010020001003010110020121302211223113211023031201212233131
200100200010030101100201213022112231132110230312012122331322
200100200010030101100201213022112231132110230312012122331323
20010020001003010110020121302211223113211023031201212233133130
20010020001003010110020121302211223113211023031201212233133131
20010020001003010110020121302211223113211023031201212233133132
2001002000100301011002012130221122311321102303120121223313313322
200100200010030101100201213022112231132110230312012122331331332332
200100200010030101100201213022112231132110230312012122331331332333
200100200010030101100201213022112231132110230312012123
20010020001003010110020121302211223113211023031201213
200100200010030101100201213022112231132110230312013
20010020001003010110020121302211223113211023031202
200100200010030101100201213022112231132110230312032
200100200010030101100201213022112231132110230312033
2001002000100301011002012130221122311321103
2001002000100301011003
