0,14,15,10,3,5,9,2,7,1,4,7
0,0
0,7
0,3
0,14,5
0,14,0
0,14,15,6,6
0,14,15,3
0,14,15,15
0,14,15,10,4
0,14,15,10,8,15
0,14,15,10,5
0,14,15,10,3,12,4
0,14,15,10,3,10
0,14,15,10,3,5,2
0,14,15,10,3,5,14
0,14,15,10,3,5,3
0,14,15,10,3,5,9,14
0,14,15,10,3,5,9,5
0,14,15,10,3,5,9,10
0,14,15,10,3,5,9,2,11
0,14,15,10,3,5,9,2,13
0,14,15,10,3,5,9,2,7,11
0,14,15,10,3,5,9,2,7,2
0,14,15,10,3,5,9,2,7,9
0,14,15,10,3,5,9,2,7,1,9
0,14,15,10,3,5,9,2,7,1,14
0,14,15,10,3,5,9,2,7,1,4,13
0,14,15,10,3,5,9,2,7,1,4,11
0,14,13,9
0,14,13,3
0,14,13,11,0
0,14,13,11,10
0,14,15,6,14
0,14,15,6,13
0,14,15,6,15
0,14,15,10,8,14
0,14,15,10,8,11
0,14,15,10,3,12,8
0,14,15,10,3,12,14
0,14,15,10,3,12,5
